/*--------------------------------*- C++ -*----------------------------------*\
  =========                 |
  \\      /  F ield         | OpenFOAM: The Open Source CFD Toolbox
   \\    /   O peration     | Website:  https://openfoam.org
    \\  /    A nd           | Version:  7
     \\/     M anipulation  |
\*---------------------------------------------------------------------------*/
FoamFile
{
    version     2.0;
    format      ascii;
    class       faceList;
    location    "constant/filmRegion/polyMesh";
    object      faces;
}
// * * * * * * * * * * * * * * * * * * * * * * * * * * * * * * * * * * * * * //


1640
(
4(2 3 444 443)
4(1 2 443 442)
4(4 5 446 445)
4(2 4 445 443)
4(6 7 448 447)
4(4 6 447 445)
4(8 9 450 449)
4(6 8 449 447)
4(10 11 452 451)
4(8 10 451 449)
4(12 13 454 453)
4(10 12 453 451)
4(14 15 456 455)
4(12 14 455 453)
4(16 17 458 457)
4(14 16 457 455)
4(18 19 460 459)
4(16 18 459 457)
4(20 21 462 461)
4(18 20 461 459)
4(22 23 464 463)
4(20 22 463 461)
4(24 25 466 465)
4(22 24 465 463)
4(26 27 468 467)
4(24 26 467 465)
4(28 29 470 469)
4(26 28 469 467)
4(30 31 472 471)
4(28 30 471 469)
4(32 33 474 473)
4(30 32 473 471)
4(34 35 476 475)
4(32 34 475 473)
4(36 37 478 477)
4(34 36 477 475)
4(38 39 480 479)
4(36 38 479 477)
4(38 40 481 479)
4(43 2 443 484)
4(42 43 484 483)
4(44 4 445 485)
4(43 44 485 484)
4(45 6 447 486)
4(44 45 486 485)
4(46 8 449 487)
4(45 46 487 486)
4(47 10 451 488)
4(46 47 488 487)
4(48 12 453 489)
4(47 48 489 488)
4(49 14 455 490)
4(48 49 490 489)
4(50 16 457 491)
4(49 50 491 490)
4(51 18 459 492)
4(50 51 492 491)
4(52 20 461 493)
4(51 52 493 492)
4(53 22 463 494)
4(52 53 494 493)
4(54 24 465 495)
4(53 54 495 494)
4(55 26 467 496)
4(54 55 496 495)
4(56 28 469 497)
4(55 56 497 496)
4(57 30 471 498)
4(56 57 498 497)
4(58 32 473 499)
4(57 58 499 498)
4(59 34 475 500)
4(58 59 500 499)
4(60 36 477 501)
4(59 60 501 500)
4(61 38 479 502)
4(60 61 502 501)
4(61 62 503 502)
4(64 43 484 505)
4(63 64 505 504)
4(65 44 485 506)
4(64 65 506 505)
4(66 45 486 507)
4(65 66 507 506)
4(67 46 487 508)
4(66 67 508 507)
4(68 47 488 509)
4(67 68 509 508)
4(69 48 489 510)
4(68 69 510 509)
4(70 49 490 511)
4(69 70 511 510)
4(71 50 491 512)
4(70 71 512 511)
4(72 51 492 513)
4(71 72 513 512)
4(73 52 493 514)
4(72 73 514 513)
4(74 53 494 515)
4(73 74 515 514)
4(75 54 495 516)
4(74 75 516 515)
4(76 55 496 517)
4(75 76 517 516)
4(77 56 497 518)
4(76 77 518 517)
4(78 57 498 519)
4(77 78 519 518)
4(79 58 499 520)
4(78 79 520 519)
4(80 59 500 521)
4(79 80 521 520)
4(81 60 501 522)
4(80 81 522 521)
4(82 61 502 523)
4(81 82 523 522)
4(82 83 524 523)
4(85 64 505 526)
4(84 85 526 525)
4(86 65 506 527)
4(85 86 527 526)
4(87 66 507 528)
4(86 87 528 527)
4(88 67 508 529)
4(87 88 529 528)
4(89 68 509 530)
4(88 89 530 529)
4(90 69 510 531)
4(89 90 531 530)
4(91 70 511 532)
4(90 91 532 531)
4(92 71 512 533)
4(91 92 533 532)
4(93 72 513 534)
4(92 93 534 533)
4(94 73 514 535)
4(93 94 535 534)
4(95 74 515 536)
4(94 95 536 535)
4(96 75 516 537)
4(95 96 537 536)
4(97 76 517 538)
4(96 97 538 537)
4(98 77 518 539)
4(97 98 539 538)
4(99 78 519 540)
4(98 99 540 539)
4(100 79 520 541)
4(99 100 541 540)
4(101 80 521 542)
4(100 101 542 541)
4(102 81 522 543)
4(101 102 543 542)
4(103 82 523 544)
4(102 103 544 543)
4(103 104 545 544)
4(106 85 526 547)
4(105 106 547 546)
4(107 86 527 548)
4(106 107 548 547)
4(108 87 528 549)
4(107 108 549 548)
4(109 88 529 550)
4(108 109 550 549)
4(110 89 530 551)
4(109 110 551 550)
4(111 90 531 552)
4(110 111 552 551)
4(112 91 532 553)
4(111 112 553 552)
4(113 92 533 554)
4(112 113 554 553)
4(114 93 534 555)
4(113 114 555 554)
4(115 94 535 556)
4(114 115 556 555)
4(116 95 536 557)
4(115 116 557 556)
4(117 96 537 558)
4(116 117 558 557)
4(118 97 538 559)
4(117 118 559 558)
4(119 98 539 560)
4(118 119 560 559)
4(120 99 540 561)
4(119 120 561 560)
4(121 100 541 562)
4(120 121 562 561)
4(122 101 542 563)
4(121 122 563 562)
4(123 102 543 564)
4(122 123 564 563)
4(124 103 544 565)
4(123 124 565 564)
4(124 125 566 565)
4(127 106 547 568)
4(126 127 568 567)
4(128 107 548 569)
4(127 128 569 568)
4(129 108 549 570)
4(128 129 570 569)
4(130 109 550 571)
4(129 130 571 570)
4(131 110 551 572)
4(130 131 572 571)
4(132 111 552 573)
4(131 132 573 572)
4(133 112 553 574)
4(132 133 574 573)
4(134 113 554 575)
4(133 134 575 574)
4(135 114 555 576)
4(134 135 576 575)
4(136 115 556 577)
4(135 136 577 576)
4(137 116 557 578)
4(136 137 578 577)
4(138 117 558 579)
4(137 138 579 578)
4(139 118 559 580)
4(138 139 580 579)
4(140 119 560 581)
4(139 140 581 580)
4(141 120 561 582)
4(140 141 582 581)
4(142 121 562 583)
4(141 142 583 582)
4(143 122 563 584)
4(142 143 584 583)
4(144 123 564 585)
4(143 144 585 584)
4(145 124 565 586)
4(144 145 586 585)
4(145 146 587 586)
4(148 127 568 589)
4(147 148 589 588)
4(149 128 569 590)
4(148 149 590 589)
4(150 129 570 591)
4(149 150 591 590)
4(151 130 571 592)
4(150 151 592 591)
4(152 131 572 593)
4(151 152 593 592)
4(153 132 573 594)
4(152 153 594 593)
4(154 133 574 595)
4(153 154 595 594)
4(155 134 575 596)
4(154 155 596 595)
4(156 135 576 597)
4(155 156 597 596)
4(157 136 577 598)
4(156 157 598 597)
4(158 137 578 599)
4(157 158 599 598)
4(159 138 579 600)
4(158 159 600 599)
4(160 139 580 601)
4(159 160 601 600)
4(161 140 581 602)
4(160 161 602 601)
4(162 141 582 603)
4(161 162 603 602)
4(163 142 583 604)
4(162 163 604 603)
4(164 143 584 605)
4(163 164 605 604)
4(165 144 585 606)
4(164 165 606 605)
4(166 145 586 607)
4(165 166 607 606)
4(166 167 608 607)
4(169 148 589 610)
4(168 169 610 609)
4(170 149 590 611)
4(169 170 611 610)
4(171 150 591 612)
4(170 171 612 611)
4(172 151 592 613)
4(171 172 613 612)
4(173 152 593 614)
4(172 173 614 613)
4(174 153 594 615)
4(173 174 615 614)
4(175 154 595 616)
4(174 175 616 615)
4(176 155 596 617)
4(175 176 617 616)
4(177 156 597 618)
4(176 177 618 617)
4(178 157 598 619)
4(177 178 619 618)
4(179 158 599 620)
4(178 179 620 619)
4(180 159 600 621)
4(179 180 621 620)
4(181 160 601 622)
4(180 181 622 621)
4(182 161 602 623)
4(181 182 623 622)
4(183 162 603 624)
4(182 183 624 623)
4(184 163 604 625)
4(183 184 625 624)
4(185 164 605 626)
4(184 185 626 625)
4(186 165 606 627)
4(185 186 627 626)
4(187 166 607 628)
4(186 187 628 627)
4(187 188 629 628)
4(190 169 610 631)
4(189 190 631 630)
4(191 170 611 632)
4(190 191 632 631)
4(192 171 612 633)
4(191 192 633 632)
4(193 172 613 634)
4(192 193 634 633)
4(194 173 614 635)
4(193 194 635 634)
4(195 174 615 636)
4(194 195 636 635)
4(196 175 616 637)
4(195 196 637 636)
4(197 176 617 638)
4(196 197 638 637)
4(198 177 618 639)
4(197 198 639 638)
4(199 178 619 640)
4(198 199 640 639)
4(200 179 620 641)
4(199 200 641 640)
4(201 180 621 642)
4(200 201 642 641)
4(202 181 622 643)
4(201 202 643 642)
4(203 182 623 644)
4(202 203 644 643)
4(204 183 624 645)
4(203 204 645 644)
4(205 184 625 646)
4(204 205 646 645)
4(206 185 626 647)
4(205 206 647 646)
4(207 186 627 648)
4(206 207 648 647)
4(208 187 628 649)
4(207 208 649 648)
4(208 209 650 649)
4(211 190 631 652)
4(210 211 652 651)
4(212 191 632 653)
4(211 212 653 652)
4(213 192 633 654)
4(212 213 654 653)
4(214 193 634 655)
4(213 214 655 654)
4(215 194 635 656)
4(214 215 656 655)
4(216 195 636 657)
4(215 216 657 656)
4(217 196 637 658)
4(216 217 658 657)
4(218 197 638 659)
4(217 218 659 658)
4(219 198 639 660)
4(218 219 660 659)
4(220 199 640 661)
4(219 220 661 660)
4(221 200 641 662)
4(220 221 662 661)
4(222 201 642 663)
4(221 222 663 662)
4(223 202 643 664)
4(222 223 664 663)
4(224 203 644 665)
4(223 224 665 664)
4(225 204 645 666)
4(224 225 666 665)
4(226 205 646 667)
4(225 226 667 666)
4(227 206 647 668)
4(226 227 668 667)
4(228 207 648 669)
4(227 228 669 668)
4(229 208 649 670)
4(228 229 670 669)
4(229 230 671 670)
4(232 211 652 673)
4(231 232 673 672)
4(233 212 653 674)
4(232 233 674 673)
4(234 213 654 675)
4(233 234 675 674)
4(235 214 655 676)
4(234 235 676 675)
4(236 215 656 677)
4(235 236 677 676)
4(237 216 657 678)
4(236 237 678 677)
4(238 217 658 679)
4(237 238 679 678)
4(239 218 659 680)
4(238 239 680 679)
4(240 219 660 681)
4(239 240 681 680)
4(241 220 661 682)
4(240 241 682 681)
4(242 221 662 683)
4(241 242 683 682)
4(243 222 663 684)
4(242 243 684 683)
4(244 223 664 685)
4(243 244 685 684)
4(245 224 665 686)
4(244 245 686 685)
4(246 225 666 687)
4(245 246 687 686)
4(247 226 667 688)
4(246 247 688 687)
4(248 227 668 689)
4(247 248 689 688)
4(249 228 669 690)
4(248 249 690 689)
4(250 229 670 691)
4(249 250 691 690)
4(250 251 692 691)
4(253 232 673 694)
4(252 253 694 693)
4(254 233 674 695)
4(253 254 695 694)
4(255 234 675 696)
4(254 255 696 695)
4(256 235 676 697)
4(255 256 697 696)
4(257 236 677 698)
4(256 257 698 697)
4(258 237 678 699)
4(257 258 699 698)
4(259 238 679 700)
4(258 259 700 699)
4(260 239 680 701)
4(259 260 701 700)
4(261 240 681 702)
4(260 261 702 701)
4(262 241 682 703)
4(261 262 703 702)
4(263 242 683 704)
4(262 263 704 703)
4(264 243 684 705)
4(263 264 705 704)
4(265 244 685 706)
4(264 265 706 705)
4(266 245 686 707)
4(265 266 707 706)
4(267 246 687 708)
4(266 267 708 707)
4(268 247 688 709)
4(267 268 709 708)
4(269 248 689 710)
4(268 269 710 709)
4(270 249 690 711)
4(269 270 711 710)
4(271 250 691 712)
4(270 271 712 711)
4(271 272 713 712)
4(274 253 694 715)
4(273 274 715 714)
4(275 254 695 716)
4(274 275 716 715)
4(276 255 696 717)
4(275 276 717 716)
4(277 256 697 718)
4(276 277 718 717)
4(278 257 698 719)
4(277 278 719 718)
4(279 258 699 720)
4(278 279 720 719)
4(280 259 700 721)
4(279 280 721 720)
4(281 260 701 722)
4(280 281 722 721)
4(282 261 702 723)
4(281 282 723 722)
4(283 262 703 724)
4(282 283 724 723)
4(284 263 704 725)
4(283 284 725 724)
4(285 264 705 726)
4(284 285 726 725)
4(286 265 706 727)
4(285 286 727 726)
4(287 266 707 728)
4(286 287 728 727)
4(288 267 708 729)
4(287 288 729 728)
4(289 268 709 730)
4(288 289 730 729)
4(290 269 710 731)
4(289 290 731 730)
4(291 270 711 732)
4(290 291 732 731)
4(292 271 712 733)
4(291 292 733 732)
4(292 293 734 733)
4(295 274 715 736)
4(294 295 736 735)
4(296 275 716 737)
4(295 296 737 736)
4(297 276 717 738)
4(296 297 738 737)
4(298 277 718 739)
4(297 298 739 738)
4(299 278 719 740)
4(298 299 740 739)
4(300 279 720 741)
4(299 300 741 740)
4(301 280 721 742)
4(300 301 742 741)
4(302 281 722 743)
4(301 302 743 742)
4(303 282 723 744)
4(302 303 744 743)
4(304 283 724 745)
4(303 304 745 744)
4(305 284 725 746)
4(304 305 746 745)
4(306 285 726 747)
4(305 306 747 746)
4(307 286 727 748)
4(306 307 748 747)
4(308 287 728 749)
4(307 308 749 748)
4(309 288 729 750)
4(308 309 750 749)
4(310 289 730 751)
4(309 310 751 750)
4(311 290 731 752)
4(310 311 752 751)
4(312 291 732 753)
4(311 312 753 752)
4(313 292 733 754)
4(312 313 754 753)
4(313 314 755 754)
4(316 295 736 757)
4(315 316 757 756)
4(317 296 737 758)
4(316 317 758 757)
4(318 297 738 759)
4(317 318 759 758)
4(319 298 739 760)
4(318 319 760 759)
4(320 299 740 761)
4(319 320 761 760)
4(321 300 741 762)
4(320 321 762 761)
4(322 301 742 763)
4(321 322 763 762)
4(323 302 743 764)
4(322 323 764 763)
4(324 303 744 765)
4(323 324 765 764)
4(325 304 745 766)
4(324 325 766 765)
4(326 305 746 767)
4(325 326 767 766)
4(327 306 747 768)
4(326 327 768 767)
4(328 307 748 769)
4(327 328 769 768)
4(329 308 749 770)
4(328 329 770 769)
4(330 309 750 771)
4(329 330 771 770)
4(331 310 751 772)
4(330 331 772 771)
4(332 311 752 773)
4(331 332 773 772)
4(333 312 753 774)
4(332 333 774 773)
4(334 313 754 775)
4(333 334 775 774)
4(334 335 776 775)
4(337 316 757 778)
4(336 337 778 777)
4(338 317 758 779)
4(337 338 779 778)
4(339 318 759 780)
4(338 339 780 779)
4(340 319 760 781)
4(339 340 781 780)
4(341 320 761 782)
4(340 341 782 781)
4(342 321 762 783)
4(341 342 783 782)
4(343 322 763 784)
4(342 343 784 783)
4(344 323 764 785)
4(343 344 785 784)
4(345 324 765 786)
4(344 345 786 785)
4(346 325 766 787)
4(345 346 787 786)
4(347 326 767 788)
4(346 347 788 787)
4(348 327 768 789)
4(347 348 789 788)
4(349 328 769 790)
4(348 349 790 789)
4(350 329 770 791)
4(349 350 791 790)
4(351 330 771 792)
4(350 351 792 791)
4(352 331 772 793)
4(351 352 793 792)
4(353 332 773 794)
4(352 353 794 793)
4(354 333 774 795)
4(353 354 795 794)
4(355 334 775 796)
4(354 355 796 795)
4(355 356 797 796)
4(358 337 778 799)
4(357 358 799 798)
4(359 338 779 800)
4(358 359 800 799)
4(360 339 780 801)
4(359 360 801 800)
4(361 340 781 802)
4(360 361 802 801)
4(362 341 782 803)
4(361 362 803 802)
4(363 342 783 804)
4(362 363 804 803)
4(364 343 784 805)
4(363 364 805 804)
4(365 344 785 806)
4(364 365 806 805)
4(366 345 786 807)
4(365 366 807 806)
4(367 346 787 808)
4(366 367 808 807)
4(368 347 788 809)
4(367 368 809 808)
4(369 348 789 810)
4(368 369 810 809)
4(370 349 790 811)
4(369 370 811 810)
4(371 350 791 812)
4(370 371 812 811)
4(372 351 792 813)
4(371 372 813 812)
4(373 352 793 814)
4(372 373 814 813)
4(374 353 794 815)
4(373 374 815 814)
4(375 354 795 816)
4(374 375 816 815)
4(376 355 796 817)
4(375 376 817 816)
4(376 377 818 817)
4(379 358 799 820)
4(378 379 820 819)
4(380 359 800 821)
4(379 380 821 820)
4(381 360 801 822)
4(380 381 822 821)
4(382 361 802 823)
4(381 382 823 822)
4(383 362 803 824)
4(382 383 824 823)
4(384 363 804 825)
4(383 384 825 824)
4(385 364 805 826)
4(384 385 826 825)
4(386 365 806 827)
4(385 386 827 826)
4(387 366 807 828)
4(386 387 828 827)
4(388 367 808 829)
4(387 388 829 828)
4(389 368 809 830)
4(388 389 830 829)
4(390 369 810 831)
4(389 390 831 830)
4(391 370 811 832)
4(390 391 832 831)
4(392 371 812 833)
4(391 392 833 832)
4(393 372 813 834)
4(392 393 834 833)
4(394 373 814 835)
4(393 394 835 834)
4(395 374 815 836)
4(394 395 836 835)
4(396 375 816 837)
4(395 396 837 836)
4(397 376 817 838)
4(396 397 838 837)
4(397 398 839 838)
4(400 379 820 841)
4(399 400 841 840)
4(401 380 821 842)
4(400 401 842 841)
4(402 381 822 843)
4(401 402 843 842)
4(403 382 823 844)
4(402 403 844 843)
4(404 383 824 845)
4(403 404 845 844)
4(405 384 825 846)
4(404 405 846 845)
4(406 385 826 847)
4(405 406 847 846)
4(407 386 827 848)
4(406 407 848 847)
4(408 387 828 849)
4(407 408 849 848)
4(409 388 829 850)
4(408 409 850 849)
4(410 389 830 851)
4(409 410 851 850)
4(411 390 831 852)
4(410 411 852 851)
4(412 391 832 853)
4(411 412 853 852)
4(413 392 833 854)
4(412 413 854 853)
4(414 393 834 855)
4(413 414 855 854)
4(415 394 835 856)
4(414 415 856 855)
4(416 395 836 857)
4(415 416 857 856)
4(417 396 837 858)
4(416 417 858 857)
4(418 397 838 859)
4(417 418 859 858)
4(418 419 860 859)
4(421 400 841 862)
4(422 401 842 863)
4(423 402 843 864)
4(424 403 844 865)
4(425 404 845 866)
4(426 405 846 867)
4(427 406 847 868)
4(428 407 848 869)
4(429 408 849 870)
4(430 409 850 871)
4(431 410 851 872)
4(432 411 852 873)
4(433 412 853 874)
4(434 413 854 875)
4(435 414 855 876)
4(436 415 856 877)
4(437 416 857 878)
4(438 417 858 879)
4(439 418 859 880)
4(3 0 441 444)
4(5 3 444 446)
4(7 5 446 448)
4(9 7 448 450)
4(11 9 450 452)
4(13 11 452 454)
4(15 13 454 456)
4(17 15 456 458)
4(19 17 458 460)
4(21 19 460 462)
4(23 21 462 464)
4(25 23 464 466)
4(27 25 466 468)
4(29 27 468 470)
4(31 29 470 472)
4(33 31 472 474)
4(35 33 474 476)
4(37 35 476 478)
4(39 37 478 480)
4(41 39 480 482)
4(420 421 862 861)
4(421 422 863 862)
4(422 423 864 863)
4(423 424 865 864)
4(424 425 866 865)
4(425 426 867 866)
4(426 427 868 867)
4(427 428 869 868)
4(428 429 870 869)
4(429 430 871 870)
4(430 431 872 871)
4(431 432 873 872)
4(432 433 874 873)
4(433 434 875 874)
4(434 435 876 875)
4(435 436 877 876)
4(436 437 878 877)
4(437 438 879 878)
4(438 439 880 879)
4(439 440 881 880)
4(441 442 443 444)
4(444 443 445 446)
4(446 445 447 448)
4(448 447 449 450)
4(450 449 451 452)
4(452 451 453 454)
4(454 453 455 456)
4(456 455 457 458)
4(458 457 459 460)
4(460 459 461 462)
4(462 461 463 464)
4(464 463 465 466)
4(466 465 467 468)
4(468 467 469 470)
4(470 469 471 472)
4(472 471 473 474)
4(474 473 475 476)
4(476 475 477 478)
4(478 477 479 480)
4(480 479 481 482)
4(442 483 484 443)
4(443 484 485 445)
4(445 485 486 447)
4(447 486 487 449)
4(449 487 488 451)
4(451 488 489 453)
4(453 489 490 455)
4(455 490 491 457)
4(457 491 492 459)
4(459 492 493 461)
4(461 493 494 463)
4(463 494 495 465)
4(465 495 496 467)
4(467 496 497 469)
4(469 497 498 471)
4(471 498 499 473)
4(473 499 500 475)
4(475 500 501 477)
4(477 501 502 479)
4(479 502 503 481)
4(483 504 505 484)
4(484 505 506 485)
4(485 506 507 486)
4(486 507 508 487)
4(487 508 509 488)
4(488 509 510 489)
4(489 510 511 490)
4(490 511 512 491)
4(491 512 513 492)
4(492 513 514 493)
4(493 514 515 494)
4(494 515 516 495)
4(495 516 517 496)
4(496 517 518 497)
4(497 518 519 498)
4(498 519 520 499)
4(499 520 521 500)
4(500 521 522 501)
4(501 522 523 502)
4(502 523 524 503)
4(504 525 526 505)
4(505 526 527 506)
4(506 527 528 507)
4(507 528 529 508)
4(508 529 530 509)
4(509 530 531 510)
4(510 531 532 511)
4(511 532 533 512)
4(512 533 534 513)
4(513 534 535 514)
4(514 535 536 515)
4(515 536 537 516)
4(516 537 538 517)
4(517 538 539 518)
4(518 539 540 519)
4(519 540 541 520)
4(520 541 542 521)
4(521 542 543 522)
4(522 543 544 523)
4(523 544 545 524)
4(525 546 547 526)
4(526 547 548 527)
4(527 548 549 528)
4(528 549 550 529)
4(529 550 551 530)
4(530 551 552 531)
4(531 552 553 532)
4(532 553 554 533)
4(533 554 555 534)
4(534 555 556 535)
4(535 556 557 536)
4(536 557 558 537)
4(537 558 559 538)
4(538 559 560 539)
4(539 560 561 540)
4(540 561 562 541)
4(541 562 563 542)
4(542 563 564 543)
4(543 564 565 544)
4(544 565 566 545)
4(546 567 568 547)
4(547 568 569 548)
4(548 569 570 549)
4(549 570 571 550)
4(550 571 572 551)
4(551 572 573 552)
4(552 573 574 553)
4(553 574 575 554)
4(554 575 576 555)
4(555 576 577 556)
4(556 577 578 557)
4(557 578 579 558)
4(558 579 580 559)
4(559 580 581 560)
4(560 581 582 561)
4(561 582 583 562)
4(562 583 584 563)
4(563 584 585 564)
4(564 585 586 565)
4(565 586 587 566)
4(567 588 589 568)
4(568 589 590 569)
4(569 590 591 570)
4(570 591 592 571)
4(571 592 593 572)
4(572 593 594 573)
4(573 594 595 574)
4(574 595 596 575)
4(575 596 597 576)
4(576 597 598 577)
4(577 598 599 578)
4(578 599 600 579)
4(579 600 601 580)
4(580 601 602 581)
4(581 602 603 582)
4(582 603 604 583)
4(583 604 605 584)
4(584 605 606 585)
4(585 606 607 586)
4(586 607 608 587)
4(588 609 610 589)
4(589 610 611 590)
4(590 611 612 591)
4(591 612 613 592)
4(592 613 614 593)
4(593 614 615 594)
4(594 615 616 595)
4(595 616 617 596)
4(596 617 618 597)
4(597 618 619 598)
4(598 619 620 599)
4(599 620 621 600)
4(600 621 622 601)
4(601 622 623 602)
4(602 623 624 603)
4(603 624 625 604)
4(604 625 626 605)
4(605 626 627 606)
4(606 627 628 607)
4(607 628 629 608)
4(609 630 631 610)
4(610 631 632 611)
4(611 632 633 612)
4(612 633 634 613)
4(613 634 635 614)
4(614 635 636 615)
4(615 636 637 616)
4(616 637 638 617)
4(617 638 639 618)
4(618 639 640 619)
4(619 640 641 620)
4(620 641 642 621)
4(621 642 643 622)
4(622 643 644 623)
4(623 644 645 624)
4(624 645 646 625)
4(625 646 647 626)
4(626 647 648 627)
4(627 648 649 628)
4(628 649 650 629)
4(630 651 652 631)
4(631 652 653 632)
4(632 653 654 633)
4(633 654 655 634)
4(634 655 656 635)
4(635 656 657 636)
4(636 657 658 637)
4(637 658 659 638)
4(638 659 660 639)
4(639 660 661 640)
4(640 661 662 641)
4(641 662 663 642)
4(642 663 664 643)
4(643 664 665 644)
4(644 665 666 645)
4(645 666 667 646)
4(646 667 668 647)
4(647 668 669 648)
4(648 669 670 649)
4(649 670 671 650)
4(651 672 673 652)
4(652 673 674 653)
4(653 674 675 654)
4(654 675 676 655)
4(655 676 677 656)
4(656 677 678 657)
4(657 678 679 658)
4(658 679 680 659)
4(659 680 681 660)
4(660 681 682 661)
4(661 682 683 662)
4(662 683 684 663)
4(663 684 685 664)
4(664 685 686 665)
4(665 686 687 666)
4(666 687 688 667)
4(667 688 689 668)
4(668 689 690 669)
4(669 690 691 670)
4(670 691 692 671)
4(672 693 694 673)
4(673 694 695 674)
4(674 695 696 675)
4(675 696 697 676)
4(676 697 698 677)
4(677 698 699 678)
4(678 699 700 679)
4(679 700 701 680)
4(680 701 702 681)
4(681 702 703 682)
4(682 703 704 683)
4(683 704 705 684)
4(684 705 706 685)
4(685 706 707 686)
4(686 707 708 687)
4(687 708 709 688)
4(688 709 710 689)
4(689 710 711 690)
4(690 711 712 691)
4(691 712 713 692)
4(693 714 715 694)
4(694 715 716 695)
4(695 716 717 696)
4(696 717 718 697)
4(697 718 719 698)
4(698 719 720 699)
4(699 720 721 700)
4(700 721 722 701)
4(701 722 723 702)
4(702 723 724 703)
4(703 724 725 704)
4(704 725 726 705)
4(705 726 727 706)
4(706 727 728 707)
4(707 728 729 708)
4(708 729 730 709)
4(709 730 731 710)
4(710 731 732 711)
4(711 732 733 712)
4(712 733 734 713)
4(714 735 736 715)
4(715 736 737 716)
4(716 737 738 717)
4(717 738 739 718)
4(718 739 740 719)
4(719 740 741 720)
4(720 741 742 721)
4(721 742 743 722)
4(722 743 744 723)
4(723 744 745 724)
4(724 745 746 725)
4(725 746 747 726)
4(726 747 748 727)
4(727 748 749 728)
4(728 749 750 729)
4(729 750 751 730)
4(730 751 752 731)
4(731 752 753 732)
4(732 753 754 733)
4(733 754 755 734)
4(735 756 757 736)
4(736 757 758 737)
4(737 758 759 738)
4(738 759 760 739)
4(739 760 761 740)
4(740 761 762 741)
4(741 762 763 742)
4(742 763 764 743)
4(743 764 765 744)
4(744 765 766 745)
4(745 766 767 746)
4(746 767 768 747)
4(747 768 769 748)
4(748 769 770 749)
4(749 770 771 750)
4(750 771 772 751)
4(751 772 773 752)
4(752 773 774 753)
4(753 774 775 754)
4(754 775 776 755)
4(756 777 778 757)
4(757 778 779 758)
4(758 779 780 759)
4(759 780 781 760)
4(760 781 782 761)
4(761 782 783 762)
4(762 783 784 763)
4(763 784 785 764)
4(764 785 786 765)
4(765 786 787 766)
4(766 787 788 767)
4(767 788 789 768)
4(768 789 790 769)
4(769 790 791 770)
4(770 791 792 771)
4(771 792 793 772)
4(772 793 794 773)
4(773 794 795 774)
4(774 795 796 775)
4(775 796 797 776)
4(777 798 799 778)
4(778 799 800 779)
4(779 800 801 780)
4(780 801 802 781)
4(781 802 803 782)
4(782 803 804 783)
4(783 804 805 784)
4(784 805 806 785)
4(785 806 807 786)
4(786 807 808 787)
4(787 808 809 788)
4(788 809 810 789)
4(789 810 811 790)
4(790 811 812 791)
4(791 812 813 792)
4(792 813 814 793)
4(793 814 815 794)
4(794 815 816 795)
4(795 816 817 796)
4(796 817 818 797)
4(798 819 820 799)
4(799 820 821 800)
4(800 821 822 801)
4(801 822 823 802)
4(802 823 824 803)
4(803 824 825 804)
4(804 825 826 805)
4(805 826 827 806)
4(806 827 828 807)
4(807 828 829 808)
4(808 829 830 809)
4(809 830 831 810)
4(810 831 832 811)
4(811 832 833 812)
4(812 833 834 813)
4(813 834 835 814)
4(814 835 836 815)
4(815 836 837 816)
4(816 837 838 817)
4(817 838 839 818)
4(819 840 841 820)
4(820 841 842 821)
4(821 842 843 822)
4(822 843 844 823)
4(823 844 845 824)
4(824 845 846 825)
4(825 846 847 826)
4(826 847 848 827)
4(827 848 849 828)
4(828 849 850 829)
4(829 850 851 830)
4(830 851 852 831)
4(831 852 853 832)
4(832 853 854 833)
4(833 854 855 834)
4(834 855 856 835)
4(835 856 857 836)
4(836 857 858 837)
4(837 858 859 838)
4(838 859 860 839)
4(840 861 862 841)
4(841 862 863 842)
4(842 863 864 843)
4(843 864 865 844)
4(844 865 866 845)
4(845 866 867 846)
4(846 867 868 847)
4(847 868 869 848)
4(848 869 870 849)
4(849 870 871 850)
4(850 871 872 851)
4(851 872 873 852)
4(852 873 874 853)
4(853 874 875 854)
4(854 875 876 855)
4(855 876 877 856)
4(856 877 878 857)
4(857 878 879 858)
4(858 879 880 859)
4(859 880 881 860)
4(0 3 2 1)
4(3 5 4 2)
4(5 7 6 4)
4(7 9 8 6)
4(9 11 10 8)
4(11 13 12 10)
4(13 15 14 12)
4(15 17 16 14)
4(17 19 18 16)
4(19 21 20 18)
4(21 23 22 20)
4(23 25 24 22)
4(25 27 26 24)
4(27 29 28 26)
4(29 31 30 28)
4(31 33 32 30)
4(33 35 34 32)
4(35 37 36 34)
4(37 39 38 36)
4(39 41 40 38)
4(1 2 43 42)
4(2 4 44 43)
4(4 6 45 44)
4(6 8 46 45)
4(8 10 47 46)
4(10 12 48 47)
4(12 14 49 48)
4(14 16 50 49)
4(16 18 51 50)
4(18 20 52 51)
4(20 22 53 52)
4(22 24 54 53)
4(24 26 55 54)
4(26 28 56 55)
4(28 30 57 56)
4(30 32 58 57)
4(32 34 59 58)
4(34 36 60 59)
4(36 38 61 60)
4(38 40 62 61)
4(42 43 64 63)
4(43 44 65 64)
4(44 45 66 65)
4(45 46 67 66)
4(46 47 68 67)
4(47 48 69 68)
4(48 49 70 69)
4(49 50 71 70)
4(50 51 72 71)
4(51 52 73 72)
4(52 53 74 73)
4(53 54 75 74)
4(54 55 76 75)
4(55 56 77 76)
4(56 57 78 77)
4(57 58 79 78)
4(58 59 80 79)
4(59 60 81 80)
4(60 61 82 81)
4(61 62 83 82)
4(63 64 85 84)
4(64 65 86 85)
4(65 66 87 86)
4(66 67 88 87)
4(67 68 89 88)
4(68 69 90 89)
4(69 70 91 90)
4(70 71 92 91)
4(71 72 93 92)
4(72 73 94 93)
4(73 74 95 94)
4(74 75 96 95)
4(75 76 97 96)
4(76 77 98 97)
4(77 78 99 98)
4(78 79 100 99)
4(79 80 101 100)
4(80 81 102 101)
4(81 82 103 102)
4(82 83 104 103)
4(84 85 106 105)
4(85 86 107 106)
4(86 87 108 107)
4(87 88 109 108)
4(88 89 110 109)
4(89 90 111 110)
4(90 91 112 111)
4(91 92 113 112)
4(92 93 114 113)
4(93 94 115 114)
4(94 95 116 115)
4(95 96 117 116)
4(96 97 118 117)
4(97 98 119 118)
4(98 99 120 119)
4(99 100 121 120)
4(100 101 122 121)
4(101 102 123 122)
4(102 103 124 123)
4(103 104 125 124)
4(105 106 127 126)
4(106 107 128 127)
4(107 108 129 128)
4(108 109 130 129)
4(109 110 131 130)
4(110 111 132 131)
4(111 112 133 132)
4(112 113 134 133)
4(113 114 135 134)
4(114 115 136 135)
4(115 116 137 136)
4(116 117 138 137)
4(117 118 139 138)
4(118 119 140 139)
4(119 120 141 140)
4(120 121 142 141)
4(121 122 143 142)
4(122 123 144 143)
4(123 124 145 144)
4(124 125 146 145)
4(126 127 148 147)
4(127 128 149 148)
4(128 129 150 149)
4(129 130 151 150)
4(130 131 152 151)
4(131 132 153 152)
4(132 133 154 153)
4(133 134 155 154)
4(134 135 156 155)
4(135 136 157 156)
4(136 137 158 157)
4(137 138 159 158)
4(138 139 160 159)
4(139 140 161 160)
4(140 141 162 161)
4(141 142 163 162)
4(142 143 164 163)
4(143 144 165 164)
4(144 145 166 165)
4(145 146 167 166)
4(147 148 169 168)
4(148 149 170 169)
4(149 150 171 170)
4(150 151 172 171)
4(151 152 173 172)
4(152 153 174 173)
4(153 154 175 174)
4(154 155 176 175)
4(155 156 177 176)
4(156 157 178 177)
4(157 158 179 178)
4(158 159 180 179)
4(159 160 181 180)
4(160 161 182 181)
4(161 162 183 182)
4(162 163 184 183)
4(163 164 185 184)
4(164 165 186 185)
4(165 166 187 186)
4(166 167 188 187)
4(168 169 190 189)
4(169 170 191 190)
4(170 171 192 191)
4(171 172 193 192)
4(172 173 194 193)
4(173 174 195 194)
4(174 175 196 195)
4(175 176 197 196)
4(176 177 198 197)
4(177 178 199 198)
4(178 179 200 199)
4(179 180 201 200)
4(180 181 202 201)
4(181 182 203 202)
4(182 183 204 203)
4(183 184 205 204)
4(184 185 206 205)
4(185 186 207 206)
4(186 187 208 207)
4(187 188 209 208)
4(189 190 211 210)
4(190 191 212 211)
4(191 192 213 212)
4(192 193 214 213)
4(193 194 215 214)
4(194 195 216 215)
4(195 196 217 216)
4(196 197 218 217)
4(197 198 219 218)
4(198 199 220 219)
4(199 200 221 220)
4(200 201 222 221)
4(201 202 223 222)
4(202 203 224 223)
4(203 204 225 224)
4(204 205 226 225)
4(205 206 227 226)
4(206 207 228 227)
4(207 208 229 228)
4(208 209 230 229)
4(210 211 232 231)
4(211 212 233 232)
4(212 213 234 233)
4(213 214 235 234)
4(214 215 236 235)
4(215 216 237 236)
4(216 217 238 237)
4(217 218 239 238)
4(218 219 240 239)
4(219 220 241 240)
4(220 221 242 241)
4(221 222 243 242)
4(222 223 244 243)
4(223 224 245 244)
4(224 225 246 245)
4(225 226 247 246)
4(226 227 248 247)
4(227 228 249 248)
4(228 229 250 249)
4(229 230 251 250)
4(231 232 253 252)
4(232 233 254 253)
4(233 234 255 254)
4(234 235 256 255)
4(235 236 257 256)
4(236 237 258 257)
4(237 238 259 258)
4(238 239 260 259)
4(239 240 261 260)
4(240 241 262 261)
4(241 242 263 262)
4(242 243 264 263)
4(243 244 265 264)
4(244 245 266 265)
4(245 246 267 266)
4(246 247 268 267)
4(247 248 269 268)
4(248 249 270 269)
4(249 250 271 270)
4(250 251 272 271)
4(252 253 274 273)
4(253 254 275 274)
4(254 255 276 275)
4(255 256 277 276)
4(256 257 278 277)
4(257 258 279 278)
4(258 259 280 279)
4(259 260 281 280)
4(260 261 282 281)
4(261 262 283 282)
4(262 263 284 283)
4(263 264 285 284)
4(264 265 286 285)
4(265 266 287 286)
4(266 267 288 287)
4(267 268 289 288)
4(268 269 290 289)
4(269 270 291 290)
4(270 271 292 291)
4(271 272 293 292)
4(273 274 295 294)
4(274 275 296 295)
4(275 276 297 296)
4(276 277 298 297)
4(277 278 299 298)
4(278 279 300 299)
4(279 280 301 300)
4(280 281 302 301)
4(281 282 303 302)
4(282 283 304 303)
4(283 284 305 304)
4(284 285 306 305)
4(285 286 307 306)
4(286 287 308 307)
4(287 288 309 308)
4(288 289 310 309)
4(289 290 311 310)
4(290 291 312 311)
4(291 292 313 312)
4(292 293 314 313)
4(294 295 316 315)
4(295 296 317 316)
4(296 297 318 317)
4(297 298 319 318)
4(298 299 320 319)
4(299 300 321 320)
4(300 301 322 321)
4(301 302 323 322)
4(302 303 324 323)
4(303 304 325 324)
4(304 305 326 325)
4(305 306 327 326)
4(306 307 328 327)
4(307 308 329 328)
4(308 309 330 329)
4(309 310 331 330)
4(310 311 332 331)
4(311 312 333 332)
4(312 313 334 333)
4(313 314 335 334)
4(315 316 337 336)
4(316 317 338 337)
4(317 318 339 338)
4(318 319 340 339)
4(319 320 341 340)
4(320 321 342 341)
4(321 322 343 342)
4(322 323 344 343)
4(323 324 345 344)
4(324 325 346 345)
4(325 326 347 346)
4(326 327 348 347)
4(327 328 349 348)
4(328 329 350 349)
4(329 330 351 350)
4(330 331 352 351)
4(331 332 353 352)
4(332 333 354 353)
4(333 334 355 354)
4(334 335 356 355)
4(336 337 358 357)
4(337 338 359 358)
4(338 339 360 359)
4(339 340 361 360)
4(340 341 362 361)
4(341 342 363 362)
4(342 343 364 363)
4(343 344 365 364)
4(344 345 366 365)
4(345 346 367 366)
4(346 347 368 367)
4(347 348 369 368)
4(348 349 370 369)
4(349 350 371 370)
4(350 351 372 371)
4(351 352 373 372)
4(352 353 374 373)
4(353 354 375 374)
4(354 355 376 375)
4(355 356 377 376)
4(357 358 379 378)
4(358 359 380 379)
4(359 360 381 380)
4(360 361 382 381)
4(361 362 383 382)
4(362 363 384 383)
4(363 364 385 384)
4(364 365 386 385)
4(365 366 387 386)
4(366 367 388 387)
4(367 368 389 388)
4(368 369 390 389)
4(369 370 391 390)
4(370 371 392 391)
4(371 372 393 392)
4(372 373 394 393)
4(373 374 395 394)
4(374 375 396 395)
4(375 376 397 396)
4(376 377 398 397)
4(378 379 400 399)
4(379 380 401 400)
4(380 381 402 401)
4(381 382 403 402)
4(382 383 404 403)
4(383 384 405 404)
4(384 385 406 405)
4(385 386 407 406)
4(386 387 408 407)
4(387 388 409 408)
4(388 389 410 409)
4(389 390 411 410)
4(390 391 412 411)
4(391 392 413 412)
4(392 393 414 413)
4(393 394 415 414)
4(394 395 416 415)
4(395 396 417 416)
4(396 397 418 417)
4(397 398 419 418)
4(399 400 421 420)
4(400 401 422 421)
4(401 402 423 422)
4(402 403 424 423)
4(403 404 425 424)
4(404 405 426 425)
4(405 406 427 426)
4(406 407 428 427)
4(407 408 429 428)
4(408 409 430 429)
4(409 410 431 430)
4(410 411 432 431)
4(411 412 433 432)
4(412 413 434 433)
4(413 414 435 434)
4(414 415 436 435)
4(415 416 437 436)
4(416 417 438 437)
4(417 418 439 438)
4(418 419 440 439)
4(40 41 482 481)
4(62 40 481 503)
4(83 62 503 524)
4(104 83 524 545)
4(125 104 545 566)
4(146 125 566 587)
4(167 146 587 608)
4(188 167 608 629)
4(209 188 629 650)
4(230 209 650 671)
4(251 230 671 692)
4(272 251 692 713)
4(293 272 713 734)
4(314 293 734 755)
4(335 314 755 776)
4(356 335 776 797)
4(377 356 797 818)
4(398 377 818 839)
4(419 398 839 860)
4(440 419 860 881)
4(0 1 442 441)
4(1 42 483 442)
4(42 63 504 483)
4(63 84 525 504)
4(84 105 546 525)
4(105 126 567 546)
4(126 147 588 567)
4(147 168 609 588)
4(168 189 630 609)
4(189 210 651 630)
4(210 231 672 651)
4(231 252 693 672)
4(252 273 714 693)
4(273 294 735 714)
4(294 315 756 735)
4(315 336 777 756)
4(336 357 798 777)
4(357 378 819 798)
4(378 399 840 819)
4(399 420 861 840)
)


// ************************************************************************* //
