/*--------------------------------*- C++ -*----------------------------------*\
  =========                 |
  \\      /  F ield         | OpenFOAM: The Open Source CFD Toolbox
   \\    /   O peration     | Website:  https://openfoam.org
    \\  /    A nd           | Version:  7
     \\/     M anipulation  |
\*---------------------------------------------------------------------------*/
FoamFile
{
    version     2.0;
    format      ascii;
    class       vectorField;
    location    "constant/filmRegion/polyMesh";
    object      points;
}
// * * * * * * * * * * * * * * * * * * * * * * * * * * * * * * * * * * * * * //


882
(
(0 0 0)
(0 0 0.1)
(0 0.05 0.1)
(0 0.05 0)
(0 0.1 0.1)
(0 0.1 0)
(0 0.15 0.1)
(0 0.15 0)
(0 0.2 0.1)
(0 0.2 0)
(0 0.25 0.1)
(0 0.25 0)
(0 0.3 0.1)
(0 0.3 0)
(0 0.35 0.1)
(0 0.35 0)
(0 0.4 0.1)
(0 0.4 0)
(0 0.45 0.1)
(0 0.45 0)
(0 0.5 0.1)
(0 0.5 0)
(0 0.55 0.1)
(0 0.55 0)
(0 0.6 0.1)
(0 0.6 0)
(0 0.65 0.1)
(0 0.65 0)
(0 0.7 0.1)
(0 0.7 0)
(0 0.75 0.1)
(0 0.75 0)
(0 0.8 0.1)
(0 0.8 0)
(0 0.85 0.1)
(0 0.85 0)
(0 0.9 0.1)
(0 0.9 0)
(0 0.95 0.1)
(0 0.95 0)
(0 1 0.1)
(0 1 0)
(0 0 0.2)
(0 0.05 0.2)
(0 0.1 0.2)
(0 0.15 0.2)
(0 0.2 0.2)
(0 0.25 0.2)
(0 0.3 0.2)
(0 0.35 0.2)
(0 0.4 0.2)
(0 0.45 0.2)
(0 0.5 0.2)
(0 0.55 0.2)
(0 0.6 0.2)
(0 0.65 0.2)
(0 0.7 0.2)
(0 0.75 0.2)
(0 0.8 0.2)
(0 0.85 0.2)
(0 0.9 0.2)
(0 0.95 0.2)
(0 1 0.2)
(0 0 0.3)
(0 0.05 0.3)
(0 0.1 0.3)
(0 0.15 0.3)
(0 0.2 0.3)
(0 0.25 0.3)
(0 0.3 0.3)
(0 0.35 0.3)
(0 0.4 0.3)
(0 0.45 0.3)
(0 0.5 0.3)
(0 0.55 0.3)
(0 0.6 0.3)
(0 0.65 0.3)
(0 0.7 0.3)
(0 0.75 0.3)
(0 0.8 0.3)
(0 0.85 0.3)
(0 0.9 0.3)
(0 0.95 0.3)
(0 1 0.3)
(0 0 0.4)
(0 0.05 0.4)
(0 0.1 0.4)
(0 0.15 0.4)
(0 0.2 0.4)
(0 0.25 0.4)
(0 0.3 0.4)
(0 0.35 0.4)
(0 0.4 0.4)
(0 0.45 0.4)
(0 0.5 0.4)
(0 0.55 0.4)
(0 0.6 0.4)
(0 0.65 0.4)
(0 0.7 0.4)
(0 0.75 0.4)
(0 0.8 0.4)
(0 0.85 0.4)
(0 0.9 0.4)
(0 0.95 0.4)
(0 1 0.4)
(0 0 0.5)
(0 0.05 0.5)
(0 0.1 0.5)
(0 0.15 0.5)
(0 0.2 0.5)
(0 0.25 0.5)
(0 0.3 0.5)
(0 0.35 0.5)
(0 0.4 0.5)
(0 0.45 0.5)
(0 0.5 0.5)
(0 0.55 0.5)
(0 0.6 0.5)
(0 0.65 0.5)
(0 0.7 0.5)
(0 0.75 0.5)
(0 0.8 0.5)
(0 0.85 0.5)
(0 0.9 0.5)
(0 0.95 0.5)
(0 1 0.5)
(0 0 0.6)
(0 0.05 0.6)
(0 0.1 0.6)
(0 0.15 0.6)
(0 0.2 0.6)
(0 0.25 0.6)
(0 0.3 0.6)
(0 0.35 0.6)
(0 0.4 0.6)
(0 0.45 0.6)
(0 0.5 0.6)
(0 0.55 0.6)
(0 0.6 0.6)
(0 0.65 0.6)
(0 0.7 0.6)
(0 0.75 0.6)
(0 0.8 0.6)
(0 0.85 0.6)
(0 0.9 0.6)
(0 0.95 0.6)
(0 1 0.6)
(0 0 0.7)
(0 0.05 0.7)
(0 0.1 0.7)
(0 0.15 0.7)
(0 0.2 0.7)
(0 0.25 0.7)
(0 0.3 0.7)
(0 0.35 0.7)
(0 0.4 0.7)
(0 0.45 0.7)
(0 0.5 0.7)
(0 0.55 0.7)
(0 0.6 0.7)
(0 0.65 0.7)
(0 0.7 0.7)
(0 0.75 0.7)
(0 0.8 0.7)
(0 0.85 0.7)
(0 0.9 0.7)
(0 0.95 0.7)
(0 1 0.7)
(0 0 0.8)
(0 0.05 0.8)
(0 0.1 0.8)
(0 0.15 0.8)
(0 0.2 0.8)
(0 0.25 0.8)
(0 0.3 0.8)
(0 0.35 0.8)
(0 0.4 0.8)
(0 0.45 0.8)
(0 0.5 0.8)
(0 0.55 0.8)
(0 0.6 0.8)
(0 0.65 0.8)
(0 0.7 0.8)
(0 0.75 0.8)
(0 0.8 0.8)
(0 0.85 0.8)
(0 0.9 0.8)
(0 0.95 0.8)
(0 1 0.8)
(0 0 0.9)
(0 0.05 0.9)
(0 0.1 0.9)
(0 0.15 0.9)
(0 0.2 0.9)
(0 0.25 0.9)
(0 0.3 0.9)
(0 0.35 0.9)
(0 0.4 0.9)
(0 0.45 0.9)
(0 0.5 0.9)
(0 0.55 0.9)
(0 0.6 0.9)
(0 0.65 0.9)
(0 0.7 0.9)
(0 0.75 0.9)
(0 0.8 0.9)
(0 0.85 0.9)
(0 0.9 0.9)
(0 0.95 0.9)
(0 1 0.9)
(0 0 1)
(0 0.05 1)
(0 0.1 1)
(0 0.15 1)
(0 0.2 1)
(0 0.25 1)
(0 0.3 1)
(0 0.35 1)
(0 0.4 1)
(0 0.45 1)
(0 0.5 1)
(0 0.55 1)
(0 0.6 1)
(0 0.65 1)
(0 0.7 1)
(0 0.75 1)
(0 0.8 1)
(0 0.85 1)
(0 0.9 1)
(0 0.95 1)
(0 1 1)
(0 0 1.1)
(0 0.05 1.1)
(0 0.1 1.1)
(0 0.15 1.1)
(0 0.2 1.1)
(0 0.25 1.1)
(0 0.3 1.1)
(0 0.35 1.1)
(0 0.4 1.1)
(0 0.45 1.1)
(0 0.5 1.1)
(0 0.55 1.1)
(0 0.6 1.1)
(0 0.65 1.1)
(0 0.7 1.1)
(0 0.75 1.1)
(0 0.8 1.1)
(0 0.85 1.1)
(0 0.9 1.1)
(0 0.95 1.1)
(0 1 1.1)
(0 0 1.2)
(0 0.05 1.2)
(0 0.1 1.2)
(0 0.15 1.2)
(0 0.2 1.2)
(0 0.25 1.2)
(0 0.3 1.2)
(0 0.35 1.2)
(0 0.4 1.2)
(0 0.45 1.2)
(0 0.5 1.2)
(0 0.55 1.2)
(0 0.6 1.2)
(0 0.65 1.2)
(0 0.7 1.2)
(0 0.75 1.2)
(0 0.8 1.2)
(0 0.85 1.2)
(0 0.9 1.2)
(0 0.95 1.2)
(0 1 1.2)
(0 0 1.3)
(0 0.05 1.3)
(0 0.1 1.3)
(0 0.15 1.3)
(0 0.2 1.3)
(0 0.25 1.3)
(0 0.3 1.3)
(0 0.35 1.3)
(0 0.4 1.3)
(0 0.45 1.3)
(0 0.5 1.3)
(0 0.55 1.3)
(0 0.6 1.3)
(0 0.65 1.3)
(0 0.7 1.3)
(0 0.75 1.3)
(0 0.8 1.3)
(0 0.85 1.3)
(0 0.9 1.3)
(0 0.95 1.3)
(0 1 1.3)
(0 0 1.4)
(0 0.05 1.4)
(0 0.1 1.4)
(0 0.15 1.4)
(0 0.2 1.4)
(0 0.25 1.4)
(0 0.3 1.4)
(0 0.35 1.4)
(0 0.4 1.4)
(0 0.45 1.4)
(0 0.5 1.4)
(0 0.55 1.4)
(0 0.6 1.4)
(0 0.65 1.4)
(0 0.7 1.4)
(0 0.75 1.4)
(0 0.8 1.4)
(0 0.85 1.4)
(0 0.9 1.4)
(0 0.95 1.4)
(0 1 1.4)
(0 0 1.5)
(0 0.05 1.5)
(0 0.1 1.5)
(0 0.15 1.5)
(0 0.2 1.5)
(0 0.25 1.5)
(0 0.3 1.5)
(0 0.35 1.5)
(0 0.4 1.5)
(0 0.45 1.5)
(0 0.5 1.5)
(0 0.55 1.5)
(0 0.6 1.5)
(0 0.65 1.5)
(0 0.7 1.5)
(0 0.75 1.5)
(0 0.8 1.5)
(0 0.85 1.5)
(0 0.9 1.5)
(0 0.95 1.5)
(0 1 1.5)
(0 0 1.6)
(0 0.05 1.6)
(0 0.1 1.6)
(0 0.15 1.6)
(0 0.2 1.6)
(0 0.25 1.6)
(0 0.3 1.6)
(0 0.35 1.6)
(0 0.4 1.6)
(0 0.45 1.6)
(0 0.5 1.6)
(0 0.55 1.6)
(0 0.6 1.6)
(0 0.65 1.6)
(0 0.7 1.6)
(0 0.75 1.6)
(0 0.8 1.6)
(0 0.85 1.6)
(0 0.9 1.6)
(0 0.95 1.6)
(0 1 1.6)
(0 0 1.7)
(0 0.05 1.7)
(0 0.1 1.7)
(0 0.15 1.7)
(0 0.2 1.7)
(0 0.25 1.7)
(0 0.3 1.7)
(0 0.35 1.7)
(0 0.4 1.7)
(0 0.45 1.7)
(0 0.5 1.7)
(0 0.55 1.7)
(0 0.6 1.7)
(0 0.65 1.7)
(0 0.7 1.7)
(0 0.75 1.7)
(0 0.8 1.7)
(0 0.85 1.7)
(0 0.9 1.7)
(0 0.95 1.7)
(0 1 1.7)
(0 0 1.8)
(0 0.05 1.8)
(0 0.1 1.8)
(0 0.15 1.8)
(0 0.2 1.8)
(0 0.25 1.8)
(0 0.3 1.8)
(0 0.35 1.8)
(0 0.4 1.8)
(0 0.45 1.8)
(0 0.5 1.8)
(0 0.55 1.8)
(0 0.6 1.8)
(0 0.65 1.8)
(0 0.7 1.8)
(0 0.75 1.8)
(0 0.8 1.8)
(0 0.85 1.8)
(0 0.9 1.8)
(0 0.95 1.8)
(0 1 1.8)
(0 0 1.9)
(0 0.05 1.9)
(0 0.1 1.9)
(0 0.15 1.9)
(0 0.2 1.9)
(0 0.25 1.9)
(0 0.3 1.9)
(0 0.35 1.9)
(0 0.4 1.9)
(0 0.45 1.9)
(0 0.5 1.9)
(0 0.55 1.9)
(0 0.6 1.9)
(0 0.65 1.9)
(0 0.7 1.9)
(0 0.75 1.9)
(0 0.8 1.9)
(0 0.85 1.9)
(0 0.9 1.9)
(0 0.95 1.9)
(0 1 1.9)
(0 0 2)
(0 0.05 2)
(0 0.1 2)
(0 0.15 2)
(0 0.2 2)
(0 0.25 2)
(0 0.3 2)
(0 0.35 2)
(0 0.4 2)
(0 0.45 2)
(0 0.5 2)
(0 0.55 2)
(0 0.6 2)
(0 0.65 2)
(0 0.7 2)
(0 0.75 2)
(0 0.8 2)
(0 0.85 2)
(0 0.9 2)
(0 0.95 2)
(0 1 2)
(-0.001 0 0)
(-0.001 0 0.1)
(-0.001 0.05 0.1)
(-0.001 0.05 0)
(-0.001 0.1 0.1)
(-0.001 0.1 0)
(-0.001 0.15 0.1)
(-0.001 0.15 0)
(-0.001 0.2 0.1)
(-0.001 0.2 0)
(-0.001 0.25 0.1)
(-0.001 0.25 0)
(-0.001 0.3 0.1)
(-0.001 0.3 0)
(-0.001 0.35 0.1)
(-0.001 0.35 0)
(-0.001 0.4 0.1)
(-0.001 0.4 0)
(-0.001 0.45 0.1)
(-0.001 0.45 0)
(-0.001 0.5 0.1)
(-0.001 0.5 0)
(-0.001 0.55 0.1)
(-0.001 0.55 0)
(-0.001 0.6 0.1)
(-0.001 0.6 0)
(-0.001 0.65 0.1)
(-0.001 0.65 0)
(-0.001 0.7 0.1)
(-0.001 0.7 0)
(-0.001 0.75 0.1)
(-0.001 0.75 0)
(-0.001 0.8 0.1)
(-0.001 0.8 0)
(-0.001 0.85 0.1)
(-0.001 0.85 0)
(-0.001 0.9 0.1)
(-0.001 0.9 0)
(-0.001 0.95 0.1)
(-0.001 0.95 0)
(-0.001 1 0.1)
(-0.001 1 0)
(-0.001 0 0.2)
(-0.001 0.05 0.2)
(-0.001 0.1 0.2)
(-0.001 0.15 0.2)
(-0.001 0.2 0.2)
(-0.001 0.25 0.2)
(-0.001 0.3 0.2)
(-0.001 0.35 0.2)
(-0.001 0.4 0.2)
(-0.001 0.45 0.2)
(-0.001 0.5 0.2)
(-0.001 0.55 0.2)
(-0.001 0.6 0.2)
(-0.001 0.65 0.2)
(-0.001 0.7 0.2)
(-0.001 0.75 0.2)
(-0.001 0.8 0.2)
(-0.001 0.85 0.2)
(-0.001 0.9 0.2)
(-0.001 0.95 0.2)
(-0.001 1 0.2)
(-0.001 0 0.3)
(-0.001 0.05 0.3)
(-0.001 0.1 0.3)
(-0.001 0.15 0.3)
(-0.001 0.2 0.3)
(-0.001 0.25 0.3)
(-0.001 0.3 0.3)
(-0.001 0.35 0.3)
(-0.001 0.4 0.3)
(-0.001 0.45 0.3)
(-0.001 0.5 0.3)
(-0.001 0.55 0.3)
(-0.001 0.6 0.3)
(-0.001 0.65 0.3)
(-0.001 0.7 0.3)
(-0.001 0.75 0.3)
(-0.001 0.8 0.3)
(-0.001 0.85 0.3)
(-0.001 0.9 0.3)
(-0.001 0.95 0.3)
(-0.001 1 0.3)
(-0.001 0 0.4)
(-0.001 0.05 0.4)
(-0.001 0.1 0.4)
(-0.001 0.15 0.4)
(-0.001 0.2 0.4)
(-0.001 0.25 0.4)
(-0.001 0.3 0.4)
(-0.001 0.35 0.4)
(-0.001 0.4 0.4)
(-0.001 0.45 0.4)
(-0.001 0.5 0.4)
(-0.001 0.55 0.4)
(-0.001 0.6 0.4)
(-0.001 0.65 0.4)
(-0.001 0.7 0.4)
(-0.001 0.75 0.4)
(-0.001 0.8 0.4)
(-0.001 0.85 0.4)
(-0.001 0.9 0.4)
(-0.001 0.95 0.4)
(-0.001 1 0.4)
(-0.001 0 0.5)
(-0.001 0.05 0.5)
(-0.001 0.1 0.5)
(-0.001 0.15 0.5)
(-0.001 0.2 0.5)
(-0.001 0.25 0.5)
(-0.001 0.3 0.5)
(-0.001 0.35 0.5)
(-0.001 0.4 0.5)
(-0.001 0.45 0.5)
(-0.001 0.5 0.5)
(-0.001 0.55 0.5)
(-0.001 0.6 0.5)
(-0.001 0.65 0.5)
(-0.001 0.7 0.5)
(-0.001 0.75 0.5)
(-0.001 0.8 0.5)
(-0.001 0.85 0.5)
(-0.001 0.9 0.5)
(-0.001 0.95 0.5)
(-0.001 1 0.5)
(-0.001 0 0.6)
(-0.001 0.05 0.6)
(-0.001 0.1 0.6)
(-0.001 0.15 0.6)
(-0.001 0.2 0.6)
(-0.001 0.25 0.6)
(-0.001 0.3 0.6)
(-0.001 0.35 0.6)
(-0.001 0.4 0.6)
(-0.001 0.45 0.6)
(-0.001 0.5 0.6)
(-0.001 0.55 0.6)
(-0.001 0.6 0.6)
(-0.001 0.65 0.6)
(-0.001 0.7 0.6)
(-0.001 0.75 0.6)
(-0.001 0.8 0.6)
(-0.001 0.85 0.6)
(-0.001 0.9 0.6)
(-0.001 0.95 0.6)
(-0.001 1 0.6)
(-0.001 0 0.7)
(-0.001 0.05 0.7)
(-0.001 0.1 0.7)
(-0.001 0.15 0.7)
(-0.001 0.2 0.7)
(-0.001 0.25 0.7)
(-0.001 0.3 0.7)
(-0.001 0.35 0.7)
(-0.001 0.4 0.7)
(-0.001 0.45 0.7)
(-0.001 0.5 0.7)
(-0.001 0.55 0.7)
(-0.001 0.6 0.7)
(-0.001 0.65 0.7)
(-0.001 0.7 0.7)
(-0.001 0.75 0.7)
(-0.001 0.8 0.7)
(-0.001 0.85 0.7)
(-0.001 0.9 0.7)
(-0.001 0.95 0.7)
(-0.001 1 0.7)
(-0.001 0 0.8)
(-0.001 0.05 0.8)
(-0.001 0.1 0.8)
(-0.001 0.15 0.8)
(-0.001 0.2 0.8)
(-0.001 0.25 0.8)
(-0.001 0.3 0.8)
(-0.001 0.35 0.8)
(-0.001 0.4 0.8)
(-0.001 0.45 0.8)
(-0.001 0.5 0.8)
(-0.001 0.55 0.8)
(-0.001 0.6 0.8)
(-0.001 0.65 0.8)
(-0.001 0.7 0.8)
(-0.001 0.75 0.8)
(-0.001 0.8 0.8)
(-0.001 0.85 0.8)
(-0.001 0.9 0.8)
(-0.001 0.95 0.8)
(-0.001 1 0.8)
(-0.001 0 0.9)
(-0.001 0.05 0.9)
(-0.001 0.1 0.9)
(-0.001 0.15 0.9)
(-0.001 0.2 0.9)
(-0.001 0.25 0.9)
(-0.001 0.3 0.9)
(-0.001 0.35 0.9)
(-0.001 0.4 0.9)
(-0.001 0.45 0.9)
(-0.001 0.5 0.9)
(-0.001 0.55 0.9)
(-0.001 0.6 0.9)
(-0.001 0.65 0.9)
(-0.001 0.7 0.9)
(-0.001 0.75 0.9)
(-0.001 0.8 0.9)
(-0.001 0.85 0.9)
(-0.001 0.9 0.9)
(-0.001 0.95 0.9)
(-0.001 1 0.9)
(-0.001 0 1)
(-0.001 0.05 1)
(-0.001 0.1 1)
(-0.001 0.15 1)
(-0.001 0.2 1)
(-0.001 0.25 1)
(-0.001 0.3 1)
(-0.001 0.35 1)
(-0.001 0.4 1)
(-0.001 0.45 1)
(-0.001 0.5 1)
(-0.001 0.55 1)
(-0.001 0.6 1)
(-0.001 0.65 1)
(-0.001 0.7 1)
(-0.001 0.75 1)
(-0.001 0.8 1)
(-0.001 0.85 1)
(-0.001 0.9 1)
(-0.001 0.95 1)
(-0.001 1 1)
(-0.001 0 1.1)
(-0.001 0.05 1.1)
(-0.001 0.1 1.1)
(-0.001 0.15 1.1)
(-0.001 0.2 1.1)
(-0.001 0.25 1.1)
(-0.001 0.3 1.1)
(-0.001 0.35 1.1)
(-0.001 0.4 1.1)
(-0.001 0.45 1.1)
(-0.001 0.5 1.1)
(-0.001 0.55 1.1)
(-0.001 0.6 1.1)
(-0.001 0.65 1.1)
(-0.001 0.7 1.1)
(-0.001 0.75 1.1)
(-0.001 0.8 1.1)
(-0.001 0.85 1.1)
(-0.001 0.9 1.1)
(-0.001 0.95 1.1)
(-0.001 1 1.1)
(-0.001 0 1.2)
(-0.001 0.05 1.2)
(-0.001 0.1 1.2)
(-0.001 0.15 1.2)
(-0.001 0.2 1.2)
(-0.001 0.25 1.2)
(-0.001 0.3 1.2)
(-0.001 0.35 1.2)
(-0.001 0.4 1.2)
(-0.001 0.45 1.2)
(-0.001 0.5 1.2)
(-0.001 0.55 1.2)
(-0.001 0.6 1.2)
(-0.001 0.65 1.2)
(-0.001 0.7 1.2)
(-0.001 0.75 1.2)
(-0.001 0.8 1.2)
(-0.001 0.85 1.2)
(-0.001 0.9 1.2)
(-0.001 0.95 1.2)
(-0.001 1 1.2)
(-0.001 0 1.3)
(-0.001 0.05 1.3)
(-0.001 0.1 1.3)
(-0.001 0.15 1.3)
(-0.001 0.2 1.3)
(-0.001 0.25 1.3)
(-0.001 0.3 1.3)
(-0.001 0.35 1.3)
(-0.001 0.4 1.3)
(-0.001 0.45 1.3)
(-0.001 0.5 1.3)
(-0.001 0.55 1.3)
(-0.001 0.6 1.3)
(-0.001 0.65 1.3)
(-0.001 0.7 1.3)
(-0.001 0.75 1.3)
(-0.001 0.8 1.3)
(-0.001 0.85 1.3)
(-0.001 0.9 1.3)
(-0.001 0.95 1.3)
(-0.001 1 1.3)
(-0.001 0 1.4)
(-0.001 0.05 1.4)
(-0.001 0.1 1.4)
(-0.001 0.15 1.4)
(-0.001 0.2 1.4)
(-0.001 0.25 1.4)
(-0.001 0.3 1.4)
(-0.001 0.35 1.4)
(-0.001 0.4 1.4)
(-0.001 0.45 1.4)
(-0.001 0.5 1.4)
(-0.001 0.55 1.4)
(-0.001 0.6 1.4)
(-0.001 0.65 1.4)
(-0.001 0.7 1.4)
(-0.001 0.75 1.4)
(-0.001 0.8 1.4)
(-0.001 0.85 1.4)
(-0.001 0.9 1.4)
(-0.001 0.95 1.4)
(-0.001 1 1.4)
(-0.001 0 1.5)
(-0.001 0.05 1.5)
(-0.001 0.1 1.5)
(-0.001 0.15 1.5)
(-0.001 0.2 1.5)
(-0.001 0.25 1.5)
(-0.001 0.3 1.5)
(-0.001 0.35 1.5)
(-0.001 0.4 1.5)
(-0.001 0.45 1.5)
(-0.001 0.5 1.5)
(-0.001 0.55 1.5)
(-0.001 0.6 1.5)
(-0.001 0.65 1.5)
(-0.001 0.7 1.5)
(-0.001 0.75 1.5)
(-0.001 0.8 1.5)
(-0.001 0.85 1.5)
(-0.001 0.9 1.5)
(-0.001 0.95 1.5)
(-0.001 1 1.5)
(-0.001 0 1.6)
(-0.001 0.05 1.6)
(-0.001 0.1 1.6)
(-0.001 0.15 1.6)
(-0.001 0.2 1.6)
(-0.001 0.25 1.6)
(-0.001 0.3 1.6)
(-0.001 0.35 1.6)
(-0.001 0.4 1.6)
(-0.001 0.45 1.6)
(-0.001 0.5 1.6)
(-0.001 0.55 1.6)
(-0.001 0.6 1.6)
(-0.001 0.65 1.6)
(-0.001 0.7 1.6)
(-0.001 0.75 1.6)
(-0.001 0.8 1.6)
(-0.001 0.85 1.6)
(-0.001 0.9 1.6)
(-0.001 0.95 1.6)
(-0.001 1 1.6)
(-0.001 0 1.7)
(-0.001 0.05 1.7)
(-0.001 0.1 1.7)
(-0.001 0.15 1.7)
(-0.001 0.2 1.7)
(-0.001 0.25 1.7)
(-0.001 0.3 1.7)
(-0.001 0.35 1.7)
(-0.001 0.4 1.7)
(-0.001 0.45 1.7)
(-0.001 0.5 1.7)
(-0.001 0.55 1.7)
(-0.001 0.6 1.7)
(-0.001 0.65 1.7)
(-0.001 0.7 1.7)
(-0.001 0.75 1.7)
(-0.001 0.8 1.7)
(-0.001 0.85 1.7)
(-0.001 0.9 1.7)
(-0.001 0.95 1.7)
(-0.001 1 1.7)
(-0.001 0 1.8)
(-0.001 0.05 1.8)
(-0.001 0.1 1.8)
(-0.001 0.15 1.8)
(-0.001 0.2 1.8)
(-0.001 0.25 1.8)
(-0.001 0.3 1.8)
(-0.001 0.35 1.8)
(-0.001 0.4 1.8)
(-0.001 0.45 1.8)
(-0.001 0.5 1.8)
(-0.001 0.55 1.8)
(-0.001 0.6 1.8)
(-0.001 0.65 1.8)
(-0.001 0.7 1.8)
(-0.001 0.75 1.8)
(-0.001 0.8 1.8)
(-0.001 0.85 1.8)
(-0.001 0.9 1.8)
(-0.001 0.95 1.8)
(-0.001 1 1.8)
(-0.001 0 1.9)
(-0.001 0.05 1.9)
(-0.001 0.1 1.9)
(-0.001 0.15 1.9)
(-0.001 0.2 1.9)
(-0.001 0.25 1.9)
(-0.001 0.3 1.9)
(-0.001 0.35 1.9)
(-0.001 0.4 1.9)
(-0.001 0.45 1.9)
(-0.001 0.5 1.9)
(-0.001 0.55 1.9)
(-0.001 0.6 1.9)
(-0.001 0.65 1.9)
(-0.001 0.7 1.9)
(-0.001 0.75 1.9)
(-0.001 0.8 1.9)
(-0.001 0.85 1.9)
(-0.001 0.9 1.9)
(-0.001 0.95 1.9)
(-0.001 1 1.9)
(-0.001 0 2)
(-0.001 0.05 2)
(-0.001 0.1 2)
(-0.001 0.15 2)
(-0.001 0.2 2)
(-0.001 0.25 2)
(-0.001 0.3 2)
(-0.001 0.35 2)
(-0.001 0.4 2)
(-0.001 0.45 2)
(-0.001 0.5 2)
(-0.001 0.55 2)
(-0.001 0.6 2)
(-0.001 0.65 2)
(-0.001 0.7 2)
(-0.001 0.75 2)
(-0.001 0.8 2)
(-0.001 0.85 2)
(-0.001 0.9 2)
(-0.001 0.95 2)
(-0.001 1 2)
)


// ************************************************************************* //
