/*--------------------------------*- C++ -*----------------------------------*\
  =========                 |
  \\      /  F ield         | OpenFOAM: The Open Source CFD Toolbox
   \\    /   O peration     | Website:  https://openfoam.org
    \\  /    A nd           | Version:  7
     \\/     M anipulation  |
\*---------------------------------------------------------------------------*/
FoamFile
{
    version     2.0;
    format      ascii;
    class       volScalarField;
    location    "1";
    object      alphat;
}
// * * * * * * * * * * * * * * * * * * * * * * * * * * * * * * * * * * * * * //

dimensions      [1 -1 -1 0 0 0 0];

internalField   nonuniform List<scalar> 
4000
(
6.81225e-05
6.05513e-05
5.25836e-05
6.67809e-05
7.64006e-05
8.75378e-05
9.72914e-05
7.68035e-05
5.67238e-05
4.28306e-05
0.000123936
9.78926e-05
0.000170581
0.000167936
0.000202135
0.000300669
0.000199514
0.00011576
7.26999e-05
4.83013e-05
0.000200892
0.000185605
0.000279535
0.000297726
0.000380941
0.000431691
0.000224911
0.000127322
7.87035e-05
5.06222e-05
0.000362582
0.00031512
0.000421225
0.000501789
0.000705501
0.000427788
0.000228004
0.000134268
8.39995e-05
5.33976e-05
0.000605484
0.000369392
0.000538505
0.000709127
0.000840144
0.000404961
0.000228658
0.00014231
9.0044e-05
5.63794e-05
0.000799095
0.000325382
0.000733771
0.00101993
0.00078181
0.000384536
0.000232794
0.000150756
9.65606e-05
5.91643e-05
0.000663496
0.000350301
0.000977579
0.00119166
0.000627017
0.000374214
0.000241538
0.000158792
0.000102653
6.15977e-05
0.000681666
0.000409069
0.00112861
0.00109507
0.000547546
0.000374282
0.000248978
0.000165966
0.000107667
6.35782e-05
0.000714786
0.00041438
0.00110131
0.000782382
0.000521474
0.000385279
0.00025545
0.000170996
0.000111288
6.49358e-05
0.000643289
0.000408166
0.000992401
0.000642391
0.000563352
0.000373592
0.000260544
0.00017316
0.000113243
6.55913e-05
0.000642602
0.000408289
0.000992378
0.000642391
0.000563362
0.000373592
0.000260545
0.00017316
0.000113243
6.55913e-05
0.000713859
0.000414341
0.00110131
0.000782368
0.00052148
0.000385278
0.00025545
0.000170996
0.000111288
6.49357e-05
0.000681385
0.000409058
0.00112859
0.00109505
0.000547548
0.000374285
0.000248978
0.000165966
0.000107667
6.35781e-05
0.000663469
0.000350303
0.000977579
0.00119165
0.000627028
0.000374219
0.000241538
0.000158792
0.000102653
6.15975e-05
0.000799062
0.000325366
0.000733763
0.00101993
0.0007818
0.000384538
0.000232795
0.000150756
9.65603e-05
5.91641e-05
0.000605505
0.000369375
0.000538491
0.000709099
0.000840122
0.000404961
0.000228658
0.00014231
9.0044e-05
5.63792e-05
0.000362618
0.000315139
0.00042122
0.000501761
0.000705488
0.00042778
0.000228002
0.000134268
8.39992e-05
5.33972e-05
0.000200908
0.000185621
0.000279553
0.00029772
0.000380931
0.00043168
0.000224907
0.00012732
7.87027e-05
5.06218e-05
0.000123935
9.78979e-05
0.000170582
0.000167933
0.000202129
0.000300659
0.000199509
0.000115757
7.26988e-05
4.83006e-05
6.80951e-05
6.05353e-05
5.25822e-05
6.67791e-05
7.6399e-05
8.75352e-05
9.72828e-05
7.6799e-05
5.67215e-05
4.2829e-05
0.000122845
0.000207884
9.89619e-05
2.97093e-05
3.04528e-05
3.78804e-05
5.60953e-05
6.90893e-05
5.46693e-05
4.04061e-05
0.000150443
0.000136088
0.000117064
3.98603e-05
5.34526e-05
0.000113816
0.000157093
0.000108586
7.12005e-05
4.64327e-05
0.000144179
0.000116451
0.000119178
6.07677e-05
0.00012514
0.00025357
0.000188403
0.000111026
7.21508e-05
4.63412e-05
0.000239681
0.000170453
0.000142443
0.000114587
0.00027417
0.000321935
0.000186596
0.00010715
7.06669e-05
4.48656e-05
0.000436531
0.000267648
0.000215781
0.000243177
0.000555225
0.00032368
0.000170878
0.000104465
6.85121e-05
4.20879e-05
0.000729543
0.000356152
0.000315702
0.000428837
0.000661543
0.000314403
0.000157944
0.000103583
6.602e-05
3.83699e-05
0.000750768
0.000298387
0.000487392
0.000727749
0.000636873
0.00028836
0.000157829
0.000101429
6.31361e-05
3.54239e-05
0.000620547
0.000335652
0.000791993
0.00103519
0.000553985
0.000270619
0.000163196
9.90384e-05
6.04672e-05
3.33376e-05
0.000593116
0.000405531
0.000937353
0.000994635
0.000487755
0.000267145
0.000163663
9.85554e-05
5.79989e-05
3.19201e-05
0.000587125
0.000438173
0.00109973
0.000732052
0.00046028
0.000265867
0.000161976
9.91539e-05
5.64535e-05
3.12272e-05
0.000587023
0.000438207
0.00109972
0.000732002
0.000460278
0.000265868
0.000161977
9.91543e-05
5.64536e-05
3.12272e-05
0.00059282
0.000405513
0.000937369
0.000994583
0.000487749
0.000267147
0.000163664
9.85565e-05
5.79994e-05
3.19202e-05
0.000620387
0.000335645
0.000792027
0.0010352
0.000554023
0.000270622
0.000163199
9.90399e-05
6.0468e-05
3.33378e-05
0.000750743
0.000298376
0.000487415
0.000727775
0.00063709
0.000288373
0.000157834
0.000101431
6.31371e-05
3.54242e-05
0.000729557
0.00035614
0.000315711
0.0004288
0.000661047
0.000314417
0.00015795
0.000103585
6.60211e-05
3.83703e-05
0.00043658
0.000267657
0.000215782
0.000243168
0.000555444
0.000323682
0.000170885
0.000104468
6.85133e-05
4.20884e-05
0.000239716
0.000170463
0.000142446
0.000114574
0.000274151
0.000321936
0.000186601
0.000107153
7.06682e-05
4.4866e-05
0.000144179
0.000116458
0.000119181
6.07668e-05
0.000125128
0.000253556
0.000188406
0.000111029
7.21518e-05
4.63414e-05
0.000150424
0.000136096
0.000117074
3.98625e-05
5.3449e-05
0.000113808
0.000157085
0.000108587
7.12013e-05
4.64326e-05
0.000122806
0.000207848
9.89583e-05
2.97099e-05
3.04524e-05
3.78789e-05
5.60892e-05
6.90852e-05
5.4668e-05
4.04048e-05
0.000166557
0.000180913
7.96412e-05
3.32598e-05
3.17982e-05
3.81266e-05
6.19097e-05
0.00011313
8.89272e-05
4.57877e-05
0.000264444
0.000248488
0.000136695
5.21837e-05
4.84543e-05
9.81045e-05
0.000181785
0.000192171
0.000120459
5.84276e-05
0.000270425
0.000224581
0.000175716
8.12057e-05
8.77936e-05
0.000213183
0.000282453
0.000194497
0.000115844
5.74796e-05
0.000252999
0.000200806
0.000186547
0.000113532
0.000172587
0.000336627
0.000292792
0.000177152
0.000109025
5.65927e-05
0.000389368
0.000255053
0.000221567
0.000161839
0.000352079
0.000382475
0.0002742
0.000160618
0.000106677
5.34916e-05
0.000709939
0.000338482
0.000261703
0.000238186
0.000601562
0.000392823
0.000237865
0.000155392
0.000103535
4.93075e-05
0.00089082
0.000321306
0.000343258
0.000398367
0.000693818
0.000383758
0.000218848
0.00015191
0.000100923
4.53977e-05
0.000761035
0.000312873
0.000559284
0.000720797
0.000697558
0.000357651
0.000214124
0.000146441
9.85026e-05
4.18645e-05
0.000649704
0.000404634
0.000871454
0.00115177
0.00062216
0.00034199
0.000211392
0.000144631
9.44648e-05
3.93769e-05
0.000607796
0.000553463
0.00127941
0.00100688
0.000578019
0.000338262
0.000206997
0.000146176
9.10921e-05
3.81261e-05
0.000607899
0.000553484
0.00127948
0.00100686
0.000578008
0.000338256
0.000206996
0.000146177
9.10923e-05
3.81263e-05
0.000649615
0.000404627
0.000871559
0.00115186
0.000622108
0.000341982
0.000211393
0.000144633
9.44663e-05
3.93774e-05
0.000761263
0.00031285
0.000559369
0.000720915
0.000697478
0.000357647
0.000214125
0.000146443
9.85054e-05
4.18653e-05
0.000890818
0.000321295
0.000343263
0.000398404
0.000693811
0.000383763
0.000218851
0.000151913
0.000100927
4.53989e-05
0.000710052
0.000338485
0.000261708
0.000238196
0.000601622
0.000392837
0.000237873
0.000155396
0.000103539
4.93089e-05
0.000389439
0.000255071
0.000221588
0.000161844
0.000352091
0.000382486
0.000274216
0.000160626
0.000106681
5.34938e-05
0.000252966
0.000200789
0.000186551
0.000113534
0.000172574
0.000336621
0.000292804
0.000177162
0.00010903
5.65954e-05
0.000270347
0.00022455
0.000175719
8.12121e-05
8.77847e-05
0.000213157
0.000282456
0.000194507
0.00011585
5.74825e-05
0.000264426
0.000248496
0.000136733
5.21929e-05
4.84527e-05
9.80945e-05
0.000181769
0.000192177
0.000120467
5.84308e-05
0.000166577
0.000180918
7.96494e-05
3.32623e-05
3.1798e-05
3.81248e-05
6.19036e-05
0.000113122
8.89302e-05
4.57892e-05
0.00016417
0.000110627
6.19932e-05
4.07107e-05
3.5736e-05
3.76713e-05
5.83563e-05
0.00011555
0.000183625
9.11494e-05
0.00033767
0.000220053
0.000114694
6.14802e-05
5.3778e-05
7.89341e-05
0.000156604
0.000303062
0.000241718
0.000113049
0.000512127
0.000354375
0.000184854
9.15782e-05
8.25672e-05
0.000167099
0.000326264
0.000343888
0.000221471
0.000100616
0.000533139
0.000406797
0.000256503
0.000133588
0.000143968
0.000329964
0.000437106
0.000321761
0.000192386
9.68141e-05
0.000464286
0.000378004
0.000295154
0.000183293
0.000281541
0.000433648
0.000440605
0.00027654
0.000183355
9.01793e-05
0.000652134
0.000448743
0.00035133
0.000259243
0.000556671
0.000517447
0.000401309
0.000252186
0.000178676
7.96803e-05
0.00105506
0.000416846
0.000402758
0.000350546
0.000687507
0.000573896
0.00035717
0.000238488
0.000174188
7.06133e-05
0.000958356
0.000355441
0.000453904
0.000533433
0.000749975
0.000554933
0.000336837
0.000229635
0.000169113
6.34778e-05
0.000772048
0.000411173
0.000713871
0.000947333
0.000908766
0.000540704
0.00033048
0.000226219
0.000162061
5.74026e-05
0.000695008
0.000623306
0.00141444
0.00146773
0.000864775
0.000559548
0.000330823
0.000224377
0.000157393
5.46115e-05
0.000695176
0.000623392
0.00141494
0.00146795
0.000864821
0.000559559
0.000330821
0.000224376
0.000157394
5.46118e-05
0.000771993
0.000411145
0.000714055
0.000947594
0.000908789
0.000540683
0.000330476
0.00022622
0.000162064
5.7404e-05
0.000957632
0.000355399
0.000453899
0.000533554
0.000749976
0.000554889
0.000336832
0.000229636
0.000169119
6.34802e-05
0.00105514
0.000416843
0.000402751
0.000350612
0.000687543
0.000573875
0.000357163
0.000238491
0.000174196
7.06172e-05
0.000652251
0.000448778
0.000351349
0.000259292
0.000556759
0.000517461
0.000401315
0.000252191
0.000178685
7.96856e-05
0.000464268
0.000377976
0.000295205
0.00018332
0.000281572
0.000433657
0.000440625
0.000276554
0.000183367
9.01877e-05
0.000533075
0.000406828
0.000256542
0.000133599
0.000143971
0.000329943
0.000437123
0.000321787
0.000192402
9.68259e-05
0.000512215
0.000354457
0.000184887
9.1591e-05
8.25632e-05
0.000167081
0.00032626
0.00034391
0.000221494
0.000100631
0.000337756
0.000220109
0.000114722
6.14935e-05
5.37802e-05
7.89276e-05
0.00015659
0.000303067
0.000241744
0.000113068
0.000164201
0.000110649
6.20105e-05
4.07194e-05
3.57389e-05
3.76702e-05
5.83493e-05
0.000115534
0.000183637
9.1168e-05
0.000150817
7.44818e-05
5.4213e-05
4.23673e-05
3.77075e-05
3.68078e-05
4.52093e-05
8.65759e-05
0.000255802
0.000226542
0.000345638
0.000159692
9.76088e-05
6.46802e-05
5.43653e-05
6.41225e-05
0.000115222
0.000282636
0.000398343
0.000234573
0.000576891
0.000281273
0.000152195
9.18396e-05
8.06788e-05
0.000126622
0.000254419
0.000475766
0.000393024
0.000186057
0.000871326
0.000500049
0.000252218
0.000137403
0.0001344
0.000264812
0.000473779
0.000487665
0.000328223
0.00017349
0.000949731
0.000650359
0.000379976
0.000213262
0.000249021
0.000487572
0.000564473
0.000453101
0.000293852
0.0001615
0.000770739
0.000670645
0.000512104
0.000306994
0.000515259
0.000601898
0.000575683
0.000399767
0.000273097
0.000141455
0.001043
0.000647673
0.00058
0.000430444
0.000709512
0.000672305
0.00055172
0.000370336
0.000256145
0.000123494
0.00123532
0.000524469
0.000537535
0.000533858
0.00075798
0.000745232
0.000518489
0.000355627
0.000238703
0.000106902
0.000959873
0.000458344
0.000634968
0.000855284
0.000950137
0.000818004
0.000519353
0.000349401
0.000220863
9.01093e-05
0.000793656
0.000686193
0.00139905
0.00173015
0.0012635
0.000823404
0.000545812
0.000347553
0.000213498
8.56991e-05
0.000793808
0.000686229
0.00139928
0.00173037
0.00126349
0.000823384
0.000545813
0.000347551
0.000213498
8.56999e-05
0.000960002
0.00045834
0.000635007
0.00085544
0.000950238
0.000818002
0.000519333
0.000349397
0.000220865
9.01119e-05
0.00123551
0.000524433
0.000537468
0.000533922
0.0007581
0.00074528
0.000518452
0.000355619
0.000238707
0.000106906
0.00104304
0.000647633
0.000579843
0.0004305
0.000709712
0.00067236
0.000551689
0.000370326
0.000256154
0.000123504
0.000770709
0.000670599
0.000512072
0.000307056
0.000515504
0.000601965
0.000575678
0.000399765
0.000273108
0.000141467
0.000949639
0.000650383
0.00038004
0.000213302
0.000249077
0.000487597
0.0005645
0.000453125
0.000293872
0.000161518
0.000871425
0.000500158
0.000252266
0.000137422
0.000134391
0.000264811
0.000473806
0.000487702
0.000328263
0.000173516
0.000576887
0.000281309
0.000152219
9.1847e-05
8.06741e-05
0.000126614
0.000254426
0.000475793
0.000393073
0.000186095
0.000345647
0.000159713
9.76274e-05
6.46909e-05
5.43675e-05
6.41207e-05
0.000115215
0.000282635
0.000398379
0.000234628
0.000150836
7.44977e-05
5.42287e-05
4.23755e-05
3.77117e-05
3.6808e-05
4.52056e-05
8.65659e-05
0.000255807
0.000226595
0.000146861
5.69488e-05
4.59663e-05
3.79072e-05
3.57364e-05
3.43848e-05
3.75151e-05
6.76625e-05
0.000265589
0.000407096
0.000349161
0.000122494
8.46876e-05
6.07481e-05
5.19681e-05
5.54564e-05
9.15035e-05
0.000228312
0.00051238
0.000354902
0.000589543
0.000211115
0.000131845
9.50267e-05
8.62414e-05
0.000113162
0.000227626
0.000510566
0.0005387
0.00027405
0.000939352
0.00041571
0.000246309
0.000160963
0.00016198
0.000243195
0.000500605
0.000595209
0.000476046
0.000239264
0.00130462
0.000730639
0.000489212
0.000286239
0.000292461
0.000483336
0.000662873
0.000577499
0.000419254
0.000217794
0.00140079
0.00105663
0.000676122
0.000446427
0.000535033
0.000715025
0.000674342
0.000554796
0.000378164
0.000178586
0.00111693
0.00104056
0.000930085
0.00056779
0.000765505
0.000766292
0.00068782
0.0005301
0.000347832
0.000153339
0.00146232
0.000687137
0.000706231
0.00063931
0.000824803
0.000831099
0.000717855
0.000504007
0.00032856
0.000129267
0.00129822
0.000545457
0.000768288
0.000874639
0.000969074
0.000935391
0.000746872
0.000504852
0.000307895
0.000104624
0.000960892
0.000758128
0.00139334
0.00185191
0.00152684
0.00113393
0.000797648
0.000520143
0.000303975
0.000100666
0.000961084
0.000758186
0.00139334
0.00185197
0.00152694
0.00113399
0.000797646
0.000520143
0.000303973
0.000100667
0.00129869
0.000545412
0.000768265
0.000874702
0.000969206
0.000935455
0.000746872
0.000504855
0.00030789
0.000104623
0.00146224
0.000687054
0.000706142
0.000639338
0.000824931
0.00083115
0.000717857
0.000503999
0.000328554
0.000129263
0.00111688
0.00104035
0.000929907
0.000567838
0.000765701
0.000766343
0.000687848
0.000530084
0.000347829
0.000153342
0.00140066
0.00105664
0.000676181
0.000446505
0.000535062
0.000715113
0.000674397
0.000554801
0.000378164
0.00017859
0.00130458
0.000730746
0.000489351
0.000286303
0.000292523
0.000483423
0.000662948
0.00057754
0.000419277
0.000217806
0.00093923
0.000415747
0.000246353
0.000160987
0.000161984
0.000243233
0.000500686
0.000595244
0.000476103
0.000239288
0.000589454
0.000211093
0.000131845
9.50284e-05
8.62396e-05
0.000113166
0.000227655
0.000510602
0.00053875
0.000274102
0.000349138
0.000122496
8.46922e-05
6.07522e-05
5.19678e-05
5.54561e-05
9.15051e-05
0.000228318
0.000512414
0.000354975
0.000146862
5.69551e-05
4.59771e-05
3.79125e-05
3.57397e-05
3.43856e-05
3.75132e-05
6.76532e-05
0.000265579
0.000407174
0.000153617
4.41983e-05
3.77074e-05
3.46546e-05
3.259e-05
3.1348e-05
3.45062e-05
7.27075e-05
0.000335135
0.000580178
0.000380985
9.7444e-05
7.35651e-05
5.87188e-05
5.26979e-05
7.00034e-05
0.000101123
0.000261069
0.000620323
0.000429617
0.000659663
0.000194846
0.000142859
0.000126832
0.000118404
0.00017233
0.0002667
0.00059832
0.000632707
0.000314695
0.0010085
0.000372812
0.000273981
0.000266022
0.000254344
0.000340952
0.000582619
0.000690068
0.000544349
0.000262606
0.00141061
0.000668942
0.000568602
0.000494488
0.000450529
0.000578611
0.00079136
0.000637789
0.000491072
0.000233011
0.00182244
0.0010935
0.000785013
0.000685846
0.000703925
0.000879308
0.000752264
0.000621116
0.000455947
0.000197907
0.00163544
0.00155687
0.00107477
0.000773082
0.000840711
0.000947345
0.000742273
0.000626363
0.000425377
0.000162432
0.0015276
0.00101763
0.00101073
0.000839016
0.000909177
0.000929988
0.000781937
0.000646876
0.000398945
0.000134461
0.00161397
0.000733832
0.000818269
0.000940583
0.00104593
0.00099533
0.00084999
0.00066703
0.000387912
0.000121965
0.00126474
0.000795928
0.00133894
0.00184381
0.00164896
0.00129374
0.000962177
0.000701768
0.00039189
0.00011447
0.00126501
0.000795883
0.00133877
0.00184367
0.00164889
0.00129375
0.000962204
0.000701755
0.000391886
0.000114469
0.00161437
0.000733796
0.000818247
0.000940555
0.00104581
0.000995333
0.000850014
0.000666997
0.000387899
0.000121959
0.00152734
0.00101748
0.00101055
0.00083891
0.000909175
0.000929931
0.000781938
0.000646845
0.000398934
0.000134448
0.00163543
0.00155677
0.00107469
0.000773075
0.000840699
0.000947448
0.00074229
0.000626351
0.000425366
0.000162423
0.00182233
0.00109356
0.000785072
0.000685905
0.00070387
0.000879454
0.000752312
0.000621158
0.00045594
0.000197902
0.00141052
0.00066902
0.000568698
0.00049455
0.00045066
0.000578694
0.000791407
0.000637822
0.000491095
0.00023301
0.00100828
0.000372783
0.000273982
0.000266069
0.000254401
0.000341015
0.000582716
0.000690105
0.000544401
0.000262609
0.000659502
0.000194796
0.000142836
0.000126841
0.000118421
0.000172355
0.000266735
0.000598356
0.000632746
0.000314718
0.000380916
9.74232e-05
7.35553e-05
5.87174e-05
5.26965e-05
7.00068e-05
0.000101127
0.000261076
0.000620352
0.000429689
0.000153604
4.41967e-05
3.77087e-05
3.46557e-05
3.25913e-05
3.13483e-05
3.45052e-05
7.27025e-05
0.000335116
0.000580239
0.000162654
3.63259e-05
3.30454e-05
3.06464e-05
3.00704e-05
3.31058e-05
4.35251e-05
0.000131514
0.00065313
0.000706185
0.00045556
0.0001312
0.000112765
8.44583e-05
8.31306e-05
0.000139719
0.000192121
0.000431828
0.000763559
0.0004525
0.000850234
0.000316766
0.000284154
0.000209992
0.000215465
0.000363731
0.000460022
0.000819374
0.000656859
0.000300144
0.00124815
0.000549238
0.000513121
0.000423335
0.000442238
0.000734921
0.00081474
0.00079528
0.000505461
0.000266382
0.00160277
0.000795744
0.000833151
0.000735465
0.000725457
0.000884306
0.000929881
0.000677453
0.000455488
0.000219272
0.00195636
0.00109631
0.000936612
0.000920705
0.000979112
0.000981402
0.000827704
0.000606087
0.000445902
0.000206503
0.00215007
0.00159017
0.00114953
0.00099811
0.00102923
0.000997634
0.000761056
0.000607004
0.000434454
0.000192962
0.0018173
0.0016215
0.00143989
0.00107294
0.00104943
0.000972702
0.000768776
0.000649446
0.000423793
0.000184137
0.00183919
0.000884507
0.000948608
0.00110807
0.00113559
0.00103116
0.000852458
0.000676275
0.000424715
0.000156267
0.00157769
0.000814268
0.00131748
0.00182086
0.00170933
0.0013552
0.00105043
0.000735757
0.000448722
0.000149939
0.00157811
0.000814232
0.00131729
0.0018205
0.00170914
0.00135515
0.00105042
0.00073577
0.00044872
0.000149937
0.00183957
0.000884466
0.000948471
0.00110793
0.00113562
0.00103122
0.000852492
0.000676274
0.000424711
0.000156256
0.00181718
0.00162145
0.00143957
0.00107292
0.00104947
0.00097291
0.000768841
0.000649472
0.000423782
0.000184117
0.00214998
0.00158996
0.00114936
0.000998119
0.00102926
0.000997713
0.00076112
0.000607049
0.000434459
0.000192948
0.00195621
0.00109622
0.00093658
0.000920645
0.000979179
0.000981419
0.000827768
0.000606121
0.000445897
0.000206502
0.00160256
0.000795573
0.000833099
0.000735469
0.000725493
0.000884341
0.000929939
0.000677501
0.000455499
0.000219267
0.00124765
0.000548992
0.000513027
0.000423375
0.00044228
0.00073501
0.0008148
0.000795304
0.000505496
0.000266367
0.000850044
0.000316593
0.000284083
0.000210019
0.000215492
0.000363803
0.000460112
0.000819412
0.000656882
0.00030013
0.000455427
0.000131128
0.000112734
8.44633e-05
8.31357e-05
0.000139739
0.000192157
0.000431896
0.000763596
0.000452551
0.000162641
3.63216e-05
3.30437e-05
3.06456e-05
3.00701e-05
3.31074e-05
4.35303e-05
0.000131543
0.000653181
0.000706209
0.000200809
5.53386e-05
4.7693e-05
5.67475e-05
3.95188e-05
4.76494e-05
0.00011045
0.000334305
0.00103736
0.000741886
0.000636214
0.000289106
0.000231543
0.000258961
0.000180202
0.000201733
0.000429075
0.000837989
0.000766908
0.000466935
0.00107179
0.00060947
0.000537233
0.000578447
0.000441437
0.000457615
0.000853866
0.000928781
0.000524011
0.000304766
0.00138336
0.000840991
0.000775084
0.000818564
0.000676424
0.000803843
0.000980049
0.00074409
0.000394305
0.000264874
0.00200563
0.00118974
0.0012079
0.00104365
0.000984145
0.00102158
0.000899659
0.000571911
0.000386703
0.000250454
0.00216158
0.00124424
0.00125193
0.00108459
0.00103234
0.00104828
0.000764862
0.000522165
0.000391308
0.0002345
0.00227502
0.00154636
0.0013339
0.000978324
0.00107065
0.0010061
0.000672269
0.000534177
0.000405946
0.000251167
0.00202955
0.00199221
0.00160152
0.00109037
0.000939725
0.000972268
0.000712555
0.000580764
0.000419248
0.000249402
0.00201022
0.00103193
0.00107844
0.00115708
0.00108503
0.00102478
0.000864448
0.000676528
0.000449453
0.000201312
0.00183574
0.000835637
0.00132082
0.00170447
0.00164053
0.00135623
0.00112361
0.000818951
0.00049371
0.00020344
0.00183599
0.000835636
0.00132069
0.00170432
0.00164048
0.00135623
0.00112359
0.000818937
0.000493699
0.000203435
0.00201036
0.0010319
0.00107833
0.0011568
0.00108508
0.00102475
0.000864444
0.00067656
0.000449395
0.000201301
0.00202928
0.00199195
0.00160104
0.00109018
0.000939739
0.000972152
0.000712596
0.000580753
0.000419255
0.000249385
0.00227487
0.0015461
0.00133371
0.000978311
0.00107076
0.00100629
0.000672357
0.000534173
0.000405973
0.000251157
0.00216146
0.00124408
0.00125188
0.00108469
0.00103245
0.00104851
0.000764961
0.000522183
0.000391334
0.000234509
0.00200536
0.00118955
0.0012077
0.00104368
0.000984219
0.0010218
0.000899721
0.000571945
0.000386709
0.000250448
0.00138292
0.000840651
0.000774846
0.000818469
0.000676559
0.000803872
0.000980075
0.000744141
0.000394325
0.000264864
0.00107161
0.000609343
0.000537116
0.000578387
0.000441553
0.000457637
0.000853995
0.000928835
0.000524091
0.000304749
0.000636072
0.000289014
0.000231514
0.000258928
0.000180257
0.000201754
0.000429153
0.000838158
0.000767026
0.000466937
0.000200803
5.53265e-05
4.76954e-05
5.67303e-05
3.95318e-05
4.76479e-05
0.000110472
0.000334424
0.00103749
0.000741866
0.000337885
0.000152589
0.000138057
0.000166331
0.000151388
0.000196855
0.000252356
0.000884044
0.00107307
0.000828946
0.000977817
0.000597578
0.000472719
0.00055618
0.000449029
0.000569986
0.000760322
0.000973707
0.000745939
0.000509324
0.00110731
0.00086882
0.000840552
0.00103115
0.000855399
0.000938865
0.00101808
0.00074933
0.000453414
0.000304152
0.00163366
0.00119164
0.00100779
0.00111423
0.000929859
0.000892099
0.000906381
0.000552594
0.000333097
0.000270511
0.00190554
0.00140589
0.00133446
0.0011744
0.000982466
0.000955036
0.00077202
0.000438715
0.000348543
0.000311348
0.00223768
0.0014208
0.00143746
0.0011149
0.000967703
0.000927567
0.000623926
0.000436748
0.000373759
0.000309707
0.00238695
0.00148815
0.00117704
0.000939002
0.000915778
0.000848792
0.000583818
0.000514021
0.000392766
0.000245019
0.00216676
0.00209591
0.00167643
0.000977204
0.000874346
0.000865686
0.000655009
0.000585931
0.000431741
0.000251939
0.00227073
0.00115091
0.00118079
0.00101799
0.000973939
0.000967682
0.000902554
0.000690938
0.000466041
0.00033656
0.00220843
0.000856491
0.00133877
0.00156393
0.00156373
0.00131132
0.00114969
0.000873786
0.000511738
0.000345245
0.00220859
0.000856441
0.00133874
0.00156389
0.00156373
0.00131135
0.00114969
0.000873783
0.000511718
0.000345242
0.00227072
0.00115068
0.00118049
0.00101774
0.000973905
0.000967762
0.000902617
0.0006909
0.000465985
0.000336536
0.00216611
0.00209537
0.00167588
0.00097686
0.000874327
0.000865671
0.000655012
0.000585942
0.000431715
0.000251887
0.00238701
0.00148784
0.00117675
0.000938766
0.000915667
0.000848722
0.000583833
0.000514043
0.000392803
0.000244999
0.00223749
0.00142067
0.00143735
0.00111474
0.000967612
0.000927425
0.000624004
0.000436761
0.00037384
0.000309748
0.00190524
0.00140573
0.00133439
0.00117417
0.000982381
0.000954591
0.000772111
0.00043876
0.000348567
0.000311385
0.00163343
0.0011914
0.00100785
0.00111407
0.000930036
0.000891275
0.000906468
0.00055267
0.00033313
0.000270518
0.00110718
0.00086875
0.000840879
0.00103099
0.000855826
0.000938602
0.00101816
0.000749469
0.000453494
0.000304153
0.00097766
0.000597499
0.000472988
0.000556061
0.000449248
0.00057003
0.00076041
0.000973801
0.000746066
0.000509354
0.00033793
0.000152587
0.000138203
0.000166298
0.000151477
0.000196815
0.000252375
0.000884282
0.00107319
0.000828927
0.00071768
0.000413105
0.000604569
0.000286205
0.00080924
0.000776453
0.000761609
0.00123373
0.00121191
0.000854279
0.00125876
0.00100778
0.00106793
0.000755951
0.000933714
0.00105097
0.00108243
0.00089953
0.00066325
0.000516946
0.00132894
0.0011704
0.00120871
0.00119321
0.00107777
0.000878887
0.000849342
0.000573342
0.000354386
0.000340409
0.00160785
0.00137234
0.00124186
0.00109462
0.00094865
0.000821432
0.000688543
0.000387984
0.000300422
0.000353099
0.00186735
0.00127285
0.0012655
0.00110544
0.000919521
0.000763616
0.00056365
0.000358527
0.000327774
0.000341917
0.00219063
0.00114919
0.00113418
0.00103688
0.000837617
0.000688948
0.000497685
0.000422275
0.000358797
0.000266328
0.00239095
0.00130853
0.000972207
0.000845626
0.000737194
0.000668543
0.000512016
0.000486634
0.000397137
0.00037397
0.00230711
0.00209168
0.00155418
0.000788665
0.000761859
0.000727927
0.000640351
0.000567346
0.000448082
0.000372583
0.00248377
0.00127983
0.00131249
0.001049
0.000813386
0.000856868
0.000879844
0.000728768
0.000533764
0.000438329
0.00251892
0.00088308
0.00129094
0.00149244
0.00144703
0.00124106
0.0011303
0.000912459
0.000610427
0.000496438
0.00251908
0.000882943
0.00129092
0.00149252
0.00144715
0.00124115
0.00113035
0.000912464
0.000610413
0.000496391
0.00248392
0.0012795
0.00131219
0.0010488
0.000813335
0.000856908
0.000879918
0.000728649
0.000533663
0.000438305
0.00230699
0.00209131
0.00155389
0.000788313
0.000761692
0.000727945
0.000640319
0.000567298
0.000448016
0.000372568
0.00239109
0.00130837
0.000971865
0.000845173
0.000736834
0.000668453
0.000512021
0.00048661
0.000397124
0.000373955
0.00219046
0.00114904
0.0011339
0.00103645
0.000837068
0.000688875
0.000497716
0.000422303
0.000358852
0.000266273
0.00186716
0.00127258
0.00126522
0.00110519
0.00091901
0.000763976
0.000563676
0.000358557
0.000327833
0.000341965
0.00160764
0.00137213
0.00124167
0.00109445
0.000947756
0.000822693
0.000688641
0.000388044
0.000300353
0.000353172
0.00132873
0.00117035
0.00120852
0.0011934
0.00107545
0.00088062
0.000849627
0.000573486
0.000354573
0.000340471
0.00125886
0.00100789
0.00106798
0.000756424
0.000935223
0.00105044
0.0010827
0.000899779
0.000663425
0.000517016
0.000718012
0.000413051
0.000605273
0.000286629
0.000809287
0.000776441
0.000761566
0.00123406
0.00121223
0.000854369
0.0012524
0.00104762
0.00118132
0.000929735
0.00108246
0.00101711
0.00129874
0.00124456
0.00123562
0.000951405
0.00136133
0.00143737
0.00136423
0.0012179
0.00109383
0.00107791
0.000981448
0.000852647
0.000697051
0.000569238
0.00154119
0.00137444
0.00126516
0.00124123
0.00103306
0.000824102
0.000682382
0.000471213
0.000332828
0.000383556
0.00196514
0.00145312
0.00123305
0.00105766
0.000900255
0.000749729
0.000513367
0.000322526
0.000285388
0.000388817
0.00203288
0.00118013
0.00109938
0.000996098
0.000866699
0.000645524
0.000442202
0.000336631
0.00030704
0.00037247
0.0021575
0.00102683
0.000905306
0.000834449
0.00072792
0.000551328
0.000431643
0.000415815
0.000367356
0.000382679
0.00222585
0.00124972
0.000838937
0.000682591
0.000609529
0.000530092
0.000477365
0.000497825
0.000433916
0.000415388
0.00219844
0.00197261
0.00137336
0.000711371
0.000669145
0.000615337
0.000590304
0.000587711
0.00052157
0.000489999
0.00258045
0.00129762
0.00132235
0.000999193
0.000756014
0.000742743
0.000795933
0.000756809
0.000607939
0.00052821
0.00267999
0.000844955
0.00125875
0.001348
0.00128239
0.00112671
0.00105073
0.000926586
0.000696178
0.000564488
0.00268011
0.000844752
0.00125884
0.00134789
0.00128268
0.00112685
0.00105083
0.000926662
0.000696145
0.000564415
0.0025806
0.00129738
0.00132224
0.000999251
0.000755979
0.000742764
0.000795956
0.000756653
0.000607779
0.000528115
0.002198
0.00197233
0.00137311
0.000711058
0.000668884
0.000615278
0.000590265
0.000587579
0.00052144
0.000489881
0.00222569
0.00124992
0.00083874
0.000682281
0.000609239
0.000529999
0.000477332
0.000497761
0.000433826
0.000415252
0.00215723
0.00102674
0.000905051
0.000833956
0.000727489
0.000551201
0.000431591
0.000415766
0.000367336
0.000382637
0.00203261
0.00117994
0.00109901
0.000995756
0.000866361
0.000645335
0.000442174
0.000336616
0.000307053
0.000372513
0.00196485
0.00145293
0.00123276
0.00105744
0.000900025
0.000749529
0.000513321
0.000322538
0.000285416
0.000388908
0.00154111
0.00137435
0.00126509
0.00124091
0.00103273
0.000823864
0.000682472
0.000471362
0.000332878
0.000383547
0.00136131
0.0014375
0.00136404
0.00121789
0.00109367
0.0010777
0.000981509
0.000852845
0.000697287
0.000569289
0.00125285
0.00104767
0.00118176
0.000931263
0.00108308
0.00101766
0.00129902
0.00124482
0.00123615
0.000951718
0.00154858
0.00166309
0.00173929
0.00146904
0.00138286
0.00145695
0.00145611
0.00142367
0.00132314
0.00102509
0.00137691
0.00159651
0.0014751
0.00139003
0.00118314
0.00108253
0.000875549
0.000835368
0.000656478
0.000600122
0.00150011
0.00139223
0.00123318
0.00114261
0.000996659
0.000788996
0.000582367
0.00040859
0.000305529
0.000406036
0.00193277
0.00150106
0.00113762
0.0009715
0.000825107
0.000668781
0.000428019
0.000298494
0.000271252
0.000413793
0.00223504
0.00133368
0.000994889
0.00087885
0.000759158
0.000580237
0.000383323
0.000337872
0.000309211
0.000418315
0.00230814
0.00118656
0.000823484
0.00071839
0.000630187
0.000494536
0.000396158
0.00041333
0.00037848
0.000466149
0.0023263
0.00134933
0.000778813
0.000578554
0.000526189
0.00046075
0.000433359
0.00049533
0.000467034
0.000442464
0.00248209
0.00172279
0.00127114
0.000638011
0.000570582
0.000530947
0.000536076
0.000595703
0.000570633
0.000574423
0.00288533
0.0013198
0.00130189
0.000970706
0.000732906
0.000666114
0.000712195
0.000751437
0.000670879
0.000621616
0.00306201
0.000849796
0.00117939
0.00122656
0.00112832
0.000976678
0.000910891
0.00086872
0.000765756
0.000637398
0.00306195
0.000849604
0.00117957
0.00122666
0.00112839
0.000976647
0.000910917
0.000868777
0.000765681
0.000637284
0.00288554
0.00131944
0.00130199
0.000970332
0.000732967
0.000665983
0.000712016
0.000751277
0.000670634
0.000621448
0.00248214
0.00172239
0.00127084
0.00063774
0.000570296
0.000530768
0.000535884
0.000595442
0.00057039
0.000574215
0.00232602
0.00134954
0.000778669
0.000578187
0.000525872
0.000460632
0.000433232
0.000495116
0.000466882
0.000442374
0.00230802
0.00118657
0.000823268
0.00071806
0.000629918
0.00049433
0.000396046
0.0004132
0.000378391
0.000466172
0.00223513
0.00133376
0.000994665
0.000878651
0.000759037
0.000580037
0.000383233
0.000337788
0.000309198
0.000418342
0.00193298
0.00150118
0.00113753
0.000971317
0.000824903
0.000668546
0.00042791
0.000298414
0.000271261
0.000413948
0.00150018
0.00139229
0.00123292
0.00114221
0.000996315
0.000788728
0.000582302
0.00040855
0.000305638
0.000406435
0.00137706
0.00159633
0.00147487
0.00138962
0.00118303
0.00108255
0.000875685
0.000835585
0.00065683
0.000600581
0.00154859
0.00166309
0.0017395
0.00147098
0.00138393
0.00145725
0.00145633
0.00142402
0.00132341
0.00102513
0.00180534
0.00195951
0.00186362
0.00174955
0.00164948
0.00164047
0.00165268
0.00147137
0.00151516
0.00115924
0.00152767
0.00169307
0.00154532
0.00143069
0.00119778
0.00100926
0.000847346
0.000790572
0.000624368
0.000614458
0.0015031
0.00140912
0.00122089
0.00109669
0.000888984
0.000694225
0.000508191
0.000347117
0.000293764
0.000444545
0.0016925
0.001433
0.0011516
0.000931245
0.000744168
0.000585048
0.000397764
0.000284898
0.000274018
0.000453409
0.00188015
0.00150137
0.000972455
0.000839005
0.0006886
0.000530637
0.000373881
0.00032947
0.00030957
0.000453404
0.00204546
0.00157132
0.000917757
0.000698775
0.00057534
0.000466804
0.000378644
0.000399432
0.000387081
0.000523857
0.00237838
0.00172575
0.000945001
0.000562739
0.000480056
0.000433612
0.000405655
0.000470673
0.000460779
0.000550775
0.00275736
0.00177764
0.00125411
0.000605873
0.000492073
0.000467025
0.000482595
0.000566337
0.000575527
0.000602937
0.00305535
0.00158656
0.00125308
0.000927785
0.000662627
0.000601799
0.000630624
0.00069781
0.000693867
0.000671129
0.00320506
0.00119136
0.0010838
0.0011202
0.0010247
0.000877831
0.000788006
0.000776557
0.00076727
0.000753293
0.00320509
0.00119106
0.001084
0.00112048
0.00102464
0.000877616
0.000788057
0.000776641
0.000767213
0.00075311
0.00305561
0.00158605
0.00125323
0.000927438
0.000662018
0.000601634
0.000630464
0.000697627
0.000693561
0.00067084
0.00275782
0.00177734
0.00125384
0.000605522
0.000491879
0.000466934
0.000482386
0.000566018
0.000575224
0.000602755
0.00237893
0.00172587
0.0009449
0.000562947
0.00048006
0.000433519
0.000405536
0.000470399
0.000460556
0.000550663
0.00204606
0.00157162
0.000917799
0.000698507
0.000575237
0.000466685
0.000378544
0.000399234
0.000386912
0.000523768
0.00188062
0.00150176
0.000972538
0.000838936
0.000688406
0.000530465
0.000373739
0.0003293
0.000309492
0.000453385
0.00169293
0.00143323
0.00115165
0.000931181
0.000744054
0.000584879
0.000397555
0.000284735
0.000274008
0.00045351
0.00150342
0.0014093
0.00122077
0.0010965
0.000888783
0.000694074
0.000508002
0.000347092
0.000293793
0.000444547
0.00152768
0.0016929
0.00154466
0.00143058
0.00119762
0.00100907
0.000847296
0.000790801
0.000623643
0.000613712
0.00180524
0.00195914
0.00186384
0.00175025
0.00164997
0.00164067
0.00165279
0.00147141
0.00151573
0.00115999
0.00191318
0.0019959
0.00208525
0.00183473
0.00189715
0.00171614
0.00179029
0.00178134
0.00174894
0.00126434
0.00163046
0.00155649
0.00144468
0.00131084
0.0011181
0.000829462
0.000835109
0.000672661
0.000615329
0.000599068
0.00156784
0.00133944
0.00111953
0.0010073
0.000794284
0.000604865
0.000467253
0.000319483
0.000275176
0.000452751
0.00161133
0.001334
0.00111519
0.000883026
0.000675156
0.000518727
0.000377827
0.000287996
0.000274219
0.000448315
0.00163231
0.00141934
0.00111678
0.000824247
0.000633052
0.000485956
0.000374247
0.00032654
0.000303955
0.000468427
0.00178219
0.00148581
0.00112903
0.000749401
0.000568879
0.000447765
0.000377123
0.000383329
0.000385225
0.000545411
0.00200662
0.00163714
0.00118046
0.000684777
0.00047815
0.000418254
0.000388766
0.000444578
0.000453824
0.000600518
0.00238879
0.00177817
0.00122588
0.000720069
0.000456069
0.00043195
0.000436741
0.000520989
0.000564853
0.000615946
0.0026926
0.00176848
0.00113293
0.00089918
0.00059967
0.000544441
0.000557298
0.000614441
0.000659218
0.000727299
0.00283962
0.00164216
0.000976294
0.000976
0.000878203
0.000778769
0.000685971
0.000668381
0.000729998
0.00081012
0.00283975
0.00164204
0.000976435
0.000976309
0.000878081
0.00077853
0.000685979
0.000668438
0.000729929
0.000809974
0.002693
0.00176823
0.001133
0.000899322
0.000598573
0.000544101
0.00055713
0.000614328
0.000658886
0.000727049
0.00238947
0.00177815
0.00122564
0.000719787
0.000455893
0.000431748
0.000436516
0.000520685
0.000564538
0.000615745
0.00200732
0.0016375
0.00118049
0.000684271
0.000478051
0.000418199
0.00038862
0.000444292
0.000453546
0.000600401
0.00178287
0.00148623
0.00112925
0.000749666
0.000569395
0.000447847
0.000377034
0.000383093
0.00038499
0.000545336
0.00163284
0.00141974
0.00111703
0.000824348
0.000633053
0.00048591
0.000374118
0.000326341
0.000303776
0.000468498
0.00161163
0.00133421
0.00111531
0.000882964
0.000675067
0.000518604
0.000377663
0.000287803
0.000274175
0.000448356
0.00156773
0.00133948
0.00111944
0.00100715
0.000794179
0.000604767
0.00046712
0.000319343
0.00027512
0.000452924
0.00163022
0.00155601
0.0014436
0.00131001
0.00111756
0.000829324
0.0008353
0.000672161
0.000615056
0.000599223
0.00191315
0.0019957
0.00208551
0.00183538
0.0018966
0.00171622
0.00179039
0.00178167
0.00174998
0.00126503
0.00205286
0.00223857
0.00224348
0.0020156
0.00203907
0.00211897
0.0018593
0.00170589
0.00176099
0.00125032
0.0016366
0.00137098
0.00134274
0.00103147
0.00096459
0.000850716
0.00078292
0.00054478
0.000519628
0.00051368
0.00160489
0.00109828
0.000956914
0.000848328
0.000694268
0.000540655
0.000424359
0.000306473
0.000262545
0.000418946
0.0016989
0.0011616
0.000983958
0.000810598
0.000602671
0.000463654
0.00036472
0.000295227
0.000272091
0.000406991
0.0017018
0.00122035
0.00104059
0.000783944
0.000581173
0.000445533
0.00036168
0.000330399
0.000311506
0.0004737
0.00174217
0.00134305
0.0011128
0.000768569
0.000551666
0.000428053
0.000370941
0.00037469
0.000381791
0.000535676
0.00177146
0.00148599
0.00119804
0.000803732
0.000523421
0.000423625
0.000391373
0.000416827
0.000443045
0.0005655
0.00181981
0.00163248
0.00123137
0.000842569
0.000516341
0.000428637
0.000413855
0.000479314
0.000526725
0.000635865
0.00186595
0.00165808
0.00117732
0.000893743
0.000603539
0.000522816
0.000500827
0.000546939
0.000612173
0.00072782
0.00189669
0.00160077
0.00103853
0.000836899
0.000722495
0.00066661
0.000588508
0.000575242
0.000663606
0.000737411
0.00189684
0.00160069
0.00103856
0.00083721
0.000722485
0.000666408
0.000588495
0.000575278
0.000663542
0.000737308
0.00186637
0.00165794
0.00117736
0.000894417
0.000603078
0.0005221
0.000500399
0.0005468
0.000611906
0.000727608
0.00182038
0.00163248
0.00123138
0.000842948
0.000516318
0.000428495
0.000413609
0.000479051
0.000526429
0.000635701
0.00177201
0.00148628
0.00119815
0.000804422
0.000523781
0.000423722
0.000391277
0.000416589
0.000442791
0.000565345
0.00174252
0.00134338
0.00111304
0.000768718
0.000551572
0.000427977
0.000370834
0.000374499
0.000381542
0.000535628
0.00170189
0.00122061
0.00104084
0.000784096
0.000580985
0.000445466
0.000361598
0.00033021
0.000311315
0.000473732
0.00169864
0.0011618
0.000984119
0.00081057
0.000602605
0.000463594
0.000364592
0.000295045
0.000271971
0.000407176
0.00160449
0.00109825
0.000956916
0.000848235
0.000694164
0.000540563
0.000424192
0.000306282
0.000262458
0.000419254
0.00163628
0.00137018
0.00134175
0.00103077
0.000964079
0.000850579
0.000782746
0.000544373
0.000519567
0.000513941
0.00205281
0.00223849
0.00224376
0.0020151
0.00203919
0.0021191
0.00185939
0.00170533
0.00176217
0.00125146
0.00228876
0.00210376
0.00227126
0.00235901
0.00206595
0.00217804
0.00202845
0.00162514
0.00178654
0.00118893
0.00177298
0.000978943
0.000950404
0.000921146
0.000787397
0.000729153
0.000631175
0.000438545
0.000415625
0.000474333
0.00164704
0.000847835
0.000771538
0.00071103
0.000603457
0.000485712
0.000399181
0.000302884
0.00026715
0.000403259
0.00168155
0.000965109
0.000816939
0.00071121
0.000563973
0.000444151
0.000366419
0.000307013
0.000279089
0.000420946
0.00167
0.00104351
0.000901835
0.000729519
0.000554734
0.000432971
0.000370202
0.000337121
0.000317989
0.000433641
0.00172215
0.00115678
0.000985327
0.000741944
0.000550552
0.000426772
0.000373418
0.000378763
0.000386631
0.000487999
0.00174525
0.00128336
0.00108813
0.000773071
0.000545869
0.000423459
0.000385646
0.000411698
0.000433599
0.000507195
0.00176171
0.0014109
0.00112886
0.000779502
0.000543961
0.000435717
0.000419848
0.000454276
0.00051159
0.00060238
0.00173935
0.0014427
0.00110847
0.00077066
0.00057939
0.000495272
0.000487966
0.000501346
0.000577736
0.000660352
0.0017243
0.00143591
0.00104948
0.000735343
0.00060513
0.000555375
0.000512806
0.000506843
0.000609644
0.000660416
0.00172444
0.00143587
0.00104947
0.000735496
0.000605155
0.000555316
0.000512819
0.000506871
0.000609586
0.000660385
0.00173963
0.00144268
0.00110843
0.000770858
0.000578872
0.000494995
0.00048782
0.000501256
0.000577544
0.000660155
0.00176208
0.00141096
0.00112883
0.000779527
0.000543997
0.000435827
0.000419721
0.000454133
0.000511353
0.000602209
0.00174556
0.00128367
0.00108821
0.000773083
0.00054598
0.000423568
0.000385626
0.000411509
0.000433352
0.000507078
0.00172218
0.00115706
0.00098554
0.000742153
0.000550623
0.000426707
0.000373386
0.000378593
0.000386398
0.000488014
0.00166968
0.00104377
0.000902053
0.000729688
0.000554753
0.000433181
0.000370164
0.000336949
0.000317792
0.000433627
0.00168116
0.000965213
0.000817104
0.000711266
0.000563972
0.000444132
0.000366304
0.000306901
0.000278948
0.000421056
0.00164657
0.000847764
0.000771638
0.000711057
0.000603419
0.000485427
0.000398964
0.000302687
0.00026711
0.000403336
0.00177277
0.000978235
0.000949928
0.00092087
0.000787355
0.000728743
0.000630763
0.00043783
0.000415905
0.000474597
0.00228895
0.00210315
0.00227097
0.00235879
0.00206601
0.00217798
0.00202857
0.00162692
0.00178961
0.0011905
0.00228958
0.00207553
0.00186187
0.00140584
0.00165645
0.00185848
0.00183473
0.00150494
0.00164093
0.00105165
0.00177461
0.000728351
0.00075082
0.00069963
0.000611685
0.000537305
0.000470004
0.000381237
0.000345076
0.000440918
0.00162622
0.000623251
0.000634705
0.000608587
0.000541988
0.000430716
0.000348136
0.000262791
0.000228465
0.000391237
0.00162216
0.000715629
0.0007098
0.000670558
0.00055627
0.00042655
0.000357716
0.000277399
0.000241099
0.000361606
0.00155284
0.000814802
0.000787693
0.000707851
0.000563177
0.000437063
0.000375973
0.000304376
0.0002678
0.000368322
0.0015471
0.000902982
0.000874888
0.000750164
0.000570684
0.000438585
0.000391805
0.00035577
0.000334595
0.000397123
0.00154446
0.00100892
0.000959339
0.000781615
0.000580916
0.000449523
0.000407052
0.000394839
0.000374972
0.000407983
0.00154942
0.00109873
0.0010013
0.00078658
0.000581729
0.000457389
0.000422375
0.000451067
0.000447344
0.000466391
0.00150231
0.00114223
0.00101264
0.000784374
0.000592294
0.000481093
0.000455805
0.000490108
0.000490225
0.000492116
0.00147131
0.00114808
0.00098406
0.000752373
0.000576858
0.000485331
0.000459017
0.000495975
0.000517161
0.000554011
0.0014714
0.00114808
0.000984038
0.00075238
0.000576885
0.000485345
0.000459078
0.00049599
0.000517108
0.000553944
0.00150253
0.00114232
0.00101263
0.000784283
0.000592224
0.000480874
0.000455776
0.000490097
0.000490123
0.000492
0.00154953
0.00109891
0.00100132
0.000786536
0.000581707
0.000457329
0.000422263
0.000450933
0.000447175
0.000466313
0.00154441
0.00100914
0.000959392
0.000781551
0.000581026
0.000449259
0.000406983
0.000394686
0.000374795
0.00040794
0.00154699
0.000903325
0.000875071
0.000750223
0.000570752
0.000438794
0.000391779
0.000355641
0.000334455
0.000397082
0.00155261
0.000815127
0.000787895
0.000707989
0.000563238
0.000437191
0.00037593
0.000304148
0.00026766
0.000368283
0.00162186
0.000715856
0.000709998
0.000670687
0.000556283
0.000426481
0.000357614
0.000277354
0.000241042
0.000361647
0.00162581
0.00062328
0.000634826
0.000608642
0.000541867
0.000430528
0.000347999
0.000262805
0.000228559
0.000391129
0.00177427
0.000728197
0.000750807
0.000699485
0.0006115
0.000537014
0.000469786
0.000381469
0.000345645
0.000441046
0.00228959
0.00207483
0.00186211
0.00140529
0.00165606
0.0018579
0.00183498
0.00150642
0.00164367
0.00105229
0.00243966
0.00138669
0.00136876
0.00147502
0.00179964
0.00142078
0.00157677
0.00164908
0.00117029
0.00117207
0.00191537
0.000566327
0.00061391
0.000657793
0.000561828
0.000509762
0.000489143
0.000419503
0.000359368
0.000652626
0.00166674
0.000519078
0.000572496
0.000555833
0.000484615
0.000388017
0.000341497
0.000300791
0.000292964
0.000542288
0.00160324
0.000616442
0.000686672
0.000650588
0.000532236
0.00041204
0.000362113
0.000316075
0.000264693
0.000461729
0.00148237
0.000709187
0.000769207
0.000699016
0.000552474
0.00042193
0.000374468
0.000330798
0.000271941
0.000434203
0.00144731
0.000776306
0.000879622
0.000765441
0.000586788
0.000445409
0.00040696
0.000373956
0.000320887
0.00041963
0.00139227
0.000827991
0.000950875
0.000802105
0.000606284
0.000459169
0.000424262
0.00039165
0.000352647
0.000418294
0.00136495
0.000878593
0.000991611
0.000823056
0.000630233
0.00048824
0.00046866
0.000450643
0.000429941
0.000432192
0.00130844
0.000900261
0.00100919
0.000829685
0.000639075
0.000509992
0.000495618
0.000484115
0.000463046
0.000453278
0.00128206
0.000900495
0.000990347
0.000810471
0.000641236
0.000526974
0.000514193
0.000503061
0.000494655
0.000477238
0.00128211
0.000900517
0.000990329
0.000810443
0.0006412
0.000526921
0.000514162
0.000503048
0.000494637
0.00047722
0.00130855
0.000900382
0.00100919
0.000829597
0.000639032
0.000509719
0.000495407
0.000484138
0.000463039
0.000453211
0.001365
0.000878763
0.000991633
0.000822986
0.000630213
0.000488184
0.00046854
0.000450598
0.000429905
0.000432152
0.00139221
0.000828228
0.000950937
0.000802023
0.000606364
0.000459065
0.000424145
0.000391579
0.000352607
0.000418178
0.00144717
0.000776579
0.00087974
0.000765436
0.000586816
0.000445396
0.000406903
0.000373893
0.000320881
0.000419507
0.00148223
0.000709453
0.000769331
0.000699101
0.000552493
0.000421947
0.000374474
0.000330844
0.000271855
0.000434044
0.00160307
0.00061654
0.000686774
0.000650682
0.000532223
0.000412031
0.000362079
0.000316099
0.000264551
0.000461525
0.00166645
0.00051908
0.00057248
0.00055585
0.000484527
0.000387963
0.000341472
0.000301055
0.000292922
0.000542062
0.00191505
0.000566285
0.000613885
0.000657676
0.000561761
0.000509639
0.000489043
0.000419936
0.000359456
0.000652439
0.00243987
0.00138675
0.00136932
0.00147515
0.00179952
0.00142154
0.0015783
0.001652
0.00117102
0.00117229
0.00236065
0.00105004
0.000974882
0.00102848
0.000911083
0.000948025
0.000966953
0.00100213
0.00120337
0.000891684
0.00193307
0.000469968
0.000477787
0.000452454
0.000371515
0.000343674
0.000348754
0.000408427
0.000674359
0.000886271
0.00179363
0.000415501
0.000458339
0.000401425
0.000340266
0.000297894
0.000295315
0.000360636
0.000558144
0.000714727
0.00167408
0.000473182
0.000541791
0.00046838
0.000379138
0.00031182
0.000296793
0.000321835
0.000466928
0.000652495
0.00158212
0.00048756
0.000583021
0.000505861
0.000416247
0.000322743
0.000301021
0.000310673
0.000425731
0.000607844
0.00155941
0.00068853
0.000611369
0.000562557
0.000437602
0.000364325
0.000329441
0.000313842
0.000377559
0.000566842
0.00149542
0.000668063
0.000627113
0.000584608
0.000445074
0.000362931
0.000339039
0.000316911
0.000371462
0.0005436
0.0014636
0.000687933
0.000651797
0.000603133
0.000466292
0.000383285
0.000393499
0.00035967
0.000389958
0.000532982
0.00142729
0.000687381
0.00065189
0.000603398
0.000473439
0.000394496
0.000410474
0.000377835
0.000398081
0.000528783
0.00140795
0.000676715
0.000636559
0.000595143
0.000483938
0.000414949
0.000437332
0.00041152
0.000417703
0.000534095
0.00140801
0.000676732
0.000636575
0.000595207
0.000483868
0.00041486
0.000437246
0.000411473
0.000417673
0.000534068
0.00142738
0.000687442
0.000651888
0.000603272
0.000473233
0.00039437
0.000410312
0.0003778
0.000398046
0.000528739
0.00146363
0.00068804
0.000651821
0.000603118
0.000465939
0.000383019
0.00039319
0.000359624
0.00038991
0.000532907
0.0014953
0.000668194
0.000627161
0.000584624
0.000444705
0.000362542
0.000338843
0.000316847
0.000371359
0.000543504
0.00155926
0.00068868
0.000611406
0.000562663
0.000437292
0.000364002
0.000329305
0.000313766
0.000377411
0.000566701
0.00158192
0.000487614
0.00058302
0.000505967
0.000415997
0.000322574
0.000300948
0.000310563
0.000425511
0.000607703
0.00167387
0.000473113
0.000541728
0.000468399
0.000378976
0.000311708
0.00029676
0.00032174
0.000466619
0.000652371
0.00179335
0.000415431
0.000458169
0.000401425
0.000340232
0.000297855
0.00029527
0.000360368
0.000557835
0.000714718
0.0019328
0.000470045
0.000477786
0.000452558
0.000371509
0.000343685
0.000348741
0.000408419
0.000674109
0.000886591
0.00236082
0.00105017
0.000975155
0.00102908
0.000911459
0.000948429
0.000967587
0.00100264
0.00120356
0.00089254
)
;

boundaryField
{
    side
    {
        type            calculated;
        value           nonuniform List<scalar> 
800
(
7.78731e-20
7.78731e-20
7.78731e-20
7.78731e-20
7.78731e-20
7.78731e-20
7.78731e-20
7.78731e-20
7.78731e-20
7.78731e-20
7.78731e-20
7.78731e-20
7.78731e-20
7.78731e-20
7.78731e-20
7.78731e-20
7.78731e-20
7.78731e-20
7.78731e-20
7.78731e-20
7.78722e-20
7.78722e-20
7.78722e-20
7.78722e-20
7.78722e-20
7.78722e-20
7.78722e-20
7.78722e-20
7.78722e-20
7.78722e-20
7.78722e-20
7.78722e-20
7.78722e-20
7.78722e-20
7.78722e-20
7.78722e-20
7.78722e-20
7.78722e-20
7.78722e-20
7.78722e-20
7.78713e-20
7.78713e-20
7.78713e-20
7.78713e-20
7.78713e-20
7.78713e-20
7.78713e-20
7.78713e-20
7.78713e-20
7.78713e-20
7.78713e-20
7.78713e-20
7.78713e-20
7.78713e-20
7.78713e-20
7.78713e-20
7.78713e-20
7.78713e-20
7.78713e-20
7.78713e-20
2.55009e-19
3.16289e-19
7.78704e-20
7.78704e-20
7.78704e-20
7.78704e-20
7.78704e-20
7.78704e-20
7.78704e-20
7.78704e-20
7.78704e-20
7.78704e-20
7.78704e-20
7.78704e-20
7.78704e-20
7.78704e-20
7.78704e-20
7.78704e-20
3.16342e-19
2.55061e-19
6.34006e-19
6.56613e-19
7.78695e-20
7.78695e-20
7.78695e-20
7.78695e-20
7.78695e-20
7.78695e-20
7.78695e-20
7.78695e-20
7.78695e-20
7.78695e-20
7.78695e-20
7.78695e-20
7.78695e-20
7.78695e-20
7.78695e-20
7.78695e-20
6.56768e-19
6.34155e-19
1.13974e-18
7.78686e-20
7.78686e-20
7.78686e-20
7.78686e-20
7.78686e-20
7.78686e-20
7.78686e-20
7.78685e-20
7.78685e-20
7.78685e-20
7.78685e-20
7.78686e-20
7.78686e-20
7.78686e-20
7.78686e-20
7.78686e-20
7.78686e-20
7.78686e-20
1.13996e-18
7.78678e-20
7.78677e-20
7.78677e-20
7.78677e-20
7.78677e-20
7.78677e-20
7.78676e-20
7.78676e-20
7.78676e-20
7.78676e-20
7.78676e-20
7.78676e-20
7.78676e-20
7.78676e-20
7.78677e-20
7.78677e-20
7.78677e-20
7.78677e-20
7.78677e-20
7.78678e-20
7.78669e-20
7.78668e-20
7.78668e-20
7.78668e-20
7.78668e-20
7.78668e-20
7.78667e-20
7.78667e-20
7.78667e-20
7.78666e-20
7.78666e-20
7.78667e-20
7.78667e-20
7.78667e-20
7.78668e-20
7.78668e-20
7.78668e-20
7.78668e-20
7.78668e-20
7.78669e-20
7.7866e-20
7.78659e-20
7.78659e-20
7.78659e-20
7.78659e-20
7.78658e-20
7.78658e-20
7.78658e-20
7.78658e-20
7.78657e-20
7.78657e-20
7.78658e-20
7.78658e-20
7.78658e-20
7.78658e-20
7.78659e-20
7.78659e-20
7.78659e-20
7.78659e-20
7.7866e-20
7.78651e-20
7.7865e-20
7.7865e-20
7.7865e-20
7.7865e-20
7.7865e-20
7.78649e-20
7.78649e-20
7.7865e-20
7.7865e-20
7.7865e-20
7.7865e-20
7.78649e-20
7.78649e-20
7.7865e-20
7.7865e-20
7.7865e-20
7.7865e-20
7.7865e-20
7.78651e-20
7.78642e-20
7.78641e-20
7.78641e-20
7.78642e-20
7.78641e-20
7.7864e-20
7.78642e-20
7.78642e-20
7.78641e-20
7.78641e-20
7.78641e-20
7.78641e-20
7.78642e-20
7.78642e-20
7.7864e-20
7.78641e-20
7.78642e-20
7.78641e-20
7.78641e-20
7.78642e-20
7.78642e-20
7.78633e-20
7.78633e-20
7.78633e-20
7.78633e-20
7.78633e-20
7.78633e-20
7.78633e-20
7.78633e-20
7.78632e-20
7.78632e-20
7.78633e-20
7.78633e-20
7.78633e-20
7.78633e-20
7.78633e-20
7.78633e-20
7.78633e-20
7.78633e-20
7.78642e-20
5.4502e-20
7.78645e-20
7.78624e-20
7.78666e-20
4.84066e-20
7.78683e-20
7.78623e-20
2.76235e-18
7.78624e-20
7.78624e-20
7.78624e-20
7.78624e-20
2.76026e-18
7.78623e-20
7.78683e-20
4.84245e-20
7.78666e-20
7.78624e-20
7.78645e-20
5.45143e-20
4.98893e-20
3.09062e-18
4.35434e-20
7.78673e-20
7.78615e-20
7.78615e-20
7.78615e-20
4.02599e-20
3.51508e-18
7.78615e-20
7.78615e-20
3.5124e-18
4.02704e-20
7.78615e-20
7.78615e-20
7.78615e-20
7.78673e-20
4.3578e-20
3.08649e-18
4.98722e-20
4.77043e-20
3.97877e-20
7.78687e-20
2.49245e-18
7.78728e-20
7.78606e-20
7.7874e-20
3.89202e-20
4.33901e-18
7.78606e-20
7.78606e-20
4.33689e-18
3.893e-20
7.7874e-20
7.78606e-20
7.78727e-20
2.49121e-18
7.78687e-20
3.97959e-20
4.7717e-20
5.90967e-18
3.82691e-20
2.51121e-18
3.48926e-20
3.55723e-20
7.78761e-20
7.78763e-20
4.07781e-18
7.78598e-20
7.78597e-20
7.78597e-20
7.78598e-20
4.07555e-18
7.78763e-20
7.78761e-20
3.55893e-20
3.4907e-20
2.51156e-18
3.82773e-20
5.9122e-18
3.44947e-18
3.89688e-20
2.45585e-18
2.6408e-18
3.49179e-20
3.40069e-20
3.45348e-18
7.78789e-20
7.78785e-20
3.15345e-20
3.15388e-20
7.78785e-20
7.78789e-20
3.45149e-18
3.40158e-20
3.49262e-20
2.64077e-18
2.45627e-18
3.89704e-20
3.4536e-18
3.31355e-18
1.41706e-18
1.25013e-18
1.14039e-18
1.15562e-18
3.56161e-20
3.43391e-20
3.21402e-18
3.37292e-18
3.85241e-18
3.8517e-18
3.37183e-18
3.21306e-18
3.43386e-20
3.56131e-20
1.15533e-18
1.14033e-18
1.25009e-18
1.41723e-18
3.31402e-18
3.63996e-18
2.11428e-18
1.77353e-18
1.55278e-18
1.46542e-18
1.42571e-18
1.42439e-18
1.46731e-18
1.50925e-18
1.56421e-18
1.56406e-18
1.509e-18
1.46707e-18
1.424e-18
1.42533e-18
1.46488e-18
1.55214e-18
1.77298e-18
2.11388e-18
3.64095e-18
2.54526e-18
2.59201e-18
2.10958e-18
1.98068e-18
1.87146e-18
1.79998e-18
1.7472e-18
1.74291e-18
1.74485e-18
1.77927e-18
1.77922e-18
1.74474e-18
1.74274e-18
1.74697e-18
1.79966e-18
1.87118e-18
1.98053e-18
2.10976e-18
2.5932e-18
2.54788e-18
7.7873e-20
7.78722e-20
4.69335e-19
4.59848e-19
7.78695e-20
7.78685e-20
7.78674e-20
7.78663e-20
7.78652e-20
7.78644e-20
7.78638e-20
7.78632e-20
5.03269e-20
7.78464e-18
8.0709e-18
4.66196e-20
1.05775e-17
6.68389e-18
7.19448e-18
7.26449e-18
7.7873e-20
7.78722e-20
5.0823e-19
7.78704e-20
7.78695e-20
7.78685e-20
7.78674e-20
7.78663e-20
7.78653e-20
7.78645e-20
7.78637e-20
7.78631e-20
7.78624e-20
7.78664e-20
4.63179e-20
1.12437e-17
6.25581e-18
1.47657e-17
4.24763e-18
3.30545e-18
7.7873e-20
7.78721e-20
7.78713e-20
7.78704e-20
7.78694e-20
7.78684e-20
7.78674e-20
7.78663e-20
7.78653e-20
7.78645e-20
7.78638e-20
7.78631e-20
7.62358e-18
8.10065e-18
9.88386e-18
1.12179e-17
3.60163e-20
3.03461e-20
4.37977e-18
3.10623e-18
7.7873e-20
7.78721e-20
7.78712e-20
7.78703e-20
7.78694e-20
7.78684e-20
7.78673e-20
7.78663e-20
7.78654e-20
7.78646e-20
7.78638e-20
7.78632e-20
7.78624e-20
7.35053e-18
4.65691e-20
3.87764e-20
1.44831e-17
2.36193e-20
2.49564e-20
3.28489e-18
7.7873e-20
7.78721e-20
7.78712e-20
7.78703e-20
7.78693e-20
7.78683e-20
7.78673e-20
7.78663e-20
7.78654e-20
7.78646e-20
7.78639e-20
7.78632e-20
7.78624e-20
7.78615e-20
9.22205e-18
4.13779e-20
6.43859e-18
5.86419e-18
1.46926e-17
2.84635e-18
7.7873e-20
7.78721e-20
7.78712e-20
7.78703e-20
7.78693e-20
7.78683e-20
7.78673e-20
7.78664e-20
7.78654e-20
7.78647e-20
7.7864e-20
7.78632e-20
5.51894e-18
7.78653e-20
3.94278e-20
1.16277e-17
1.35492e-17
1.47276e-17
2.54775e-20
3.04731e-18
7.78731e-20
7.78722e-20
7.78713e-20
7.78703e-20
7.78694e-20
7.78684e-20
7.78674e-20
7.78664e-20
7.78655e-20
7.78647e-20
7.7864e-20
7.78633e-20
5.10261e-20
8.17061e-18
5.33887e-18
3.89057e-20
1.33065e-17
1.43019e-17
2.78403e-20
3.25903e-18
7.78731e-20
7.78722e-20
7.78713e-20
7.78704e-20
7.78694e-20
7.78684e-20
7.78675e-20
7.78665e-20
7.78657e-20
7.78649e-20
7.78641e-20
7.78632e-20
7.78624e-20
7.78614e-20
9.44574e-18
3.53185e-20
3.24232e-20
4.76854e-18
1.05459e-17
3.36745e-18
7.78731e-20
7.78722e-20
7.78713e-20
7.78704e-20
7.78695e-20
7.78686e-20
7.78676e-20
7.78668e-20
7.78659e-20
7.7865e-20
7.78642e-20
7.78632e-20
7.78646e-20
7.78615e-20
7.78663e-20
3.92174e-20
1.09119e-17
3.69461e-20
3.95101e-18
3.78204e-18
7.78731e-20
7.78722e-20
1.28096e-19
2.55009e-19
6.34006e-19
7.78686e-20
7.78678e-20
7.78669e-20
7.7866e-20
7.78651e-20
7.78642e-20
7.78633e-20
5.4502e-20
7.78643e-20
7.78635e-20
4.53983e-20
4.61873e-20
3.31355e-18
3.63996e-18
2.54526e-18
7.7873e-20
7.78722e-20
4.69392e-19
4.59934e-19
7.78695e-20
7.78685e-20
7.78674e-20
7.78663e-20
7.78652e-20
7.78644e-20
7.78638e-20
7.78632e-20
5.03258e-20
7.78393e-18
8.07098e-18
4.66181e-20
1.05781e-17
6.68471e-18
7.19557e-18
7.265e-18
7.7873e-20
7.78722e-20
5.08247e-19
7.78704e-20
7.78695e-20
7.78685e-20
7.78674e-20
7.78663e-20
7.78653e-20
7.78645e-20
7.78637e-20
7.78631e-20
7.78624e-20
7.78664e-20
4.63058e-20
1.12457e-17
6.2548e-18
1.4766e-17
4.24803e-18
3.30594e-18
7.7873e-20
7.78721e-20
7.78713e-20
7.78704e-20
7.78694e-20
7.78684e-20
7.78674e-20
7.78663e-20
7.78653e-20
7.78645e-20
7.78638e-20
7.78631e-20
7.63039e-18
8.10648e-18
9.89046e-18
1.12237e-17
3.60219e-20
3.03628e-20
4.38187e-18
3.10713e-18
7.7873e-20
7.78721e-20
7.78712e-20
7.78703e-20
7.78694e-20
7.78684e-20
7.78673e-20
7.78663e-20
7.78654e-20
7.78646e-20
7.78638e-20
7.78632e-20
7.78624e-20
7.35711e-18
4.65554e-20
3.87625e-20
1.44831e-17
2.36169e-20
2.49671e-20
3.2868e-18
7.7873e-20
7.78721e-20
7.78712e-20
7.78703e-20
7.78693e-20
7.78683e-20
7.78673e-20
7.78663e-20
7.78654e-20
7.78646e-20
7.78639e-20
7.78632e-20
7.78624e-20
7.78615e-20
9.22121e-18
4.13829e-20
6.439e-18
5.86331e-18
1.46882e-17
2.84762e-18
7.7873e-20
7.78721e-20
7.78712e-20
7.78703e-20
7.78693e-20
7.78683e-20
7.78673e-20
7.78664e-20
7.78654e-20
7.78647e-20
7.7864e-20
7.78632e-20
5.52047e-18
7.78653e-20
3.94402e-20
1.16248e-17
1.3547e-17
1.47222e-17
2.54989e-20
3.04864e-18
7.78731e-20
7.78722e-20
7.78713e-20
7.78703e-20
7.78694e-20
7.78684e-20
7.78674e-20
7.78664e-20
7.78655e-20
7.78647e-20
7.7864e-20
7.78633e-20
5.10278e-20
8.17266e-18
5.33907e-18
3.89151e-20
1.33036e-17
1.42991e-17
2.78775e-20
3.2604e-18
7.78731e-20
7.78722e-20
7.78713e-20
7.78704e-20
7.78694e-20
7.78684e-20
7.78675e-20
7.78665e-20
7.78657e-20
7.78649e-20
7.78641e-20
7.78632e-20
7.78624e-20
7.78614e-20
9.44914e-18
3.53092e-20
3.24674e-20
4.77454e-18
1.05526e-17
3.36776e-18
7.78731e-20
7.78722e-20
7.78713e-20
7.78704e-20
7.78695e-20
7.78686e-20
7.78676e-20
7.78668e-20
7.78659e-20
7.7865e-20
7.78642e-20
7.78632e-20
7.78646e-20
7.78615e-20
7.78663e-20
3.92356e-20
1.09152e-17
3.69952e-20
3.95217e-18
3.7831e-18
7.78731e-20
7.78722e-20
1.28101e-19
2.55061e-19
6.34155e-19
7.78686e-20
7.78678e-20
7.78669e-20
7.7866e-20
7.78651e-20
7.78642e-20
7.78633e-20
5.45143e-20
7.78643e-20
7.78635e-20
4.54181e-20
4.6214e-20
3.31402e-18
3.64095e-18
2.54788e-18
)
;
    }
    outlet
    {
        type            calculated;
        value           nonuniform List<scalar> 
200
(
7.26446e-18
6.12076e-18
5.71757e-18
5.35416e-18
5.08117e-18
4.99506e-18
4.79883e-18
4.70048e-18
4.59016e-18
4.52887e-18
4.52909e-18
4.59047e-18
4.70055e-18
4.79836e-18
4.99446e-18
5.08048e-18
5.35344e-18
5.71656e-18
6.11994e-18
7.26497e-18
3.30544e-18
1.46672e-18
2.19603e-20
2.02527e-20
1.95223e-20
8.62757e-18
8.59061e-18
8.98282e-18
9.02318e-18
8.88028e-18
8.88065e-18
9.02434e-18
8.98475e-18
8.59268e-18
8.62966e-18
1.952e-20
2.02504e-20
2.1958e-20
1.46688e-18
3.30594e-18
3.10622e-18
1.48078e-18
2.06274e-20
1.90684e-20
1.83464e-20
1.72543e-20
1.6859e-20
1.65816e-20
1.65834e-20
1.66544e-20
1.66541e-20
1.65834e-20
1.65813e-20
1.68583e-20
1.72535e-20
1.83449e-20
1.90671e-20
2.06263e-20
1.48071e-18
3.10713e-18
3.28488e-18
1.40514e-18
1.23592e-18
1.42214e-18
1.92697e-20
1.81497e-20
1.76968e-20
1.72438e-20
1.71498e-20
1.7023e-20
1.70233e-20
1.71502e-20
1.72449e-20
1.76985e-20
1.81526e-20
1.92712e-20
1.42212e-18
1.23583e-18
1.40533e-18
3.2868e-18
2.84634e-18
1.15601e-18
1.05168e-18
1.14903e-18
2.02267e-20
1.91307e-20
1.86411e-20
1.79691e-20
1.77529e-20
1.74615e-20
1.74619e-20
1.7752e-20
1.79626e-20
1.86356e-20
1.91257e-20
2.02217e-20
1.1485e-18
1.05149e-18
1.15592e-18
2.84761e-18
3.0473e-18
1.093e-18
9.4171e-19
9.62732e-19
9.89726e-19
2.0311e-20
1.98616e-20
1.8917e-20
1.85879e-20
1.81813e-20
1.81815e-20
1.85896e-20
1.89125e-20
1.98552e-20
2.03065e-20
9.89094e-19
9.62271e-19
9.41461e-19
1.0929e-18
3.04863e-18
3.25902e-18
1.19256e-18
1.00611e-18
9.70688e-19
9.68795e-19
1.02191e-18
1.04597e-18
2.01027e-20
1.97684e-20
1.92939e-20
1.92939e-20
1.97662e-20
2.00972e-20
1.04536e-18
1.02145e-18
9.68395e-19
9.70386e-19
1.00575e-18
1.19234e-18
3.26039e-18
3.36744e-18
1.45921e-18
1.28929e-18
1.15512e-18
1.10278e-18
1.07555e-18
1.0672e-18
1.17706e-18
1.22444e-18
1.32276e-18
1.3226e-18
1.22431e-18
1.17691e-18
1.06692e-18
1.07519e-18
1.10222e-18
1.1546e-18
1.28882e-18
1.45913e-18
3.36775e-18
3.78202e-18
2.23409e-18
1.87198e-18
1.63282e-18
1.50579e-18
1.40088e-18
1.38028e-18
1.4367e-18
1.43597e-18
1.48957e-18
1.48943e-18
1.43578e-18
1.43642e-18
1.3799e-18
1.40037e-18
1.50508e-18
1.63191e-18
1.87119e-18
2.23359e-18
3.78308e-18
2.54524e-18
2.592e-18
2.10957e-18
1.98067e-18
1.87145e-18
1.79997e-18
1.74719e-18
1.7429e-18
1.74485e-18
1.77926e-18
1.77921e-18
1.74473e-18
1.74273e-18
1.74696e-18
1.79965e-18
1.87117e-18
1.98052e-18
2.10975e-18
2.59319e-18
2.54786e-18
)
;
    }
    ground
    {
        type            compressible::alphatWallFunction;
        Prt             0.85;
        value           nonuniform List<scalar> 
160
(
0.000100142
0.000114539
0.00011667
0.000119351
0.000122246
0.000125797
0.000129517
0.000126745
0.000119488
0.000111424
0.000111422
0.000119486
0.000126744
0.000129514
0.000125796
0.000122246
0.000119353
0.000116675
0.000114543
0.000100143
9.91319e-05
0.000102258
0.000106175
0.000109108
0.000111298
0.000112131
0.000105709
9.03186e-05
8.11895e-05
7.8257e-05
7.82568e-05
8.1189e-05
9.03177e-05
0.000105708
0.000112129
0.000111296
0.000109106
0.000106176
0.000102257
9.91302e-05
8.3798e-05
8.29332e-05
8.55192e-05
8.81e-05
8.52995e-05
7.69935e-05
7.07454e-05
7.20468e-05
7.72468e-05
8.0579e-05
8.05789e-05
7.72472e-05
7.20472e-05
7.0744e-05
7.6995e-05
8.52986e-05
8.80967e-05
8.55171e-05
8.29319e-05
8.3796e-05
6.84641e-05
6.91514e-05
6.90927e-05
6.56397e-05
6.34186e-05
6.61438e-05
7.08499e-05
7.02492e-05
6.53313e-05
6.15481e-05
6.15478e-05
6.53303e-05
7.02479e-05
7.08487e-05
6.61439e-05
6.34175e-05
6.56366e-05
6.90897e-05
6.91499e-05
6.84625e-05
5.17049e-05
5.13205e-05
5.07309e-05
5.17311e-05
5.38156e-05
5.39511e-05
5.26634e-05
5.34944e-05
5.63987e-05
5.86734e-05
5.86732e-05
5.63985e-05
5.34938e-05
5.26625e-05
5.39501e-05
5.38144e-05
5.1729e-05
5.0728e-05
5.13184e-05
5.17033e-05
3.40019e-05
3.43151e-05
3.59378e-05
3.85488e-05
4.15531e-05
4.51478e-05
4.85878e-05
5.05035e-05
5.09678e-05
5.0892e-05
5.08918e-05
5.09674e-05
5.05028e-05
4.85871e-05
4.51468e-05
4.1552e-05
3.85473e-05
3.59357e-05
3.43131e-05
3.40003e-05
1.716e-05
1.90214e-05
2.28617e-05
2.76448e-05
3.23699e-05
3.64877e-05
3.99502e-05
4.28957e-05
4.51379e-05
4.63495e-05
4.63494e-05
4.51377e-05
4.28952e-05
3.99495e-05
3.64868e-05
3.23689e-05
2.76437e-05
2.28603e-05
1.90199e-05
1.71585e-05
3.31335e-06
7.77585e-06
1.40674e-05
2.05279e-05
2.65914e-05
3.19855e-05
3.6504e-05
3.99782e-05
4.23207e-05
4.34967e-05
4.34966e-05
4.23205e-05
3.99779e-05
3.65035e-05
3.19848e-05
2.65906e-05
2.05268e-05
1.40663e-05
7.77473e-06
3.31255e-06
)
;
    }
    inlet
    {
        type            calculated;
        value           nonuniform List<scalar> 
40
(
1.18359e-19
1.18394e-19
1.1843e-19
1.18504e-19
1.18551e-19
1.18602e-19
1.18572e-19
1.18566e-19
1.18578e-19
1.18573e-19
1.18573e-19
1.18578e-19
1.18566e-19
1.18572e-19
1.18602e-19
1.18551e-19
1.18504e-19
1.1843e-19
1.18394e-19
1.18359e-19
1.18359e-19
1.18394e-19
1.18436e-19
1.18447e-19
1.18437e-19
1.18408e-19
1.18389e-19
1.18384e-19
1.18377e-19
1.18377e-19
1.18377e-19
1.18377e-19
1.18384e-19
1.18389e-19
1.18408e-19
1.18437e-19
1.18447e-19
1.18436e-19
1.18394e-19
1.18359e-19
)
;
    }
    region0_to_pyrolysisRegion_coupledWall
    {
        type            compressible::alphatWallFunction;
        Prt             0.85;
        value           nonuniform List<scalar> 
400
(
0.000112273
0.000221418
0.000230107
0.000192222
0.000150763
0.000126231
0.000137479
0.000159988
0.000166665
0.00016746
0.000167465
0.000166665
0.000159986
0.000137488
0.000126227
0.000150746
0.000192214
0.000230104
0.00022142
0.000112271
7.70097e-05
0.000148571
0.000195469
0.000252897
0.000297319
0.000276882
0.000251411
0.000258038
0.000264298
0.0002667
0.000266707
0.000264323
0.000258046
0.000251397
0.000276866
0.000297323
0.00025291
0.000195473
0.000148554
7.70019e-05
4.83875e-05
6.32075e-05
0.000105342
0.000205728
0.000322581
0.000385069
0.000361946
0.00034399
0.000343429
0.000342836
0.000342835
0.000343425
0.000343975
0.000361923
0.00038507
0.0003226
0.000205736
0.000105347
6.32199e-05
4.83967e-05
1.48693e-05
3.66602e-05
7.26923e-05
0.000129464
0.000213765
0.000382847
0.000440924
0.000424114
0.00041248
0.000409886
0.000409872
0.000412427
0.000424089
0.00044092
0.00038285
0.000213774
0.000129484
7.27174e-05
3.66647e-05
1.48743e-05
6.27629e-05
6.43744e-05
7.86698e-05
0.000112065
0.000167533
0.000295555
0.000468345
0.000499249
0.000481665
0.000470956
0.000470927
0.000481572
0.00049922
0.000468326
0.000295528
0.000167549
0.000112072
7.86561e-05
6.43619e-05
6.27443e-05
0.000118862
0.000114798
0.00012391
0.000140648
0.000175326
0.000239253
0.000440833
0.000559052
0.000561608
0.000538968
0.000538927
0.000561518
0.000559017
0.000440777
0.00023926
0.000175342
0.000140643
0.000123899
0.000114788
0.000118851
0.000168918
0.000164034
0.000174097
0.00019307
0.00022051
0.000254879
0.000387039
0.000572588
0.000634416
0.000617133
0.000617097
0.000634362
0.000572544
0.000386985
0.000254915
0.000220522
0.000193064
0.00017408
0.000164022
0.00016891
0.000208334
0.000206855
0.000224914
0.000247058
0.000280065
0.000316491
0.000397674
0.000586318
0.000700705
0.000705711
0.000705693
0.000700643
0.000586262
0.000397636
0.000316516
0.000280074
0.000247052
0.000224884
0.000206836
0.000208327
0.000227534
0.000241505
0.000262111
0.000277181
0.000330912
0.000391025
0.000460953
0.000631934
0.000768206
0.000793204
0.000793178
0.000768123
0.000631858
0.000460929
0.000391032
0.000330919
0.000277199
0.000262085
0.000241477
0.000227525
0.000214653
0.000250672
0.000262547
0.000285893
0.000383257
0.000449874
0.00051453
0.000679879
0.000826303
0.000863393
0.000863364
0.000826232
0.000679832
0.000514535
0.000449884
0.000383232
0.000285875
0.000262512
0.000250627
0.000214631
0.000174227
0.000210021
0.000168511
0.00033335
0.000443095
0.000483914
0.000538922
0.000700083
0.000852291
0.000899158
0.000899151
0.000852248
0.000700109
0.00053895
0.000483895
0.000443038
0.00033325
0.000168426
0.000209955
0.00017419
0.00010371
0.00011387
0.000132885
0.000375704
0.000492854
0.000530256
0.000586194
0.000719616
0.000855428
0.000899599
0.00089958
0.000855392
0.000719628
0.000586173
0.000530198
0.000492772
0.000375592
0.000132866
0.000113837
0.000103668
0.000115175
9.75751e-05
0.000188808
0.000343808
0.00048379
0.000563343
0.000651599
0.000764147
0.000854958
0.000886649
0.000886652
0.000854989
0.000764189
0.000651655
0.000563378
0.000483782
0.000343806
0.000188796
9.75647e-05
0.000115135
7.77793e-05
0.000177683
0.000197819
0.000305945
0.00039524
0.000486783
0.000587622
0.000684502
0.000750509
0.000786424
0.000786465
0.000750639
0.000684673
0.00058782
0.000486894
0.00039533
0.000305976
0.000197787
0.000177653
7.77387e-05
5.23638e-05
0.000155227
0.000159364
0.000215368
0.000259513
0.000307332
0.000350503
0.000397115
0.000443494
0.000485123
0.000485177
0.000443599
0.00039727
0.0003506
0.000307431
0.00025955
0.000215388
0.00015934
0.000155214
5.23562e-05
0.000106256
0.000174698
0.000156232
0.000177849
0.000189227
0.000203571
0.000211961
0.000212318
0.000212417
0.000221879
0.000221873
0.00021241
0.000212296
0.00021195
0.000203529
0.000189182
0.000177823
0.000156154
0.000174626
0.000106224
0.000165827
0.000231862
0.000172999
0.000171153
0.000160857
0.000158273
0.000155726
0.000153024
0.000148631
0.000146418
0.000146401
0.000148587
0.000152962
0.000155649
0.000158179
0.000160793
0.000171098
0.000172914
0.000231801
0.000165786
0.000234985
0.000289788
0.000231506
0.000214127
0.000193366
0.000182622
0.000175876
0.000171572
0.000166462
0.000163165
0.000163152
0.000166429
0.000171512
0.000175801
0.000182538
0.000193308
0.000214075
0.000231381
0.000289704
0.000235025
0.000312676
0.000318349
0.000274322
0.00025219
0.000220028
0.000205227
0.000186732
0.000173567
0.000158103
0.000149604
0.000149575
0.000158055
0.000173496
0.000186646
0.000205135
0.000219969
0.000252097
0.000274181
0.000318294
0.000312675
0.000606917
0.000584928
0.000569641
0.000543234
0.000509935
0.000496696
0.000486452
0.000477266
0.000471141
0.000467489
0.000467507
0.000471168
0.000477265
0.000486409
0.000496665
0.000509889
0.0005432
0.000569613
0.000584952
0.000607014
)
;
    }
}


// ************************************************************************* //
