/*--------------------------------*- C++ -*----------------------------------*\
  =========                 |
  \\      /  F ield         | OpenFOAM: The Open Source CFD Toolbox
   \\    /   O peration     | Website:  https://openfoam.org
    \\  /    A nd           | Version:  7
     \\/     M anipulation  |
\*---------------------------------------------------------------------------*/
FoamFile
{
    version     2.0;
    format      ascii;
    class       volScalarField;
    location    "1";
    object      C3H8;
}
// * * * * * * * * * * * * * * * * * * * * * * * * * * * * * * * * * * * * * //

dimensions      [0 0 0 0 0 0 0];

internalField   nonuniform List<scalar> 
4000
(
0.0198387
0.0200474
0.000481415
3.21289e-06
1.51674e-09
3.75512e-12
1.46305e-12
4.31868e-13
4.22797e-14
1.58692e-15
0.0717273
0.0714054
0.000392176
2.26452e-06
3.28579e-09
7.49679e-11
6.43375e-11
1.08299e-11
6.32887e-13
1.55631e-14
0.125678
0.133468
0.000399599
1.87874e-06
5.6794e-09
6.9503e-10
2.13022e-10
1.90026e-11
1.03525e-12
2.84047e-14
0.234796
0.1497
0.000446966
1.91175e-06
9.90933e-09
1.51611e-09
2.49502e-10
2.31856e-11
1.70149e-12
5.49482e-14
0.303613
0.135152
0.000451401
2.14648e-06
1.55014e-08
1.50778e-09
2.58623e-10
3.14782e-11
2.5005e-12
8.00571e-14
0.378018
0.0919798
0.00039801
2.67937e-06
2.4715e-08
1.49049e-09
2.85089e-10
4.00331e-11
3.4521e-12
1.02019e-13
0.334848
0.0651384
0.000314533
2.33283e-06
2.05984e-08
1.55613e-09
3.84118e-10
5.29295e-11
4.61583e-12
1.19927e-13
0.325869
0.0563665
0.000251938
1.8397e-06
1.62674e-08
1.93977e-09
5.31104e-10
6.97991e-11
5.94035e-12
1.33558e-13
0.343436
0.0471073
0.000216077
1.30295e-06
1.18561e-08
2.84834e-09
6.75585e-10
9.2044e-11
7.48209e-12
1.45486e-13
0.336041
0.0458917
0.00019616
1.02781e-06
1.10547e-08
3.76296e-09
8.34859e-10
1.09458e-10
8.56803e-12
1.51848e-13
0.335939
0.0458902
0.000196163
1.02782e-06
1.10547e-08
3.76304e-09
8.3486e-10
1.09459e-10
8.56813e-12
1.51849e-13
0.3431
0.0471044
0.000216067
1.30291e-06
1.1856e-08
2.84851e-09
6.75583e-10
9.20479e-11
7.48253e-12
1.45489e-13
0.325755
0.0563671
0.000251938
1.8397e-06
1.6268e-08
1.9399e-09
5.31066e-10
6.98028e-11
5.94059e-12
1.33562e-13
0.334838
0.0651388
0.000314535
2.33286e-06
2.05994e-08
1.55634e-09
3.84107e-10
5.2933e-11
4.61615e-12
1.19935e-13
0.378026
0.0919796
0.000397995
2.67936e-06
2.47165e-08
1.49059e-09
2.85081e-10
4.0037e-11
3.45231e-12
1.02028e-13
0.30362
0.135147
0.000451376
2.14644e-06
1.55011e-08
1.50774e-09
2.58681e-10
3.14815e-11
2.50065e-12
8.00497e-14
0.234807
0.149694
0.000446941
1.91172e-06
9.90885e-09
1.51604e-09
2.49565e-10
2.3187e-11
1.70166e-12
5.4954e-14
0.125697
0.133469
0.000399567
1.87857e-06
5.67907e-09
6.95186e-10
2.13055e-10
1.90047e-11
1.03538e-12
2.84067e-14
0.0717468
0.0714205
0.000392128
2.2638e-06
3.28523e-09
7.49941e-11
6.43312e-11
1.08317e-11
6.32981e-13
1.55651e-14
0.0198439
0.0200526
0.0004814
3.21156e-06
1.51615e-09
3.74618e-12
1.4633e-12
4.31948e-13
4.22871e-14
1.58713e-15
0.00245212
0.00190891
3.45163e-05
1.58743e-07
2.19871e-11
1.45867e-12
1.48889e-11
1.30826e-11
2.2481e-12
7.03818e-14
0.0118039
0.0121239
0.000337377
3.79616e-06
1.05045e-09
1.38725e-10
5.31297e-10
2.27092e-10
2.69745e-11
5.95238e-13
0.0281441
0.036386
0.0011232
1.64736e-05
1.05312e-08
1.02987e-09
2.18953e-09
4.05992e-10
3.9398e-11
8.7201e-13
0.0626586
0.0663952
0.00151911
1.89122e-05
3.08804e-08
4.46329e-09
2.52054e-09
4.53294e-10
5.19729e-11
1.48456e-12
0.133711
0.0905733
0.0010478
1.22965e-05
4.58186e-08
7.88391e-09
2.8574e-09
5.8774e-10
7.62873e-11
2.09461e-12
0.202522
0.0778656
0.000759161
8.10884e-06
4.54636e-08
8.44978e-09
3.71572e-09
8.44725e-10
1.00727e-10
2.68149e-12
0.250955
0.0385934
0.000440288
5.68402e-06
4.41564e-08
1.10922e-08
5.19709e-09
1.17725e-09
1.48535e-10
3.40499e-12
0.189038
0.0145841
0.000206061
2.90711e-06
3.5241e-08
1.51992e-08
7.80893e-09
1.63024e-09
2.09947e-10
4.16637e-12
0.169949
0.0130153
0.000106697
1.39419e-06
3.65873e-08
2.4037e-08
1.13478e-08
2.32716e-09
2.92942e-10
5.15625e-12
0.18162
0.0136016
9.34644e-05
9.06633e-07
4.17447e-08
3.25967e-08
1.53208e-08
2.81862e-09
3.58385e-10
5.77933e-12
0.181584
0.0136011
9.34659e-05
9.06595e-07
4.17298e-08
3.25999e-08
1.53209e-08
2.81866e-09
3.58393e-10
5.77951e-12
0.16991
0.013015
0.000106694
1.39405e-06
3.65794e-08
2.40438e-08
1.1348e-08
2.32734e-09
2.92971e-10
5.15692e-12
0.189011
0.0145844
0.00020605
2.90741e-06
3.52448e-08
1.51959e-08
7.80966e-09
1.63041e-09
2.09976e-10
4.16716e-12
0.250953
0.038592
0.000440294
5.68542e-06
4.42522e-08
1.10927e-08
5.1974e-09
1.17741e-09
1.48561e-10
3.40582e-12
0.202535
0.0778646
0.000759122
8.12103e-06
4.57039e-08
8.45058e-09
3.716e-09
8.44821e-10
1.00744e-10
2.68222e-12
0.133727
0.0905729
0.00104772
1.22979e-05
4.58199e-08
7.88447e-09
2.85761e-09
5.87807e-10
7.63001e-11
2.09535e-12
0.0626693
0.0663939
0.0015187
1.89103e-05
3.08582e-08
4.46376e-09
2.52073e-09
4.53351e-10
5.19855e-11
1.4852e-12
0.028146
0.0363832
0.00112302
1.64702e-05
1.05438e-08
1.02999e-09
2.18973e-09
4.06043e-10
3.94103e-11
8.72509e-13
0.0118038
0.0121236
0.000337377
3.79681e-06
1.05124e-09
1.3874e-10
5.31363e-10
2.27124e-10
2.69832e-11
5.95613e-13
0.00245223
0.00190881
3.45132e-05
1.58744e-07
2.19884e-11
1.45877e-12
1.48914e-11
1.30855e-11
2.24886e-12
7.04271e-14
0.000115615
6.76445e-05
6.56662e-07
2.59047e-09
3.77424e-12
1.18585e-11
3.1255e-11
1.91116e-10
1.52445e-10
1.38765e-11
0.000657783
0.000659692
3.18862e-05
4.67166e-07
1.6651e-09
1.86951e-10
1.364e-09
3.53779e-09
1.20903e-09
7.0181e-11
0.00296505
0.00519551
0.000318138
6.97917e-06
3.79712e-08
1.47731e-09
8.43486e-09
6.59609e-09
1.60481e-09
8.79253e-11
0.0174197
0.0189752
0.00117635
3.451e-05
3.94512e-07
6.6467e-09
1.88693e-08
7.48135e-09
1.93425e-09
1.28211e-10
0.0590856
0.0474023
0.00314054
9.60621e-05
9.44817e-07
1.95587e-08
2.27174e-08
1.01944e-08
2.86588e-09
1.64893e-10
0.128265
0.0611743
0.00481994
0.000129519
5.5122e-07
2.86794e-08
3.42183e-08
1.37283e-08
3.69863e-09
1.97697e-10
0.177896
0.0460098
0.00262194
7.80169e-05
4.09035e-07
4.46434e-08
4.54293e-08
2.03853e-08
5.05632e-09
2.45236e-10
0.179547
0.0155974
0.00084227
3.17918e-05
2.74971e-07
6.22053e-08
7.40189e-08
2.71032e-08
6.97489e-09
2.97625e-10
0.142233
0.00695135
0.000222372
1.28382e-05
1.57427e-07
1.05575e-07
1.14355e-07
3.79891e-08
9.58866e-09
3.7371e-10
0.120852
0.00404176
8.5245e-05
3.36016e-06
1.18424e-07
1.43531e-07
1.51429e-07
4.40583e-08
1.16312e-08
4.20421e-10
0.12089
0.0040422
8.52308e-05
3.35621e-06
1.18369e-07
1.43539e-07
1.51434e-07
4.40581e-08
1.16315e-08
4.20436e-10
0.1423
0.00695194
0.000222294
1.28262e-05
1.57272e-07
1.05591e-07
1.14368e-07
3.79918e-08
9.59003e-09
3.73775e-10
0.179534
0.0155956
0.000842032
3.17795e-05
2.74875e-07
6.22126e-08
7.40263e-08
2.71065e-08
6.97619e-09
2.97706e-10
0.177911
0.0460097
0.00262195
7.80413e-05
4.09673e-07
4.46447e-08
4.54339e-08
2.03883e-08
5.05747e-09
2.45324e-10
0.128292
0.0611813
0.00482063
0.000129568
5.52964e-07
2.8684e-08
3.42205e-08
1.373e-08
3.69938e-09
1.9778e-10
0.0591081
0.0474109
0.00314132
9.60878e-05
9.45475e-07
1.95595e-08
2.27184e-08
1.01959e-08
2.86659e-09
1.6498e-10
0.0174279
0.0189789
0.00117656
3.45191e-05
3.94849e-07
6.64669e-09
1.88706e-08
7.48241e-09
1.93487e-09
1.28298e-10
0.00296589
0.00519629
0.000318191
6.98142e-06
3.80045e-08
1.47718e-09
8.43534e-09
6.59699e-09
1.60543e-09
8.80017e-11
0.00065785
0.000659698
3.18919e-05
4.67375e-07
1.6671e-09
1.86931e-10
1.36409e-09
3.53836e-09
1.20954e-09
7.02461e-11
0.000115616
6.76323e-05
6.56737e-07
2.59145e-09
3.77555e-12
1.18596e-11
3.12566e-11
1.91158e-10
1.52516e-10
1.38912e-11
1.68116e-06
6.62487e-07
5.04841e-09
2.88e-11
1.06342e-11
2.91672e-11
8.4285e-11
6.27338e-10
3.68685e-09
1.27544e-09
2.1024e-05
1.96354e-05
8.93277e-07
1.27302e-08
1.35294e-10
1.33736e-10
1.55905e-09
1.63981e-08
2.14645e-08
3.80827e-09
0.000160599
0.000259288
1.83065e-05
3.97572e-07
5.75936e-09
1.39379e-09
1.15849e-08
5.53167e-08
2.87015e-08
4.32972e-09
0.00152983
0.0016923
0.00015846
5.49754e-06
7.65665e-08
5.4604e-09
4.47288e-08
6.80088e-08
3.53916e-08
5.68695e-09
0.0128116
0.0128321
0.00115593
4.21829e-05
6.68968e-07
2.25917e-08
8.84127e-08
9.82813e-08
5.12946e-08
6.68594e-09
0.0592788
0.0362513
0.00402662
0.000153567
2.31459e-06
7.76045e-08
1.30483e-07
1.40948e-07
6.59803e-08
7.15266e-09
0.135398
0.0461796
0.00584541
0.000269768
6.44372e-06
2.26187e-07
2.12478e-07
2.02941e-07
8.62821e-08
8.23445e-09
0.157183
0.0248295
0.00326569
0.000177751
6.7732e-06
3.66673e-07
3.06438e-07
2.94434e-07
1.08383e-07
9.38688e-09
0.136246
0.00781682
0.000993312
6.69534e-05
3.66303e-06
3.62245e-07
4.67073e-07
4.33034e-07
1.34436e-07
1.11897e-08
0.111856
0.0028951
0.000181271
1.96701e-05
1.30748e-06
4.03598e-07
6.04752e-07
5.31796e-07
1.50931e-07
1.22585e-08
0.111916
0.00289555
0.000181195
1.96691e-05
1.30736e-06
4.03675e-07
6.0478e-07
5.31804e-07
1.50934e-07
1.22589e-08
0.136366
0.00781564
0.00099284
6.69431e-05
3.66188e-06
3.62292e-07
4.67147e-07
4.33085e-07
1.34454e-07
1.11916e-08
0.157205
0.024824
0.00326616
0.000177815
6.77658e-06
3.66819e-07
3.06503e-07
2.94482e-07
1.08405e-07
9.38964e-09
0.135413
0.0461849
0.00584749
0.000269924
6.44976e-06
2.26345e-07
2.12503e-07
2.0298e-07
8.63047e-08
8.2379e-09
0.0593017
0.0362664
0.00402965
0.000153701
2.31631e-06
7.76398e-08
1.30494e-07
1.40974e-07
6.59976e-08
7.15575e-09
0.0128198
0.0128398
0.00115666
4.22118e-05
6.69439e-07
2.25983e-08
8.84136e-08
9.8299e-08
5.13099e-08
6.68997e-09
0.00153072
0.00169311
0.000158537
5.50075e-06
7.66484e-08
5.45975e-09
4.47274e-08
6.80203e-08
3.5405e-08
5.69105e-09
0.000160676
0.000259376
1.83146e-05
3.97817e-07
5.76551e-09
1.39338e-09
1.1584e-08
5.5326e-08
2.87141e-08
4.33369e-09
2.10308e-05
1.96381e-05
8.93532e-07
1.27393e-08
1.35455e-10
1.33721e-10
1.5587e-09
1.64007e-08
2.14743e-08
3.81186e-09
1.6822e-06
6.62508e-07
5.05058e-09
2.88204e-11
1.06391e-11
2.91702e-11
8.4275e-11
6.27413e-10
3.68871e-09
1.27681e-09
1.27771e-08
3.9468e-09
8.96464e-11
7.12113e-11
5.59613e-11
9.33771e-12
5.02048e-11
5.89367e-10
1.57094e-08
3.19279e-08
4.96955e-07
4.18604e-07
2.34217e-08
6.865e-10
1.15071e-10
7.66034e-11
9.95142e-10
1.6493e-08
1.40363e-07
7.00915e-08
6.94002e-06
9.84348e-06
6.99632e-07
1.62272e-08
6.60187e-10
1.11183e-09
9.83154e-09
1.26801e-07
2.36754e-07
8.09846e-08
0.000104448
0.000109637
1.05393e-05
3.24815e-07
9.57897e-09
4.45243e-09
4.05506e-08
2.62765e-07
3.07482e-07
1.01457e-07
0.00118528
0.00121746
0.000135955
4.7982e-06
1.01332e-07
1.71626e-08
1.46398e-07
4.64245e-07
4.7721e-07
1.15001e-07
0.0144183
0.00934854
0.00085121
3.50935e-05
7.51141e-07
6.515e-08
3.25556e-07
6.96282e-07
6.37104e-07
1.12177e-07
0.0820064
0.0333621
0.00448135
0.000195098
4.4608e-06
2.97336e-07
5.66902e-07
1.0592e-06
8.59608e-07
1.1806e-07
0.13501
0.0315295
0.00453323
0.000275106
1.43198e-05
1.44962e-06
9.60062e-07
1.49183e-06
1.09881e-06
1.22467e-07
0.133112
0.0130924
0.0023344
0.000161512
1.18677e-05
1.57808e-06
1.25381e-06
2.07331e-06
1.39927e-06
1.32384e-07
0.106813
0.00311012
0.000454132
4.92006e-05
5.26813e-06
1.09614e-06
1.53828e-06
2.4712e-06
1.57171e-06
1.40772e-07
0.106889
0.00310973
0.000453637
4.91557e-05
5.2651e-06
1.0959e-06
1.53838e-06
2.4713e-06
1.57173e-06
1.40776e-07
0.133272
0.0130875
0.00233414
0.0001615
1.18696e-05
1.57805e-06
1.25397e-06
2.07368e-06
1.39946e-06
1.32404e-07
0.135037
0.0315287
0.00453378
0.000275174
1.43231e-05
1.45045e-06
9.60259e-07
1.4922e-06
1.09906e-06
1.22501e-07
0.0820109
0.0333713
0.00448494
0.000195268
4.46312e-06
2.97573e-07
5.67056e-07
1.05948e-06
8.59868e-07
1.18122e-07
0.014424
0.0093558
0.000852422
3.51343e-05
7.56293e-07
6.53e-08
3.25618e-07
6.96446e-07
6.37302e-07
1.12209e-07
0.00118594
0.00121852
0.000136074
4.79983e-06
1.04532e-07
1.72091e-08
1.46419e-07
4.64343e-07
4.77392e-07
1.15068e-07
0.000104514
0.00010971
1.05469e-05
3.25043e-07
9.63886e-09
4.45135e-09
4.05549e-08
2.62815e-07
3.07609e-07
1.01526e-07
6.94464e-06
9.84841e-06
7.00046e-07
1.62396e-08
6.60636e-10
1.11178e-09
9.82947e-09
1.26823e-07
2.36863e-07
8.10542e-08
4.97338e-07
4.1876e-07
2.34341e-08
6.87073e-10
1.15102e-10
7.65999e-11
9.9513e-10
1.64955e-08
1.40422e-07
7.0154e-08
1.28152e-08
3.94831e-09
8.97986e-11
7.12552e-11
5.59715e-11
9.33367e-12
5.02052e-11
5.89249e-10
1.57164e-08
3.19585e-08
1.50322e-10
3.99731e-10
8.32105e-10
6.30171e-10
5.18666e-10
2.73588e-10
1.54234e-10
1.02099e-09
2.22043e-08
2.39607e-07
2.01432e-08
1.72215e-08
2.59054e-09
2.34034e-09
1.04777e-09
6.21542e-10
1.46841e-09
1.68698e-08
2.92773e-07
4.79867e-07
3.2528e-07
3.35328e-07
5.29162e-08
9.09103e-09
6.66596e-09
3.72019e-09
1.53147e-08
1.2738e-07
9.63841e-07
6.18131e-07
6.14815e-06
5.71004e-06
8.52419e-07
4.46527e-08
1.17095e-08
9.55142e-09
5.48754e-08
4.57525e-07
1.50967e-06
7.80963e-07
0.000106172
9.72631e-05
1.18783e-05
5.79638e-07
3.1751e-08
2.52161e-08
1.92081e-07
1.24737e-06
2.57012e-06
8.95016e-07
0.00202368
0.00119337
0.000111605
6.17532e-06
2.5147e-07
7.25257e-08
5.45635e-07
2.13127e-06
3.49682e-06
8.3725e-07
0.0278926
0.011571
0.00103551
5.14452e-05
1.6543e-06
2.50069e-07
1.02454e-06
3.3724e-06
4.89436e-06
8.74675e-07
0.107721
0.0291456
0.00423472
0.000247055
1.1511e-05
1.48075e-06
1.94138e-06
4.70101e-06
6.24032e-06
8.31576e-07
0.124732
0.0175087
0.00285693
0.000211301
1.90829e-05
3.79931e-06
2.79401e-06
6.25385e-06
7.71418e-06
8.01708e-07
0.105958
0.00444042
0.000917715
9.66916e-05
1.38616e-05
3.61305e-06
3.67504e-06
7.14248e-06
8.62833e-06
8.39659e-07
0.106042
0.00443818
0.000917386
9.66919e-05
1.38605e-05
3.61282e-06
3.67531e-06
7.14287e-06
8.62845e-06
8.39667e-07
0.124921
0.0175064
0.00285647
0.000211283
1.9085e-05
3.80019e-06
2.79509e-06
6.25511e-06
7.71537e-06
8.01761e-07
0.107725
0.0291452
0.00423524
0.000247076
1.15162e-05
1.48146e-06
1.94178e-06
4.70243e-06
6.24186e-06
8.31742e-07
0.0278911
0.0115776
0.00103674
5.14967e-05
1.65502e-06
2.50232e-07
1.02504e-06
3.37349e-06
4.89598e-06
8.75291e-07
0.00202402
0.00119436
0.000111792
6.18422e-06
2.53064e-07
7.26037e-08
5.45841e-07
2.13192e-06
3.49798e-06
8.37217e-07
0.00010622
9.73592e-05
1.18942e-05
5.80061e-07
3.20947e-08
2.52359e-08
1.92159e-07
1.24772e-06
2.57103e-06
8.95473e-07
6.1514e-06
5.71451e-06
8.53215e-07
4.46865e-08
1.1716e-08
9.55275e-09
5.48973e-08
4.57659e-07
1.51026e-06
7.81405e-07
3.25526e-07
3.35516e-07
5.29475e-08
9.09845e-09
6.67434e-09
3.72346e-09
1.5321e-08
1.27415e-07
9.64245e-07
6.1858e-07
2.01643e-08
1.72404e-08
2.59718e-09
2.34239e-09
1.04883e-09
6.22301e-10
1.4698e-09
1.68739e-08
2.92888e-07
4.80231e-07
1.50874e-10
4.03984e-10
8.35112e-10
6.31061e-10
5.1924e-10
2.73972e-10
1.54674e-10
1.02114e-09
2.22107e-08
2.39805e-07
8.7852e-11
7.81927e-11
3.92971e-09
4.96923e-09
3.81259e-09
5.09769e-09
2.25797e-09
3.5813e-09
4.74898e-08
8.74973e-07
1.46003e-08
3.15394e-09
8.18252e-09
1.30649e-08
1.59132e-08
1.49208e-08
7.83901e-09
3.83772e-08
5.5861e-07
1.73687e-06
3.32305e-07
1.27299e-07
5.91018e-08
7.9813e-08
5.02969e-08
4.4342e-08
5.24703e-08
2.53559e-07
2.32851e-06
2.45837e-06
1.20606e-06
7.20633e-07
1.94601e-07
2.13098e-07
1.4106e-07
8.78263e-08
1.51076e-07
9.40152e-07
4.66331e-06
3.02545e-06
1.81907e-05
1.35854e-05
1.75602e-06
3.65494e-07
1.89861e-07
1.54964e-07
4.28496e-07
2.81342e-06
8.47938e-06
3.59706e-06
0.000298113
0.000151524
2.23954e-05
2.75066e-06
3.01274e-07
2.28895e-07
1.08311e-06
5.24286e-06
1.14957e-05
3.30182e-06
0.00643582
0.00248929
0.00024765
2.35615e-05
1.17446e-06
3.57209e-07
1.96645e-06
8.28714e-06
1.55382e-05
3.51459e-06
0.0600381
0.0195786
0.00299295
0.000184364
9.09324e-06
1.45985e-06
2.9832e-06
1.13899e-05
1.85872e-05
3.40631e-06
0.114934
0.0181146
0.00314821
0.00024949
1.98102e-05
4.49975e-06
4.26064e-06
1.43542e-05
2.22374e-05
3.43802e-06
0.106742
0.00645708
0.00122671
0.000136213
2.00664e-05
6.51775e-06
5.44675e-06
1.67471e-05
2.3405e-05
3.54971e-06
0.106832
0.00645692
0.00122675
0.000136181
2.00635e-05
6.51756e-06
5.44735e-06
1.67482e-05
2.34054e-05
3.54962e-06
0.11509
0.0181154
0.00314768
0.00024937
1.98039e-05
4.4993e-06
4.26198e-06
1.43569e-05
2.22409e-05
3.43796e-06
0.0599941
0.0195751
0.00299299
0.000184297
9.10646e-06
1.46017e-06
2.98431e-06
1.13925e-05
1.8591e-05
3.40652e-06
0.00643224
0.00249004
0.000247806
2.34386e-05
1.30839e-06
3.58406e-07
1.9674e-06
8.28979e-06
1.55423e-05
3.51529e-06
0.000298073
0.000151646
2.24291e-05
2.75376e-06
2.99988e-07
2.28887e-07
1.08357e-06
5.24439e-06
1.14988e-05
3.30277e-06
1.81946e-05
1.35991e-05
1.7583e-06
3.65614e-07
1.90168e-07
1.55048e-07
4.28699e-07
2.81414e-06
8.48149e-06
3.59838e-06
1.20515e-06
7.20799e-07
1.94509e-07
2.13099e-07
1.41166e-07
8.7946e-08
1.51162e-07
9.40468e-07
4.66456e-06
3.02661e-06
3.31519e-07
1.27122e-07
5.91078e-08
7.98133e-08
5.03386e-08
4.44229e-08
5.25095e-08
2.53662e-07
2.32924e-06
2.45964e-06
1.4559e-08
3.16292e-09
8.20138e-09
1.30807e-08
1.59261e-08
1.49612e-08
7.85263e-09
3.84002e-08
5.58791e-07
1.73784e-06
8.76006e-11
8.72841e-11
3.94055e-09
4.97825e-09
3.81713e-09
5.11004e-09
2.26397e-09
3.58869e-09
4.75183e-08
8.75506e-07
1.45705e-09
5.09159e-10
1.68445e-08
3.6524e-08
2.92242e-08
3.0829e-08
2.63022e-08
3.48912e-08
2.8534e-07
2.2773e-06
1.78096e-07
6.30675e-08
5.35498e-08
7.69581e-08
8.40874e-08
1.15155e-07
9.21699e-08
2.00851e-07
2.01072e-06
4.3499e-06
2.36563e-06
1.18242e-06
5.88047e-07
4.59035e-07
4.27309e-07
4.35645e-07
3.08345e-07
1.03296e-06
6.65397e-06
6.24106e-06
3.98543e-06
2.54367e-06
1.68448e-06
1.19389e-06
9.09133e-07
8.96455e-07
7.06355e-07
3.0181e-06
1.22622e-05
7.44886e-06
9.61084e-06
6.18504e-06
2.46444e-06
1.37988e-06
1.08376e-06
1.0486e-06
1.7137e-06
7.3701e-06
2.08501e-05
8.35679e-06
9.83586e-05
4.34273e-05
1.08302e-05
2.49497e-06
9.17038e-07
9.7971e-07
2.90611e-06
1.23673e-05
2.88693e-05
9.15302e-06
0.00166132
0.000579105
0.000126959
1.24247e-05
1.15773e-06
8.34782e-07
4.31687e-06
1.83185e-05
3.74191e-05
1.07352e-05
0.0227595
0.00807372
0.00112411
0.000121515
6.01595e-06
1.51109e-06
4.93389e-06
2.36668e-05
4.37479e-05
1.11979e-05
0.0977806
0.0173237
0.00310888
0.00025689
2.12001e-05
5.27173e-06
6.4744e-06
3.01825e-05
4.83556e-05
9.70643e-06
0.106696
0.00829171
0.0014132
0.000168187
2.59432e-05
8.81705e-06
6.58455e-06
3.01497e-05
4.8951e-05
1.00288e-05
0.106784
0.00829417
0.00141337
0.000168158
2.59342e-05
8.81508e-06
6.58477e-06
3.01506e-05
4.89504e-05
1.00284e-05
0.0978873
0.0173255
0.00310836
0.000256724
2.118e-05
5.26856e-06
6.47636e-06
3.01936e-05
4.83603e-05
9.70601e-06
0.0227378
0.00806804
0.00112353
0.000121437
6.01246e-06
1.5109e-06
4.93568e-06
2.36772e-05
4.3755e-05
1.11977e-05
0.00165971
0.000578986
0.000126987
1.24169e-05
1.17206e-06
8.35133e-07
4.31842e-06
1.83231e-05
3.74264e-05
1.0736e-05
9.83031e-05
4.34488e-05
1.08386e-05
2.49646e-06
9.17112e-07
9.79873e-07
2.90686e-06
1.23694e-05
2.88757e-05
9.15446e-06
9.60631e-06
6.18502e-06
2.4642e-06
1.37989e-06
1.0839e-06
1.04883e-06
1.71402e-06
7.37106e-06
2.08526e-05
8.35844e-06
3.98146e-06
2.54124e-06
1.68359e-06
1.19383e-06
9.09183e-07
8.9702e-07
7.06641e-07
3.01883e-06
1.22638e-05
7.45038e-06
2.36196e-06
1.18096e-06
5.87518e-07
4.58936e-07
4.27312e-07
4.36159e-07
3.0863e-07
1.03337e-06
6.65501e-06
6.24271e-06
1.77847e-07
6.29823e-08
5.35963e-08
7.69984e-08
8.41071e-08
1.15334e-07
9.23336e-08
2.01046e-07
2.01116e-06
4.35109e-06
1.4546e-09
5.08633e-10
1.68822e-08
3.65459e-08
2.92381e-08
3.08604e-08
2.63524e-08
3.49608e-08
2.85428e-07
2.27809e-06
2.56873e-08
1.16697e-08
5.06465e-08
2.71227e-07
2.46237e-07
1.79906e-07
2.29646e-07
3.04323e-07
2.64579e-06
4.74497e-06
2.09417e-06
8.77693e-07
4.11973e-07
6.66489e-07
5.46604e-07
5.66581e-07
7.92026e-07
1.60283e-06
9.86572e-06
9.13154e-06
1.887e-05
1.0326e-05
5.54974e-06
3.83096e-06
2.53623e-06
1.82039e-06
2.47801e-06
5.9351e-06
1.99161e-05
1.29844e-05
2.85365e-05
2.20871e-05
1.36683e-05
8.37642e-06
4.52054e-06
3.37028e-06
4.27882e-06
1.12047e-05
3.00579e-05
1.52948e-05
2.22712e-05
1.97838e-05
1.2931e-05
7.91272e-06
4.33754e-06
3.54966e-06
6.45196e-06
1.96877e-05
4.69094e-05
2.17942e-05
7.53393e-05
3.44307e-05
1.27458e-05
5.47908e-06
2.8558e-06
2.93419e-06
8.45011e-06
2.85625e-05
5.94024e-05
2.03541e-05
0.000985957
0.000354237
7.36973e-05
1.16256e-05
1.89933e-06
2.16828e-06
9.98725e-06
3.87249e-05
8.42052e-05
2.47268e-05
0.0117353
0.00337362
0.000746047
9.06777e-05
5.11458e-06
2.06494e-06
9.48846e-06
4.80057e-05
9.76043e-05
2.58697e-05
0.0735072
0.0142871
0.00276538
0.000263086
2.30227e-05
6.62771e-06
9.37967e-06
5.45897e-05
8.67199e-05
2.55165e-05
0.104316
0.00862515
0.00141157
0.000188723
3.04608e-05
1.31357e-05
8.82106e-06
4.62557e-05
8.3393e-05
2.63304e-05
0.104375
0.0086277
0.00141164
0.00018864
3.04445e-05
1.31298e-05
8.8197e-06
4.62559e-05
8.3392e-05
2.63287e-05
0.0735663
0.0142885
0.00276496
0.000262913
2.29925e-05
6.62162e-06
9.38087e-06
5.45919e-05
8.67253e-05
2.55141e-05
0.0117279
0.00337122
0.00074559
9.06064e-05
5.1101e-06
2.06493e-06
9.4915e-06
4.80149e-05
9.76127e-05
2.58635e-05
0.000985005
0.000354045
7.36834e-05
1.1624e-05
1.90123e-06
2.16901e-06
9.98867e-06
3.87299e-05
8.42109e-05
2.47233e-05
7.52768e-05
3.44306e-05
1.27477e-05
5.47923e-06
2.85577e-06
2.93455e-06
8.44976e-06
2.85627e-05
5.94039e-05
2.03535e-05
2.22696e-05
1.97834e-05
1.29271e-05
7.91154e-06
4.33686e-06
3.55006e-06
6.45144e-06
1.96864e-05
4.69089e-05
2.17941e-05
2.85351e-05
2.20829e-05
1.36616e-05
8.37436e-06
4.51944e-06
3.37098e-06
4.27851e-06
1.12041e-05
3.00553e-05
1.52955e-05
1.886e-05
1.03192e-05
5.54376e-06
3.82842e-06
2.5347e-06
1.82112e-06
2.4788e-06
5.93539e-06
1.99136e-05
1.2986e-05
2.09175e-06
8.76984e-07
4.11716e-07
6.65875e-07
5.46218e-07
5.66907e-07
7.92883e-07
1.60354e-06
9.86476e-06
9.13183e-06
2.5665e-08
1.16606e-08
5.0654e-08
2.7085e-07
2.46035e-07
1.79959e-07
2.29916e-07
3.04716e-07
2.64477e-06
4.74567e-06
4.9122e-07
1.7505e-07
6.29691e-07
1.5175e-06
1.51712e-06
1.33912e-06
1.21396e-06
2.52492e-06
5.84227e-06
8.75136e-06
2.17615e-05
8.3167e-06
3.15468e-06
4.31596e-06
3.34989e-06
3.56636e-06
3.90021e-06
1.01212e-05
1.93225e-05
1.58831e-05
0.000134417
7.81296e-05
2.97858e-05
2.41255e-05
1.26695e-05
9.87562e-06
1.13265e-05
2.36377e-05
4.41215e-05
2.27177e-05
0.000122571
0.000102857
5.78097e-05
4.18534e-05
2.06231e-05
1.24545e-05
1.58783e-05
3.32254e-05
6.53721e-05
2.99834e-05
6.24968e-05
6.83047e-05
4.62931e-05
3.21841e-05
1.5806e-05
1.02238e-05
1.8868e-05
4.9559e-05
0.000108595
4.81374e-05
8.96885e-05
4.59961e-05
2.49719e-05
1.65181e-05
8.88201e-06
7.62419e-06
2.26264e-05
6.72785e-05
0.00013427
4.20963e-05
0.000979377
0.000273636
5.76649e-05
1.1705e-05
3.82417e-06
5.14641e-06
2.48141e-05
8.20359e-05
0.000139075
3.92846e-05
0.010465
0.00269785
0.000617774
6.48456e-05
5.13843e-06
3.05349e-06
2.1901e-05
9.2093e-05
0.000152414
4.21132e-05
0.0687306
0.012847
0.00251644
0.000267574
2.66125e-05
7.18632e-06
1.1352e-05
8.41893e-05
0.000180173
7.90283e-05
0.10363
0.00867594
0.00139035
0.000215451
4.37706e-05
1.68779e-05
1.23103e-05
5.3533e-05
0.00017504
6.81494e-05
0.103679
0.00867792
0.0013902
0.000215346
4.37407e-05
1.6869e-05
1.23076e-05
5.35359e-05
0.000175041
6.8139e-05
0.0687889
0.0128498
0.00251626
0.000267463
2.65917e-05
7.18145e-06
1.13529e-05
8.41979e-05
0.000180177
7.90164e-05
0.0104639
0.00269649
0.000617386
6.47984e-05
5.13454e-06
3.05332e-06
2.19012e-05
9.21014e-05
0.00015241
4.20948e-05
0.000978744
0.000273498
5.76476e-05
1.17017e-05
3.82298e-06
5.14599e-06
2.48145e-05
8.20382e-05
0.000139071
3.92734e-05
8.96313e-05
4.5996e-05
2.49696e-05
1.65112e-05
8.87792e-06
7.62029e-06
2.26233e-05
6.72734e-05
0.000134263
4.20867e-05
6.25026e-05
6.83134e-05
4.62829e-05
3.21733e-05
1.5798e-05
1.02198e-05
1.88622e-05
4.95523e-05
0.000108596
4.81289e-05
0.000122585
0.000102864
5.77996e-05
4.18426e-05
2.06131e-05
1.24474e-05
1.5874e-05
3.32163e-05
6.53611e-05
2.99827e-05
0.000134399
7.81153e-05
2.97796e-05
2.41176e-05
1.26642e-05
9.86714e-06
1.13243e-05
2.36322e-05
4.41125e-05
2.27185e-05
2.17462e-05
8.31112e-06
3.15314e-06
4.31436e-06
3.35009e-06
3.56787e-06
3.90186e-06
1.01239e-05
1.93199e-05
1.58807e-05
4.90841e-07
1.74932e-07
6.28398e-07
1.51631e-06
1.51739e-06
1.33857e-06
1.21452e-06
2.52696e-06
5.84256e-06
8.74971e-06
6.25888e-06
1.92611e-06
3.25227e-06
3.87584e-06
8.50285e-06
8.86022e-06
7.5202e-06
1.49027e-05
1.83812e-05
1.7358e-05
0.000153732
5.50726e-05
2.61026e-05
1.29351e-05
2.11647e-05
2.43026e-05
2.13175e-05
4.08995e-05
4.48813e-05
2.48447e-05
0.0007233
0.000400166
0.000189876
7.06595e-05
6.34797e-05
4.43583e-05
4.02553e-05
6.65161e-05
9.38917e-05
3.64918e-05
0.000375677
0.000341358
0.000225158
0.000126698
7.65064e-05
3.88431e-05
4.37259e-05
8.38015e-05
0.000147675
6.14346e-05
0.000136174
0.000171554
0.000130773
9.24834e-05
4.88697e-05
2.5849e-05
4.83123e-05
0.000113829
0.000176148
5.36847e-05
0.000156599
7.10865e-05
4.87407e-05
4.43537e-05
2.46359e-05
1.65696e-05
5.26712e-05
0.000133463
0.00020139
4.95738e-05
0.00115645
0.000263848
5.47148e-05
1.6041e-05
8.68892e-06
9.27351e-06
4.93244e-05
0.000150837
0.000275197
0.00010727
0.0112149
0.00248518
0.000469852
3.80874e-05
5.72971e-06
4.35553e-06
2.85974e-05
0.000147299
0.000289122
0.000138542
0.0687464
0.012954
0.0024228
0.000259618
2.77942e-05
8.38227e-06
1.28136e-05
9.40687e-05
0.000281708
0.000107195
0.103953
0.00882649
0.00138184
0.000241592
5.77993e-05
2.19368e-05
1.62318e-05
5.24745e-05
0.000240241
9.13285e-05
0.103994
0.00882764
0.0013814
0.000241467
5.77813e-05
2.19332e-05
1.62302e-05
5.24792e-05
0.000240251
9.13071e-05
0.0688102
0.012959
0.00242329
0.000259521
2.77795e-05
8.37852e-06
1.28144e-05
9.41299e-05
0.000281746
0.000107168
0.0112243
0.0024854
0.000469699
3.80689e-05
5.72612e-06
4.35493e-06
2.85958e-05
0.000147314
0.000289109
0.000138445
0.00115661
0.000263822
5.46953e-05
1.60282e-05
8.67969e-06
9.27002e-06
4.93011e-05
0.000150824
0.000275148
0.000107176
0.000156753
7.10721e-05
4.87042e-05
4.432e-05
2.46055e-05
1.65738e-05
5.26389e-05
0.000133434
0.000201365
4.95396e-05
0.000136193
0.000171528
0.000130712
9.24537e-05
4.87943e-05
2.58579e-05
4.82866e-05
0.000113786
0.000176114
5.36672e-05
0.000375625
0.000341301
0.000225065
0.000126716
7.63182e-05
3.8986e-05
4.37085e-05
8.37658e-05
0.000147633
6.14035e-05
0.000723163
0.000399989
0.000189774
7.07053e-05
6.33296e-05
4.45133e-05
4.02354e-05
6.64764e-05
9.38658e-05
3.64848e-05
0.000153643
5.502e-05
2.60938e-05
1.29439e-05
2.11713e-05
2.42123e-05
2.13071e-05
4.08882e-05
4.48678e-05
2.48359e-05
6.25495e-06
1.92416e-06
3.25047e-06
3.87214e-06
8.49855e-06
8.8588e-06
7.52023e-06
1.49091e-05
1.83777e-05
1.73525e-05
2.60085e-05
1.32318e-05
1.97138e-05
2.4157e-05
2.56751e-05
2.4407e-05
3.46141e-05
3.74933e-05
3.93666e-05
3.38306e-05
0.000493179
0.000231269
0.000111678
8.17013e-05
7.13127e-05
6.29178e-05
7.37134e-05
8.11565e-05
7.98159e-05
4.6525e-05
0.00179435
0.00130612
0.000710222
0.000296879
0.000209618
0.000122219
0.000103212
0.000149187
0.000171078
6.23418e-05
0.000970826
0.000840794
0.000622828
0.000401821
0.000240085
0.000103509
9.79634e-05
0.000179926
0.00024571
8.39717e-05
0.000538538
0.000357833
0.000286203
0.000237842
0.000141958
6.33922e-05
8.84163e-05
0.000202893
0.000338005
0.000123834
0.000659217
0.000198469
8.93306e-05
0.000105
6.33864e-05
3.42565e-05
8.28006e-05
0.000212218
0.000353614
0.000152607
0.00251177
0.000401603
7.32415e-05
3.32639e-05
2.29781e-05
1.69629e-05
6.62982e-05
0.000216158
0.000387648
0.000120274
0.0158511
0.00262355
0.000376013
3.62921e-05
9.81591e-06
7.18832e-06
3.13705e-05
0.000178879
0.000408945
0.000153244
0.0709622
0.0131391
0.00220517
0.000207527
2.66053e-05
1.06489e-05
1.51422e-05
9.08241e-05
0.000370554
0.000167251
0.104198
0.00887952
0.00134389
0.000251241
6.76286e-05
2.67179e-05
2.01074e-05
5.23157e-05
0.000296444
0.000125578
0.104231
0.00887974
0.00134324
0.000251107
6.75956e-05
2.67085e-05
2.01028e-05
5.23223e-05
0.000296474
0.00012554
0.0710397
0.0131452
0.00220484
0.000207393
2.65926e-05
1.06457e-05
1.51431e-05
9.09195e-05
0.000370674
0.000167165
0.0158761
0.00262476
0.000375852
3.62784e-05
9.80986e-06
7.18761e-06
3.13782e-05
0.000178994
0.000408947
0.000153109
0.00251561
0.000401806
7.32657e-05
3.32339e-05
2.29531e-05
1.69569e-05
6.62651e-05
0.000216193
0.000387593
0.000120173
0.000659926
0.000198496
8.92485e-05
0.000104897
6.33229e-05
3.4251e-05
8.27525e-05
0.000212193
0.000353491
0.000152439
0.000538755
0.000357763
0.000285968
0.000237716
0.000141809
6.34108e-05
8.83857e-05
0.000202847
0.000337912
0.000123671
0.000970857
0.000840634
0.000622539
0.000401714
0.000239881
0.000103715
9.79275e-05
0.000179835
0.000245716
8.3905e-05
0.00179387
0.00130574
0.000709939
0.00029692
0.000209448
0.000122665
0.000103172
0.000149139
0.000170935
6.22972e-05
0.000493008
0.00023117
0.000111689
8.17582e-05
7.13046e-05
6.28998e-05
7.37078e-05
8.11338e-05
7.97891e-05
4.6495e-05
2.60065e-05
1.32282e-05
1.97126e-05
2.41645e-05
2.56595e-05
2.44003e-05
3.46188e-05
3.74978e-05
3.93518e-05
3.38149e-05
0.000101463
6.4816e-05
0.000112108
6.50417e-05
6.68937e-05
6.44899e-05
7.97095e-05
5.97212e-05
9.8089e-05
6.2294e-05
0.000766978
0.000459766
0.000345428
0.000229918
0.000156489
0.000137354
0.00015535
0.000141102
0.000150772
8.48526e-05
0.00320361
0.00233874
0.00154008
0.000877113
0.000438659
0.000275255
0.000230277
0.000298323
0.000299847
0.000135057
0.00430469
0.00283102
0.00185561
0.00113698
0.000581566
0.000259021
0.000200413
0.000341133
0.000431461
0.000160589
0.00423989
0.00157898
0.000622796
0.000546775
0.000348431
0.000158952
0.000158832
0.00032758
0.000481319
0.000142479
0.00505831
0.00145536
0.000280905
0.000238399
0.000172987
8.08701e-05
0.000121627
0.00030249
0.000551106
0.0002201
0.0117579
0.00207507
0.000236638
9.37645e-05
7.03955e-05
3.71304e-05
8.51236e-05
0.000273016
0.000563295
0.000266305
0.036708
0.00551181
0.000522516
6.63695e-05
3.08229e-05
1.62847e-05
3.77859e-05
0.0001941
0.000529154
0.0002122
0.0798164
0.0152353
0.00227928
0.000187093
3.54038e-05
1.75616e-05
2.09319e-05
9.26342e-05
0.000461821
0.000237691
0.106566
0.0106594
0.00137472
0.000261746
8.05106e-05
3.55272e-05
2.76952e-05
5.62902e-05
0.000361715
0.000231672
0.106576
0.0106566
0.00137384
0.000261517
8.04518e-05
3.55063e-05
2.76843e-05
5.63007e-05
0.000361799
0.000231613
0.0798833
0.0152383
0.00227798
0.000186823
3.53975e-05
1.75588e-05
2.09324e-05
9.27718e-05
0.000462092
0.000237582
0.036767
0.00551594
0.000522376
6.63579e-05
3.08288e-05
1.6291e-05
3.78142e-05
0.000194355
0.000529218
0.000212012
0.0117823
0.0020766
0.000236693
9.37479e-05
7.03842e-05
3.71362e-05
8.51301e-05
0.000273152
0.000563269
0.00026603
0.00506326
0.00145587
0.000280857
0.000238282
0.000172874
8.08616e-05
0.000121626
0.000302527
0.000550958
0.000219757
0.00424197
0.00157921
0.000622514
0.000546595
0.000348454
0.000158954
0.00015884
0.00032762
0.000481227
0.00014232
0.00430537
0.00283117
0.00185532
0.00113699
0.000581532
0.000259096
0.00020041
0.000341207
0.000431032
0.000160256
0.00320299
0.0023384
0.00154049
0.000878103
0.000438942
0.000275351
0.000230182
0.000298074
0.000300016
0.000135099
0.000766479
0.000459833
0.000345776
0.000230323
0.000156585
0.000137262
0.000155253
0.000141082
0.000150639
8.47871e-05
0.000101449
6.48133e-05
0.000112237
6.51377e-05
6.68413e-05
6.44386e-05
7.9671e-05
5.97095e-05
9.79654e-05
6.21736e-05
9.12584e-05
0.000176768
0.000228316
0.000170839
0.000163926
0.000139494
0.000170148
0.000147737
0.000157792
0.000119533
0.000340436
0.000516881
0.00051686
0.000424359
0.000349877
0.000271989
0.000314127
0.000251809
0.000249411
0.000126208
0.00170812
0.00244012
0.00192378
0.00126461
0.000846324
0.000555995
0.000463369
0.000523303
0.000448031
0.00016649
0.00565612
0.00487174
0.0030391
0.0018702
0.000960063
0.000595211
0.000426006
0.000661743
0.000597923
0.000218861
0.0118805
0.00763251
0.00254469
0.00142181
0.000750863
0.000413002
0.000311945
0.000605746
0.000720006
0.000276272
0.0218516
0.0104075
0.001815
0.000705605
0.00045642
0.000223319
0.000205863
0.000459479
0.000765993
0.000318148
0.0413161
0.0143549
0.00173866
0.000356244
0.000235026
0.000110849
0.000126966
0.000372541
0.000803207
0.000408531
0.0610421
0.0210191
0.00224381
0.000242402
0.000130174
5.65656e-05
6.19769e-05
0.000228748
0.000712442
0.000369882
0.0840999
0.0280239
0.00388358
0.000303204
9.77138e-05
4.56166e-05
3.95049e-05
0.000110772
0.000585947
0.000329831
0.103715
0.0263723
0.0025847
0.000346206
0.000121397
5.80747e-05
4.43783e-05
7.25825e-05
0.000443599
0.000354138
0.103719
0.0263629
0.00258292
0.000345818
0.000121298
5.80409e-05
4.43619e-05
7.26017e-05
0.000443741
0.000354031
0.0841314
0.0280217
0.00388076
0.000302288
9.76711e-05
4.5637e-05
3.95208e-05
0.000110989
0.000586414
0.000329628
0.0610699
0.0210259
0.00224379
0.000241976
0.0001305
5.66725e-05
6.20694e-05
0.00022921
0.00071279
0.000369642
0.041344
0.0143623
0.00173906
0.000356562
0.000235231
0.000110965
0.000127087
0.000372916
0.000803402
0.000408016
0.0218641
0.0104122
0.00181603
0.000706035
0.000456513
0.000223454
0.000206011
0.000459788
0.00076595
0.000317696
0.0118854
0.00763507
0.0025462
0.00141941
0.000749525
0.000412882
0.00031204
0.000606063
0.000719665
0.000275767
0.00565631
0.00487214
0.00303955
0.001869
0.000959277
0.000594897
0.000426008
0.000661691
0.000597948
0.000218795
0.0017075
0.00243972
0.00192416
0.00126514
0.000846316
0.00055589
0.000463275
0.000523224
0.000447041
0.000165807
0.00034026
0.000516967
0.000517362
0.000424559
0.000349848
0.000271895
0.000314029
0.000251468
0.000249456
0.00012614
9.12082e-05
0.000176689
0.000228324
0.000170794
0.000163748
0.000139348
0.000170125
0.000147428
0.000157945
0.00011983
0.000100008
0.000254328
0.000295368
0.00028113
0.00024488
0.000408974
0.000266257
0.000217115
0.000224034
0.00012838
0.000155814
0.000509601
0.000766952
0.000717698
0.000558111
0.000614365
0.000469791
0.000395644
0.000346377
0.000188512
0.000514823
0.00201694
0.00219999
0.00178942
0.00126663
0.00103797
0.000851456
0.000793302
0.00065475
0.000296491
0.00184278
0.00458056
0.00385517
0.00254255
0.0015873
0.00124302
0.000994981
0.00103509
0.000848851
0.000321514
0.00592535
0.00823009
0.00513541
0.00277348
0.00161094
0.00104545
0.000711778
0.00104547
0.00105048
0.000441358
0.0146326
0.0139061
0.00638768
0.00231833
0.00123456
0.000679994
0.000442746
0.000854956
0.00108074
0.000456439
0.0301558
0.0223816
0.00833001
0.00146533
0.000809236
0.00040983
0.000268918
0.00058179
0.00107404
0.000483209
0.0480055
0.0328234
0.00962706
0.00121813
0.000543465
0.000251643
0.0001528
0.00033203
0.000934478
0.000444889
0.0662277
0.0390018
0.0101721
0.00112489
0.000387304
0.000176127
0.000102715
0.000180586
0.000778598
0.000506052
0.0799927
0.0405572
0.00772106
0.000860474
0.000293024
0.000138391
9.19931e-05
0.000123136
0.000600238
0.000495917
0.079994
0.0405471
0.00771747
0.000859746
0.000292952
0.000138388
9.19865e-05
0.000123178
0.000600445
0.000495779
0.0662414
0.0389969
0.0101661
0.00112159
0.000387559
0.000176328
0.000102784
0.000180938
0.000779312
0.000505893
0.0480192
0.032824
0.00962584
0.00121536
0.000544793
0.00025187
0.000153104
0.000332786
0.000934966
0.000444528
0.0301692
0.0223849
0.00833234
0.00146492
0.000809456
0.000410391
0.000269345
0.000582654
0.00107442
0.000482549
0.0146379
0.0139084
0.00638693
0.00232461
0.00123677
0.000681271
0.00044336
0.000855869
0.00108085
0.000455797
0.00592585
0.008231
0.00513489
0.0027818
0.00161583
0.00104733
0.000712664
0.00104602
0.00105037
0.000440587
0.00184233
0.00458086
0.00385506
0.00254431
0.00158847
0.00124351
0.000995121
0.00103492
0.000848738
0.000321179
0.000514669
0.00201746
0.0022005
0.00179036
0.00126716
0.001038
0.000851084
0.000793409
0.000653907
0.00029589
0.000155813
0.000510033
0.000768105
0.000718602
0.000558258
0.000614098
0.000469284
0.000395624
0.000346134
0.000188161
9.99775e-05
0.000254363
0.000295431
0.000280623
0.000245058
0.000408379
0.000265684
0.000217009
0.000223794
0.000128222
0.000190561
0.000434944
0.000427492
0.000521046
0.000409489
0.000412453
0.000409928
0.000381897
0.00029883
0.000158686
0.000167572
0.000609898
0.000920365
0.00127494
0.000988072
0.00080549
0.000673279
0.000592358
0.000479752
0.000224901
0.000292794
0.00194815
0.00257246
0.00246411
0.00204224
0.00167611
0.00133707
0.0009972
0.000855438
0.000391889
0.000565803
0.00436913
0.00416443
0.00344417
0.00259385
0.00217708
0.00168445
0.00128945
0.00108805
0.000475649
0.00129117
0.00768216
0.00662479
0.00463808
0.00307976
0.00235601
0.00172254
0.00143182
0.00127967
0.000524147
0.00285495
0.0126111
0.00918635
0.005027
0.00320401
0.00209493
0.00123838
0.00141424
0.00133567
0.000600085
0.00610434
0.0195091
0.0123484
0.00484481
0.00267584
0.00153748
0.000781765
0.00118495
0.00137096
0.000599416
0.0114744
0.0288895
0.0146622
0.00452309
0.00189863
0.00107851
0.000474368
0.000702152
0.00129759
0.00067368
0.0183798
0.0338693
0.0158815
0.00383061
0.00145106
0.000709879
0.000332353
0.000401783
0.00114423
0.000624903
0.0235382
0.0359875
0.0146642
0.00295298
0.000999752
0.000469544
0.000255811
0.000282427
0.00096795
0.000606051
0.0235382
0.035978
0.0146583
0.002951
0.00100005
0.000469742
0.000255845
0.000282513
0.000968158
0.000605854
0.0183803
0.0338623
0.0158722
0.00382035
0.00145655
0.000710477
0.000332402
0.000402241
0.00114464
0.000624568
0.0114755
0.0288849
0.0146569
0.00451334
0.00189961
0.00107585
0.00047511
0.00070341
0.00129794
0.000673244
0.00610461
0.0195073
0.0123464
0.00485507
0.00267315
0.00153395
0.000783149
0.00118618
0.00137115
0.000598804
0.00285467
0.0126107
0.00918675
0.00502671
0.00319512
0.00209297
0.00123926
0.00141499
0.00133578
0.000599369
0.0012908
0.00768276
0.00662417
0.00463221
0.00307357
0.0023547
0.00172283
0.00143227
0.00127962
0.000523415
0.00056576
0.00437015
0.00416444
0.00344331
0.00259307
0.00217642
0.00168427
0.00128914
0.0010878
0.000474903
0.000292849
0.00194926
0.00257359
0.00246503
0.00204239
0.00167567
0.00133643
0.000997801
0.000855159
0.000391359
0.000167628
0.000610709
0.000921905
0.00127669
0.000988519
0.000805084
0.000672626
0.000591881
0.000479235
0.000224547
0.000190503
0.000434812
0.000427522
0.000521356
0.000409154
0.000411746
0.000409187
0.000381582
0.000298175
0.000158187
0.000177676
0.000742875
0.00113191
0.000814253
0.000777875
0.000523317
0.000576806
0.000662022
0.000392383
0.000163058
0.000217807
0.00105334
0.00188874
0.00188692
0.00164798
0.00112022
0.000953509
0.000742771
0.000585491
0.000234981
0.000326812
0.00236582
0.00390911
0.00369364
0.00302421
0.00225119
0.00166864
0.00122424
0.000992833
0.000368811
0.000480496
0.00485566
0.00582995
0.00521726
0.00412923
0.00313757
0.00222564
0.001583
0.00122592
0.000434981
0.000751028
0.00819526
0.00847769
0.00700802
0.00518636
0.00384287
0.00265374
0.00180149
0.00145601
0.000601008
0.00107683
0.012976
0.0119211
0.00902465
0.00610887
0.00437992
0.00291355
0.0018506
0.00151081
0.000628614
0.0016136
0.0184265
0.0151351
0.00982556
0.00702127
0.00463347
0.00273774
0.00189129
0.00158802
0.00072788
0.00230316
0.0268052
0.019544
0.010991
0.00675481
0.00418353
0.0019831
0.00163449
0.00152686
0.000706494
0.00318655
0.0305504
0.0209694
0.0109495
0.00544269
0.00294638
0.00115873
0.00120803
0.00146054
0.000701609
0.00379017
0.0324437
0.0209018
0.00940319
0.00409935
0.00175362
0.000808419
0.000920144
0.00134183
0.00083683
0.0037897
0.032434
0.0208926
0.00939715
0.00410146
0.00175519
0.00080867
0.000920353
0.0013419
0.000836445
0.00318595
0.0305419
0.0209576
0.010916
0.0054588
0.00296825
0.00115964
0.001208
0.00146037
0.000701269
0.0023025
0.026798
0.0195329
0.0109689
0.00677009
0.00419328
0.00198847
0.00163566
0.00152693
0.00070607
0.0016129
0.018419
0.015126
0.00979658
0.00703418
0.00464847
0.00274483
0.0018932
0.0015882
0.000727325
0.00107653
0.0129769
0.0119161
0.00900817
0.00609254
0.00437032
0.00291453
0.00185127
0.00151091
0.000628015
0.000751206
0.00819675
0.00847522
0.00700402
0.00517462
0.00383773
0.00265239
0.00180147
0.00145592
0.00060034
0.000480728
0.00485817
0.00582948
0.00521437
0.00412356
0.00313511
0.00222465
0.00158366
0.00122623
0.000434953
0.000326986
0.00236781
0.00390988
0.00369222
0.00302114
0.00224912
0.00166853
0.00121966
0.000990603
0.000368503
0.000217862
0.00105495
0.00189045
0.00188708
0.00164672
0.00111921
0.000952806
0.000744306
0.000585247
0.000234802
0.00017756
0.000743464
0.00113052
0.000813525
0.00077626
0.000522603
0.000575403
0.000660832
0.000390895
0.000162647
0.000313013
0.000821977
0.00134089
0.00187149
0.00153129
0.000766083
0.000688499
0.000614182
0.000413797
0.000145092
0.000285387
0.00152833
0.0026505
0.00275716
0.00216779
0.0014528
0.00109466
0.00073774
0.000607631
0.00021109
0.000422186
0.00317194
0.00488818
0.0046126
0.00344001
0.00247104
0.00187809
0.00121608
0.000991643
0.000311725
0.000591265
0.00542575
0.00735148
0.00637863
0.00499409
0.00373587
0.00254627
0.0016016
0.00123914
0.000400121
0.000885994
0.00850006
0.00999714
0.00820608
0.0062685
0.00475411
0.00319103
0.00193778
0.00149593
0.000492185
0.00116727
0.0117816
0.0138141
0.011164
0.00775581
0.00564638
0.00358514
0.00211806
0.00163014
0.000567044
0.00152728
0.017279
0.0171579
0.0135836
0.00988821
0.00682174
0.0041892
0.00227718
0.00174781
0.000652669
0.00180603
0.0229854
0.0205048
0.0154321
0.0107844
0.0070561
0.00418135
0.00219974
0.0016925
0.000663004
0.00214191
0.0261724
0.0225452
0.0170292
0.0105093
0.00663584
0.00360755
0.0021044
0.00166306
0.000684096
0.00231488
0.0273213
0.0229166
0.0166021
0.010157
0.00585882
0.00277319
0.00188577
0.0015773
0.000699023
0.00231421
0.0273114
0.0229067
0.0165872
0.0101603
0.00586332
0.00277439
0.00188593
0.00157726
0.000698917
0.00214103
0.026162
0.0225334
0.016973
0.0105332
0.00667994
0.00361979
0.00210459
0.00166261
0.000683881
0.00180591
0.0229761
0.0204905
0.015397
0.0108318
0.00709087
0.00419657
0.00220141
0.00169233
0.000662737
0.00152756
0.0172679
0.0171459
0.0135328
0.00992356
0.00677439
0.00419475
0.0022789
0.00174786
0.000652431
0.00116752
0.0117795
0.0138065
0.011128
0.00775529
0.00570957
0.00359187
0.00211918
0.00163039
0.000566962
0.000886461
0.00850069
0.00999053
0.00818843
0.00625894
0.00476034
0.00319246
0.0019377
0.00149585
0.000492098
0.000591572
0.00542693
0.0073477
0.00636804
0.0049875
0.00373434
0.0025451
0.00160211
0.00124004
0.00040049
0.00042238
0.00317282
0.00488638
0.00460665
0.00343525
0.0024687
0.0018782
0.00121198
0.000989053
0.00031169
0.000285413
0.00152938
0.00264996
0.00275463
0.00216556
0.00145171
0.00109414
0.000737479
0.000607214
0.00021108
0.00031278
0.000821378
0.00133774
0.00186988
0.00152902
0.000764772
0.000686239
0.000612206
0.000411717
0.000144957
0.000282887
0.00154112
0.00198645
0.00133001
0.000935612
0.00112011
0.000748288
0.000446748
0.00030097
6.66424e-05
0.000375385
0.00211296
0.00311827
0.0027559
0.00211291
0.00164127
0.00125125
0.000744763
0.000505524
0.000121062
0.000642672
0.00412388
0.00581384
0.00511799
0.00390285
0.00301931
0.00220071
0.00127544
0.000793809
0.000185259
0.000919964
0.00597293
0.00788376
0.00684073
0.00533805
0.00405718
0.00286038
0.00167418
0.00115962
0.000279939
0.00132325
0.00842281
0.0101437
0.0090024
0.00707201
0.00541829
0.00366469
0.00210672
0.00146441
0.000363607
0.00171485
0.0110231
0.0138487
0.010885
0.00813013
0.0063514
0.00418283
0.00244932
0.00173493
0.00048521
0.00222059
0.0143534
0.0167247
0.0135959
0.00995338
0.00761367
0.00490488
0.00279718
0.00191466
0.000584461
0.00254996
0.0170311
0.0192711
0.0152751
0.0109919
0.00798991
0.00506198
0.00281163
0.00196528
0.000668536
0.0029099
0.0187697
0.0212739
0.0170385
0.011632
0.0082948
0.00513789
0.0027854
0.00198875
0.00069579
0.00305321
0.0193379
0.0216593
0.0170008
0.0118502
0.00824394
0.00493285
0.00263128
0.0019151
0.000701409
0.00305221
0.0193306
0.0216509
0.0169853
0.0118531
0.00824742
0.00493491
0.00263156
0.00191505
0.000701374
0.00290853
0.0187605
0.0212637
0.0169845
0.0116454
0.00831894
0.0051563
0.00278694
0.00198817
0.000695673
0.00254921
0.017023
0.0192575
0.0152313
0.0110446
0.0080317
0.00508297
0.0028158
0.00196529
0.00066842
0.00222024
0.0143437
0.0167149
0.0135319
0.00999969
0.00764028
0.00492074
0.00280114
0.00191505
0.000584636
0.00171503
0.011019
0.0138375
0.010851
0.00814219
0.00636905
0.00418985
0.00245187
0.00173535
0.000485512
0.00132341
0.00842136
0.0101371
0.00897787
0.00706922
0.00541812
0.0036656
0.0021079
0.00146517
0.000363845
0.00092007
0.00597225
0.00787873
0.00682453
0.0053309
0.00405363
0.00285957
0.00167475
0.00116121
0.000280417
0.000642734
0.00412334
0.00581053
0.00510931
0.00389845
0.00301658
0.0022005
0.00127353
0.000793631
0.000185368
0.00037547
0.00211312
0.00311693
0.00275224
0.00211063
0.00164001
0.00125063
0.000744424
0.000505655
0.000121166
0.000282677
0.00153956
0.00198142
0.0013274
0.000933624
0.00111667
0.000745325
0.000445622
0.000300907
6.67374e-05
0.000304362
0.000959693
0.00120953
0.000949952
0.000782388
0.000725031
0.000507349
0.000236291
7.66287e-05
8.34954e-06
0.000421946
0.00147563
0.00190106
0.00165939
0.00132986
0.0010535
0.000768767
0.000369447
0.000143292
2.28212e-05
0.000685242
0.00258747
0.00321317
0.0027408
0.00219628
0.00172844
0.00123313
0.000578597
0.000223961
3.87396e-05
0.000954659
0.00342166
0.00417986
0.00349486
0.00272689
0.00213501
0.0015907
0.000831369
0.000354975
6.83488e-05
0.00131438
0.00466387
0.00569072
0.00466958
0.00359175
0.00279765
0.00204222
0.00109165
0.000479559
9.87716e-05
0.00166565
0.00575401
0.00713743
0.00557409
0.0041924
0.00324931
0.00239357
0.00140479
0.000709127
0.000150288
0.00212332
0.00736715
0.00909844
0.00709414
0.00529079
0.00399429
0.00286965
0.00168679
0.000867551
0.000193307
0.00234633
0.00804678
0.0099949
0.00773385
0.00573838
0.00429146
0.00306971
0.00186489
0.00102451
0.000238942
0.00260325
0.00875203
0.0108175
0.00846988
0.00641087
0.00471589
0.00330391
0.0019775
0.00111831
0.000273211
0.00269181
0.00890121
0.0108788
0.00854353
0.00665843
0.00488194
0.00337409
0.00201029
0.00115281
0.000290714
0.00269097
0.00889868
0.0108758
0.00853708
0.00665897
0.00488306
0.00337463
0.00201044
0.00115285
0.000290744
0.00260211
0.0087485
0.0108131
0.00845045
0.00641747
0.00472317
0.00330808
0.00197885
0.00111832
0.000273214
0.00234551
0.00804346
0.00998956
0.00770938
0.00576834
0.00431215
0.00307947
0.00186821
0.00102505
0.000239044
0.00212283
0.00736386
0.00909386
0.00706764
0.00531607
0.00401343
0.00287896
0.00169
0.000868362
0.000193464
0.00166565
0.00575204
0.00713325
0.00555248
0.00419883
0.0032568
0.0023976
0.00140654
0.000709849
0.000150456
0.00131449
0.0046628
0.00568775
0.0046537
0.00359223
0.00279997
0.00204408
0.00109295
0.000480099
9.89013e-05
0.000954706
0.00342073
0.00417758
0.00348523
0.00272486
0.00213487
0.00159098
0.000832162
0.000355638
6.85138e-05
0.000685261
0.00258666
0.00321128
0.00273514
0.00219376
0.00172762
0.00123371
0.000579259
0.00022418
3.87986e-05
0.000422027
0.00147544
0.00190034
0.00165692
0.0013286
0.00105305
0.000769051
0.000369668
0.000143457
2.2866e-05
0.000304236
0.000958954
0.00120799
0.0009481
0.000781265
0.000723896
0.000506497
0.000236251
7.67478e-05
8.37598e-06
)
;

boundaryField
{
    side
    {
        type            inletOutlet;
        inletValue      uniform 0;
        value           nonuniform List<scalar> 
800
(
0
0
0
0
0
0
0
0
0
0
0
0
0
0
0
0
0
0
0
0
0
0
0
0
0
0
0
0
0
0
0
0
0
0
0
0
0
0
0
0
0
0
0
0
0
0
0
0
0
0
0
0
0
0
0
0
0
0
0
0
1.27544e-09
3.80827e-09
0
0
0
0
0
0
0
0
0
0
0
0
0
0
0
0
3.81186e-09
1.27681e-09
3.19279e-08
7.00915e-08
0
0
0
0
0
0
0
0
0
0
0
0
0
0
0
0
7.0154e-08
3.19585e-08
2.39607e-07
0
0
0
0
0
0
0
0
0
0
0
0
0
0
0
0
0
0
2.39805e-07
0
0
0
0
0
0
0
0
0
0
0
0
0
0
0
0
0
0
0
0
0
0
0
0
0
0
0
0
0
0
0
0
0
0
0
0
0
0
0
0
0
0
0
0
0
0
0
0
0
0
0
0
0
0
0
0
0
0
0
0
0
0
0
0
0
0
0
0
0
0
0
0
0
0
0
0
0
0
0
0
0
0
0
0
0
0
0
0
0
0
0
0
0
0
0
0
0
0
0
0
3.38306e-05
0
0
0
0
0
0
0
0
0
0
0
0
0
0
0
0
0
0
3.38149e-05
0
8.48526e-05
0
0.000160589
0
0.0002201
0
0
0
0
0
0
0
0
0.000219757
0
0.000160256
0
8.47871e-05
0
0
0
0
0.000218861
0
0
0
0
0
0
0
0
0
0
0
0
0.000218795
0
0
0
0
0
0.000296491
0
0.000441358
0
0.000483209
0
0
0
0
0
0
0.000482549
0
0.000440587
0
0.00029589
0
0
0.000158686
0
0.000391889
0
0
0.000600085
0.000599416
0
0
0
0
0
0
0.000598804
0.000599369
0
0
0.000391359
0
0.000158187
0.000163058
0.000234981
0.000368811
0.000434981
0
0
0.00072788
0.000706494
0.000701609
0
0
0.000701269
0.00070607
0.000727325
0
0
0.000434953
0.000368503
0.000234802
0.000162647
0.000145092
0.00021109
0.000311725
0.000400121
0.000492185
0.000567044
0.000652669
0.000663004
0.000684096
0.000699023
0.000698917
0.000683881
0.000662737
0.000652431
0.000566962
0.000492098
0.00040049
0.00031169
0.00021108
0.000144957
6.66424e-05
0.000121062
0.000185259
0.000279939
0.000363607
0.00048521
0.000584461
0.000668536
0.00069579
0.000701409
0.000701374
0.000695673
0.00066842
0.000584636
0.000485512
0.000363845
0.000280417
0.000185368
0.000121166
6.67374e-05
8.34954e-06
2.28212e-05
3.87396e-05
6.83488e-05
9.87716e-05
0.000150288
0.000193307
0.000238942
0.000273211
0.000290714
0.000290744
0.000273214
0.000239044
0.000193464
0.000150456
9.89013e-05
6.85138e-05
3.87986e-05
2.2866e-05
8.37598e-06
0
0
0.000115615
0
0
0
0
0
0
0
0
0
0
0
0.000100008
0
0.000177676
0
0.000282887
0.000304362
0
0
6.76445e-05
0
0
0
0
0
0
0
0
0
0
0.000176768
0
0.000434944
0
0.000821977
0.00154112
0.000959693
0
0
0
0
0
0
0
0
0
0
0
0
0
0
0
0.000427492
0
0.00134089
0.00198645
0.00120953
0
0
0
0
0
0
0
0
0
0
0
0
0
0
0
0
0.000814253
0.00187149
0.00133001
0.000949952
0
0
0
0
0
0
0
0
0
0
0
0
0
0
0.00024488
0
0
0
0.000935612
0.000782388
0
0
0
0
0
0
0
0
0
0
0
0
0
0.000139494
0
0.000412453
0.000523317
0.000766083
0.00112011
0.000725031
0
0
0
0
0
0
0
0
0
0
0
0
0
0.000170148
0
0
0.000576806
0.000688499
0.000748288
0.000507349
0
0
0
0
0
0
0
0
0
0
0
0
0
0
0
0
0
0
0.000446748
0.000236291
0
0
0
0
0
0
0
0
0
0
0
0
9.8089e-05
0
0.000224034
0
0.000392383
0
0.00030097
7.66287e-05
0
0
1.38765e-11
1.27544e-09
3.19279e-08
2.39607e-07
0
0
0
0
0
0
0
0.000119533
0.00012838
0
0.000163058
0.000145092
6.66424e-05
8.34954e-06
0
0
0.000115616
0
0
0
0
0
0
0
0
0
0
0
9.99775e-05
0
0.00017756
0
0.000282677
0.000304236
0
0
6.76323e-05
0
0
0
0
0
0
0
0
0
0
0.000176689
0
0.000434812
0
0.000821378
0.00153956
0.000958954
0
0
0
0
0
0
0
0
0
0
0
0
0
0
0
0.000427522
0
0.00133774
0.00198142
0.00120799
0
0
0
0
0
0
0
0
0
0
0
0
0
0
0
0
0.000813525
0.00186988
0.0013274
0.0009481
0
0
0
0
0
0
0
0
0
0
0
0
0
0
0.000245058
0
0
0
0.000933624
0.000781265
0
0
0
0
0
0
0
0
0
0
0
0
0
0.000139348
0
0.000411746
0.000522603
0.000764772
0.00111667
0.000723896
0
0
0
0
0
0
0
0
0
0
0
0
0
0.000170125
0
0
0.000575403
0.000686239
0.000745325
0.000506497
0
0
0
0
0
0
0
0
0
0
0
0
0
0
0
0
0
0
0.000445622
0.000236251
0
0
0
0
0
0
0
0
0
0
0
0
9.79654e-05
0
0.000223794
0
0.000390895
0
0.000300907
7.67478e-05
0
0
1.38912e-11
1.27681e-09
3.19585e-08
2.39805e-07
0
0
0
0
0
0
0
0.00011983
0.000128222
0
0.000162647
0.000144957
6.67374e-05
8.37598e-06
)
;
    }
    outlet
    {
        type            inletOutlet;
        inletValue      uniform 0;
        value           nonuniform List<scalar> 
200
(
0.000304362
0.000421946
0.000685242
0.000954659
0.00131438
0.00166565
0.00212332
0.00234633
0.00260325
0.00269181
0.00269097
0.00260211
0.00234551
0.00212283
0.00166565
0.00131449
0.000954706
0.000685261
0.000422027
0.000304236
0.000959693
0.00147563
0.00258747
0.00342166
0.00466387
0.00575401
0.00736715
0.00804678
0.00875203
0.00890121
0.00889868
0.0087485
0.00804346
0.00736386
0.00575204
0.0046628
0.00342073
0.00258666
0.00147544
0.000958954
0.00120953
0.00190106
0.00321317
0.00417986
0.00569072
0.00713743
0.00909844
0.0099949
0.0108175
0.0108788
0.0108758
0.0108131
0.00998956
0.00909386
0.00713325
0.00568775
0.00417758
0.00321128
0.00190034
0.00120799
0.000949952
0.00165939
0.0027408
0.00349486
0.00466958
0.00557409
0.00709414
0.00773385
0.00846988
0.00854353
0.00853708
0.00845045
0.00770938
0.00706764
0.00555248
0.0046537
0.00348523
0.00273514
0.00165692
0.0009481
0.000782388
0.00132986
0.00219628
0.00272689
0.00359175
0.0041924
0.00529079
0.00573838
0.00641087
0.00665843
0.00665897
0.00641747
0.00576834
0.00531607
0.00419883
0.00359223
0.00272486
0.00219376
0.0013286
0.000781265
0.000725031
0.0010535
0.00172844
0.00213501
0.00279765
0.00324931
0.00399429
0.00429146
0.00471589
0.00488194
0.00488306
0.00472317
0.00431215
0.00401343
0.0032568
0.00279997
0.00213487
0.00172762
0.00105305
0.000723896
0.000507349
0.000768767
0.00123313
0.0015907
0.00204222
0.00239357
0.00286965
0.00306971
0.00330391
0.00337409
0.00337463
0.00330808
0.00307947
0.00287896
0.0023976
0.00204408
0.00159098
0.00123371
0.000769051
0.000506497
0.000236291
0.000369447
0.000578597
0.000831369
0.00109165
0.00140479
0.00168679
0.00186489
0.0019775
0.00201029
0.00201044
0.00197885
0.00186821
0.00169
0.00140654
0.00109295
0.000832162
0.000579259
0.000369668
0.000236251
7.66287e-05
0.000143292
0.000223961
0.000354975
0.000479559
0.000709127
0.000867551
0.00102451
0.00111831
0.00115281
0.00115285
0.00111832
0.00102505
0.000868362
0.000709849
0.000480099
0.000355638
0.00022418
0.000143457
7.67478e-05
8.34954e-06
2.28212e-05
3.87396e-05
6.83488e-05
9.87716e-05
0.000150288
0.000193307
0.000238942
0.000273211
0.000290714
0.000290744
0.000273214
0.000239044
0.000193464
0.000150456
9.89013e-05
6.85138e-05
3.87986e-05
2.2866e-05
8.37598e-06
)
;
    }
    ground
    {
        type            zeroGradient;
    }
    inlet
    {
        type            totalFlowRateAdvectiveDiffusive;
        phi             phi;
        rho             none;
        massFluxFraction 1;
        value           nonuniform List<scalar> 
40
(
0.990222
0.990743
0.991284
0.992376
0.993065
0.993808
0.993377
0.993287
0.993463
0.993389
0.993388
0.99346
0.993286
0.993377
0.993809
0.993065
0.992376
0.991284
0.990743
0.990222
0.990224
0.99074
0.991362
0.991525
0.991379
0.990946
0.990677
0.990589
0.990496
0.990484
0.990484
0.990496
0.990589
0.990677
0.990946
0.991379
0.991525
0.991362
0.99074
0.990225
)
;
    }
    region0_to_pyrolysisRegion_coupledWall
    {
        type            totalFlowRateAdvectiveDiffusive;
        phi             phi;
        rho             none;
        massFluxFraction 1;
        value           nonuniform List<scalar> 
400
(
0.0198387
0.0717273
0.125678
0.234796
0.303613
0.378018
0.334848
0.325869
0.343436
0.336041
0.335939
0.3431
0.325755
0.334838
0.378026
0.30362
0.234807
0.125697
0.0717468
0.0198439
0.00245212
0.0118039
0.0281441
0.0626586
0.133711
0.202522
0.250955
0.189038
0.169949
0.18162
0.181584
0.16991
0.189011
0.250953
0.202535
0.133727
0.0626693
0.028146
0.0118038
0.00245223
0.000115615
0.000657783
0.00296505
0.0174197
0.0590856
0.128265
0.177896
0.179547
0.142233
0.120852
0.12089
0.1423
0.179534
0.177911
0.128292
0.0591081
0.0174279
0.00296589
0.00065785
0.000115616
1.68121e-06
2.1024e-05
0.000160599
0.00152983
0.0128116
0.0592788
0.135398
0.157183
0.136246
0.111856
0.111916
0.136366
0.157205
0.135413
0.0593017
0.0128198
0.00153072
0.000160676
2.10308e-05
1.68225e-06
1.27976e-08
4.96975e-07
6.94004e-06
0.000104448
0.00118528
0.0144183
0.0820064
0.13501
0.133112
0.106813
0.106889
0.133272
0.135037
0.0820109
0.014424
0.00118594
0.000104514
6.94466e-06
4.97358e-07
1.28358e-08
1.63969e-10
2.01572e-08
3.25293e-07
6.14816e-06
0.000106172
0.00202368
0.0278926
0.107721
0.124732
0.105958
0.106042
0.124921
0.107725
0.0278911
0.00202402
0.00010622
6.15141e-06
3.25539e-07
2.01783e-08
1.64521e-10
9.83783e-11
1.4611e-08
3.32315e-07
1.20607e-06
1.81907e-05
0.000298113
0.00643582
0.0600381
0.114934
0.106742
0.106832
0.11509
0.0599941
0.00643224
0.000298073
1.81946e-05
1.20516e-06
3.3153e-07
1.45697e-08
9.81272e-11
1.46606e-09
1.78105e-07
2.36564e-06
3.98543e-06
9.61084e-06
9.83586e-05
0.00166132
0.0227595
0.0977806
0.106696
0.106784
0.0978873
0.0227378
0.00165971
9.83031e-05
9.60632e-06
3.98147e-06
2.36197e-06
1.77856e-07
1.46361e-09
2.56959e-08
2.09418e-06
1.887e-05
2.85365e-05
2.22712e-05
7.53394e-05
0.000985957
0.0117353
0.0735072
0.104316
0.104375
0.0735663
0.0117279
0.000985005
7.52768e-05
2.22696e-05
2.85351e-05
1.886e-05
2.09175e-06
2.56736e-08
4.91229e-07
2.17615e-05
0.000134417
0.000122571
6.24969e-05
8.96885e-05
0.000979377
0.010465
0.0687306
0.10363
0.103679
0.0687889
0.0104639
0.000978744
8.96313e-05
6.25026e-05
0.000122585
0.000134399
2.17462e-05
4.9085e-07
6.25889e-06
0.000153732
0.0007233
0.000375677
0.000136174
0.000156599
0.00115645
0.0112149
0.0687464
0.103953
0.103994
0.0688102
0.0112243
0.00115661
0.000156753
0.000136193
0.000375625
0.000723163
0.000153643
6.25497e-06
2.60086e-05
0.000493179
0.00179435
0.000970826
0.000538538
0.000659217
0.00251177
0.0158511
0.0709622
0.104198
0.104231
0.0710397
0.0158761
0.00251561
0.000659926
0.000538755
0.000970857
0.00179387
0.000493008
2.60065e-05
0.000101463
0.000766978
0.00320361
0.00430469
0.00423989
0.00505831
0.0117579
0.036708
0.0798164
0.106566
0.106576
0.0798833
0.036767
0.0117823
0.00506326
0.00424197
0.00430537
0.00320299
0.000766479
0.000101449
9.12585e-05
0.000340436
0.00170812
0.00565612
0.0118805
0.0218516
0.0413161
0.0610421
0.0840999
0.103715
0.103719
0.0841314
0.0610699
0.041344
0.0218641
0.0118854
0.00565631
0.0017075
0.00034026
9.12082e-05
0.000100008
0.000155814
0.000514823
0.00184278
0.00592535
0.0146326
0.0301558
0.0480055
0.0662277
0.0799927
0.079994
0.0662414
0.0480192
0.0301692
0.0146379
0.00592585
0.00184233
0.000514669
0.000155813
9.99775e-05
0.000190561
0.000167572
0.000292794
0.000565803
0.00129117
0.00285495
0.00610434
0.0114744
0.0183798
0.0235382
0.0235382
0.0183803
0.0114755
0.00610461
0.00285467
0.0012908
0.00056576
0.000292849
0.000167628
0.000190503
0.000177676
0.000217807
0.000326812
0.000480496
0.000751028
0.00107683
0.0016136
0.00230316
0.00318655
0.00379017
0.0037897
0.00318595
0.0023025
0.0016129
0.00107653
0.000751206
0.000480728
0.000326986
0.000217862
0.00017756
0.000313013
0.000285387
0.000422186
0.000591265
0.000885994
0.00116727
0.00152728
0.00180603
0.00214191
0.00231488
0.00231421
0.00214103
0.00180591
0.00152756
0.00116752
0.000886461
0.000591572
0.00042238
0.000285413
0.00031278
0.000282887
0.000375385
0.000642672
0.000919964
0.00132325
0.00171485
0.00222059
0.00254996
0.0029099
0.00305321
0.00305221
0.00290853
0.00254921
0.00222024
0.00171503
0.00132341
0.00092007
0.000642734
0.00037547
0.000282677
0.000304362
0.000421946
0.000685242
0.000954659
0.00131438
0.00166565
0.00212332
0.00234633
0.00260325
0.00269181
0.00269097
0.00260211
0.00234551
0.00212283
0.00166565
0.00131449
0.000954706
0.000685261
0.000422027
0.000304236
)
;
    }
}


// ************************************************************************* //
