/*--------------------------------*- C++ -*----------------------------------*\
  =========                 |
  \\      /  F ield         | OpenFOAM: The Open Source CFD Toolbox
   \\    /   O peration     | Website:  https://openfoam.org
    \\  /    A nd           | Version:  7
     \\/     M anipulation  |
\*---------------------------------------------------------------------------*/
FoamFile
{
    version     2.0;
    format      ascii;
    class       volScalarField;
    location    "1";
    object      CO2;
}
// * * * * * * * * * * * * * * * * * * * * * * * * * * * * * * * * * * * * * //

dimensions      [0 0 0 0 0 0 0];

internalField   nonuniform List<scalar> 
4000
(
0.0242001
0.0240847
0.00185535
1.98544e-05
1.39276e-08
5.12957e-08
1.69309e-07
2.62105e-08
2.30198e-09
8.91085e-11
0.0789831
0.0797979
0.00364079
2.96283e-05
6.81109e-07
3.87147e-06
3.22253e-06
4.99431e-07
2.91397e-08
8.82344e-10
0.105436
0.0950167
0.00553002
4.87963e-05
7.34871e-06
3.40237e-05
9.61508e-06
8.81677e-07
5.00637e-08
1.76591e-09
0.114178
0.0918632
0.00618346
9.47075e-05
3.78766e-05
7.61301e-05
1.10786e-05
1.07742e-06
8.3881e-08
3.62101e-09
0.109567
0.0857861
0.00617721
0.00014342
0.000172014
7.68431e-05
1.10288e-05
1.29384e-06
1.26134e-07
5.74546e-09
0.0968183
0.079436
0.00594379
0.000339847
0.000338695
6.60178e-05
1.0834e-05
1.54844e-06
1.69651e-07
8.14298e-09
0.0976777
0.0743275
0.00538297
0.00049386
0.00036003
5.42351e-05
1.0829e-05
2.00709e-06
2.089e-07
1.09009e-08
0.093088
0.0701093
0.00517408
0.000955587
0.000336007
4.73576e-05
1.11361e-05
2.36974e-06
2.48136e-07
1.37587e-08
0.0888596
0.0690034
0.00531718
0.00122065
0.000299709
4.69364e-05
1.15916e-05
2.60037e-06
2.84847e-07
1.65108e-08
0.0896046
0.0691503
0.00597427
0.00120893
0.000280597
4.79258e-05
1.18124e-05
2.79432e-06
3.03054e-07
1.81596e-08
0.089621
0.0691495
0.00597443
0.00120893
0.000280597
4.7926e-05
1.18124e-05
2.79432e-06
3.03054e-07
1.81596e-08
0.0889158
0.0690007
0.0053173
0.00122065
0.000299705
4.69365e-05
1.15916e-05
2.60034e-06
2.84852e-07
1.65112e-08
0.0931088
0.0701081
0.00517423
0.000955619
0.000336
4.73565e-05
1.11363e-05
2.36969e-06
2.48138e-07
1.37591e-08
0.0976797
0.0743274
0.00538312
0.000493882
0.000360028
5.42314e-05
1.08296e-05
2.00702e-06
2.08906e-07
1.09018e-08
0.0968168
0.0794358
0.00594382
0.000339863
0.000338719
6.60228e-05
1.08352e-05
1.54839e-06
1.69657e-07
8.14371e-09
0.109566
0.0857846
0.00617715
0.000143428
0.000172031
7.68591e-05
1.10301e-05
1.29388e-06
1.26138e-07
5.74463e-09
0.114179
0.0918607
0.00618329
9.47115e-05
3.78814e-05
7.61432e-05
1.10789e-05
1.07752e-06
8.3885e-08
3.62138e-09
0.105441
0.0950157
0.00552963
4.87957e-05
7.3491e-06
3.40283e-05
9.61579e-06
8.81788e-07
5.00667e-08
1.76597e-09
0.0789936
0.0798046
0.0036404
2.96236e-05
6.80863e-07
3.86466e-06
3.22395e-06
4.9948e-07
2.9143e-08
8.82423e-10
0.0242135
0.0240965
0.00185518
1.98465e-05
1.3925e-08
5.12714e-08
1.69218e-07
2.62174e-08
2.30236e-09
8.91186e-11
0.0113351
0.00840556
0.000210273
1.1e-06
4.05534e-08
7.29665e-07
2.69855e-06
8.90159e-07
7.27428e-08
1.76792e-09
0.0430905
0.0436651
0.00238189
3.90344e-05
1.5357e-06
8.55672e-06
2.74564e-05
6.57026e-06
5.10271e-07
1.19552e-08
0.0962368
0.0941948
0.0076294
0.000171241
1.02682e-05
6.34319e-05
6.27726e-05
8.29637e-06
5.7211e-07
1.63506e-08
0.120521
0.116059
0.0142865
0.000420244
4.13352e-05
0.000197048
6.23871e-05
8.0446e-06
7.10228e-07
2.85528e-08
0.132528
0.115717
0.0147664
0.000393824
0.000132642
0.000250863
5.68714e-05
8.32271e-06
8.90725e-07
4.11065e-08
0.128159
0.103056
0.0138739
0.000416665
0.000378978
0.000235507
5.2665e-05
9.32369e-06
1.06528e-06
5.50385e-08
0.11466
0.0951167
0.0113034
0.000516865
0.000639509
0.000192294
5.17075e-05
1.04448e-05
1.25437e-06
7.0118e-08
0.113379
0.0708128
0.00784466
0.000780957
0.000676801
0.000183455
5.30494e-05
1.15069e-05
1.43386e-06
8.36892e-08
0.107011
0.0560898
0.00641491
0.00151016
0.000587987
0.000189917
5.59638e-05
1.24667e-05
1.6038e-06
9.53888e-08
0.103475
0.0570593
0.0069836
0.00237717
0.000606874
0.000244369
5.78419e-05
1.36002e-05
1.67875e-06
1.01722e-07
0.10348
0.0570593
0.00698393
0.00237723
0.000606882
0.000244361
5.78422e-05
1.36003e-05
1.67875e-06
1.01722e-07
0.107021
0.0560914
0.00641506
0.00151019
0.000587771
0.000189923
5.59648e-05
1.24667e-05
1.60382e-06
9.53908e-08
0.113384
0.0708129
0.00784466
0.000780968
0.000676022
0.000183462
5.30499e-05
1.15071e-05
1.43389e-06
8.36915e-08
0.114659
0.0951161
0.0113041
0.000516854
0.000633995
0.000192343
5.17082e-05
1.04451e-05
1.25441e-06
7.01214e-08
0.128159
0.103052
0.0138745
0.000417239
0.000390038
0.000235496
5.26666e-05
9.32389e-06
1.06532e-06
5.50408e-08
0.13253
0.115716
0.0147671
0.000393806
0.000127294
0.000250872
5.68744e-05
8.32302e-06
8.90758e-07
4.11099e-08
0.120526
0.116059
0.0142859
0.000420278
4.14474e-05
0.000197067
6.23919e-05
8.04508e-06
7.10284e-07
2.85557e-08
0.0962442
0.0941941
0.00762943
0.000171242
1.02654e-05
6.34392e-05
6.27776e-05
8.29704e-06
5.72183e-07
1.63532e-08
0.0430896
0.0436615
0.00238182
3.90399e-05
1.53556e-06
8.55711e-06
2.74597e-05
6.57112e-06
5.10359e-07
1.19582e-08
0.0113356
0.00840497
0.000210262
1.10012e-06
4.0642e-08
7.29757e-07
2.69888e-06
8.90361e-07
7.27624e-08
1.76848e-09
0.000893278
0.000495321
5.49099e-06
5.2128e-08
4.92726e-09
1.24065e-07
6.7478e-06
1.16495e-05
2.75076e-06
1.3773e-07
0.00531966
0.00508328
0.00034509
6.07757e-06
2.38463e-06
1.56509e-05
7.20461e-05
6.31333e-05
1.18116e-05
5.28394e-07
0.0210307
0.0269495
0.00281831
9.57869e-05
1.45396e-05
6.50367e-05
0.000225955
7.39972e-05
1.07116e-05
4.59652e-07
0.075271
0.0815293
0.0106773
0.000460465
3.6827e-05
0.000232354
0.000292192
6.84202e-05
1.08609e-05
6.1425e-07
0.126894
0.117275
0.0212378
0.00117969
0.000158492
0.000586118
0.000288546
6.60608e-05
1.20056e-05
7.02956e-07
0.135855
0.128059
0.0344101
0.00205195
0.000352968
0.000684248
0.000270723
6.85009e-05
1.30689e-05
8.04478e-07
0.132088
0.122361
0.0295446
0.00190295
0.000826351
0.000732909
0.000287705
7.41141e-05
1.43e-05
9.11381e-07
0.121105
0.094955
0.0183566
0.00162286
0.00110294
0.000828127
0.000300612
8.02858e-05
1.55923e-05
1.01637e-06
0.112943
0.0578478
0.0100523
0.00185579
0.00179765
0.000857056
0.000318349
8.6749e-05
1.6938e-05
1.11428e-06
0.108634
0.043759
0.00904523
0.00332186
0.00217089
0.000723396
0.000330781
9.05814e-05
1.76664e-05
1.17402e-06
0.108631
0.0437615
0.00904574
0.00332259
0.00217089
0.000723562
0.000330782
9.05818e-05
1.76665e-05
1.17404e-06
0.112937
0.0578496
0.0100514
0.00185621
0.00179804
0.000857145
0.000318352
8.67512e-05
1.69387e-05
1.11435e-06
0.121105
0.0949524
0.0183541
0.00162325
0.0011041
0.000828103
0.000300615
8.02878e-05
1.5593e-05
1.01646e-06
0.132088
0.122361
0.0295477
0.00190348
0.000826612
0.000732941
0.000287704
7.41161e-05
1.43008e-05
9.11483e-07
0.135857
0.128062
0.0344158
0.00205272
0.000352458
0.000684231
0.00027072
6.8502e-05
1.30695e-05
8.04591e-07
0.126904
0.117281
0.0212421
0.00118005
0.00015858
0.000586138
0.000288546
6.60629e-05
1.20065e-05
7.03086e-07
0.0753006
0.0815498
0.0106802
0.000460622
3.68303e-05
0.000232368
0.000292197
6.84244e-05
1.08622e-05
6.14432e-07
0.0210382
0.0269568
0.0028192
9.58327e-05
1.45396e-05
6.50362e-05
0.00022597
7.40035e-05
1.07136e-05
4.59849e-07
0.0053209
0.00508381
0.000345196
6.081e-06
2.38451e-06
1.5651e-05
7.20518e-05
6.31406e-05
1.18144e-05
5.28678e-07
0.000893389
0.000495277
5.49235e-06
5.21515e-08
4.92794e-09
1.24056e-07
6.74836e-06
1.16519e-05
2.75168e-06
1.37823e-07
1.52917e-05
5.99791e-06
7.41694e-08
2.27415e-09
4.55421e-09
3.79453e-08
1.15087e-06
3.34754e-05
4.63558e-05
8.14527e-06
0.000253194
0.000221634
1.22649e-05
2.83317e-07
2.58651e-06
1.6872e-05
9.34355e-05
0.00026606
0.000153055
1.88012e-05
0.00194331
0.00240072
0.000252335
9.69617e-06
1.10566e-05
4.96472e-05
0.000298809
0.000462682
0.000131595
1.26529e-05
0.0125085
0.0142742
0.00201962
9.04853e-05
2.51241e-05
0.000213246
0.000768175
0.000460934
0.000121951
1.3815e-05
0.0588604
0.0605257
0.0104792
0.000614567
0.000101196
0.000566112
0.000989726
0.00043245
0.000122787
1.30194e-05
0.12183
0.118407
0.0267843
0.00158725
0.000410764
0.00124648
0.00106583
0.000415303
0.00012534
1.26968e-05
0.134362
0.129699
0.0435442
0.00379518
0.00088646
0.00143036
0.00107643
0.00041698
0.0001298
1.2852e-05
0.132812
0.12219
0.0375026
0.0036844
0.0014539
0.00162467
0.00121233
0.000430659
0.000134677
1.31077e-05
0.118632
0.0739003
0.0213448
0.002848
0.00197732
0.00167961
0.00130549
0.000445933
0.000141635
1.34317e-05
0.111204
0.044982
0.011949
0.00366739
0.00326917
0.00166159
0.00130775
0.000453446
0.000147192
1.3621e-05
0.111198
0.0449813
0.011944
0.00366809
0.00326899
0.00166132
0.00130779
0.000453448
0.000147194
1.36212e-05
0.11864
0.073897
0.0213391
0.00284824
0.00197792
0.00167959
0.00130554
0.000445947
0.000141642
1.34328e-05
0.132809
0.122187
0.0375088
0.00368537
0.00145489
0.00162497
0.00121233
0.000430673
0.000134686
1.31093e-05
0.134364
0.129703
0.0435582
0.00379715
0.000886477
0.00143042
0.00107647
0.00041699
0.00012981
1.2854e-05
0.121839
0.118421
0.026799
0.00158827
0.000410541
0.00124657
0.00106581
0.000415307
0.00012535
1.26995e-05
0.0588801
0.0605532
0.0104848
0.000614968
0.000101264
0.000566122
0.000989685
0.000432457
0.0001228
1.30231e-05
0.0125137
0.0142812
0.00202064
9.0538e-05
2.51181e-05
0.000213254
0.000768159
0.000460955
0.00012197
1.38204e-05
0.00194407
0.00240182
0.000252467
9.70136e-06
1.10564e-05
4.96412e-05
0.000298808
0.000462708
0.000131626
1.26599e-05
0.00025326
0.000221689
1.22693e-05
2.83397e-07
2.58624e-06
1.68691e-05
9.3434e-05
0.00026608
0.000153096
1.88125e-05
1.52939e-05
5.9972e-06
7.40805e-08
2.27445e-09
4.55632e-09
3.79426e-08
1.1506e-06
3.34793e-05
4.63705e-05
8.15118e-06
1.40784e-07
1.09474e-06
2.8524e-07
1.74143e-08
6.97803e-09
2.7772e-08
3.17174e-07
8.6926e-06
0.000149185
0.000140892
9.5756e-06
1.62545e-05
3.15842e-06
1.83676e-07
2.03235e-06
1.61048e-05
6.87185e-05
0.000351456
0.000802865
0.000255728
0.000181045
0.000202486
2.98212e-05
4.33437e-06
6.4491e-06
4.08e-05
0.000198387
0.00101543
0.000847401
0.000166659
0.00159528
0.00157244
0.000250513
1.8466e-05
4.57277e-05
0.000157325
0.000821385
0.00160475
0.000814175
0.000158938
0.0104789
0.0104357
0.00194419
0.000176096
0.000120262
0.000540032
0.00167204
0.00181291
0.000783885
0.00013321
0.0613239
0.0521849
0.00853645
0.000801609
0.000461474
0.00138145
0.00225143
0.00190187
0.000767923
0.000112698
0.121832
0.116434
0.0293439
0.00219566
0.000850336
0.00218058
0.00271561
0.00201211
0.000769517
0.000101296
0.135218
0.129331
0.0439629
0.00524017
0.00208231
0.00249266
0.00284216
0.00210999
0.000764768
9.59654e-05
0.129906
0.101821
0.0364336
0.00481865
0.0025095
0.00281178
0.00284331
0.0022466
0.000772086
9.55317e-05
0.116106
0.0514681
0.0183124
0.00451402
0.00394067
0.00377669
0.002791
0.00231571
0.000777566
9.7191e-05
0.116098
0.0514638
0.0183123
0.00451482
0.00394252
0.0037777
0.00279109
0.00231576
0.000777578
9.71929e-05
0.129892
0.101803
0.0364349
0.00481916
0.00250931
0.00281197
0.00284353
0.00224672
0.000772133
9.55413e-05
0.135213
0.129336
0.0439717
0.00524161
0.0020808
0.0024922
0.00284235
0.00211012
0.000764834
9.59791e-05
0.121836
0.116447
0.0293657
0.00219705
0.000846674
0.00218002
0.00271568
0.00201221
0.00076961
0.000101316
0.0613283
0.0522061
0.008544
0.000801992
0.000458388
0.00138102
0.00225144
0.00190192
0.000768024
0.000112725
0.0104808
0.0104425
0.00194549
0.000176263
0.000118963
0.000540059
0.00167209
0.00181295
0.000784002
0.000133253
0.00159577
0.0015733
0.000250605
1.84587e-05
4.60356e-05
0.000157437
0.000821435
0.00160479
0.000814335
0.000159004
0.000181081
0.000202562
2.98174e-05
4.33456e-06
6.43745e-06
4.07958e-05
0.000198393
0.00101548
0.000847604
0.000166755
9.57699e-06
1.62614e-05
3.15369e-06
1.83341e-07
2.03171e-06
1.6103e-05
6.87184e-05
0.000351473
0.000803033
0.000255882
1.40863e-07
1.09871e-06
2.84903e-07
1.73633e-08
6.97512e-09
2.77536e-08
3.17119e-07
8.69299e-06
0.000149217
0.000140977
2.35286e-06
1.78184e-06
1.05791e-06
2.59981e-07
7.06976e-08
5.79739e-08
2.586e-07
3.48507e-06
0.000140369
0.000713607
1.42958e-05
1.95089e-05
1.00472e-05
4.34503e-06
2.43052e-06
1.21811e-05
7.0199e-05
0.000306296
0.00159799
0.00123422
8.4562e-05
8.88097e-05
4.44692e-05
1.52645e-05
1.1642e-05
4.07009e-05
0.000198285
0.000988773
0.00269733
0.00093049
0.000505223
0.000442351
0.000250922
4.87939e-05
0.000100481
0.000165748
0.000866314
0.00280249
0.00321819
0.000868852
0.00243981
0.00214621
0.000911398
0.000396855
0.000295286
0.000624511
0.0022774
0.00416893
0.00341326
0.000692014
0.0158772
0.0120875
0.00303765
0.00100037
0.000983259
0.00161882
0.00388718
0.00480666
0.00345951
0.000522737
0.0839603
0.0595978
0.0104295
0.00189193
0.00136349
0.00336435
0.00477622
0.00510877
0.00354134
0.000442985
0.130064
0.123007
0.0392588
0.00516956
0.00214627
0.00353659
0.00483398
0.00532462
0.00354872
0.000368841
0.135071
0.122442
0.0392383
0.00614071
0.00344884
0.00393858
0.00501492
0.00529725
0.00353621
0.00031911
0.120167
0.0634385
0.0242216
0.0059782
0.00457328
0.00486562
0.00530393
0.00518641
0.00362665
0.000314179
0.120154
0.0634217
0.0242226
0.005978
0.00457297
0.00486539
0.00530384
0.0051864
0.00362672
0.000314188
0.13503
0.122434
0.0392389
0.00614073
0.00344767
0.00393835
0.00501496
0.00529724
0.00353644
0.000319138
0.130056
0.123013
0.0392664
0.0051704
0.00214609
0.00353681
0.00483418
0.00532481
0.00354909
0.000368882
0.08395
0.0596141
0.0104362
0.00189235
0.00136271
0.00336511
0.00477625
0.00510901
0.00354185
0.000443053
0.015875
0.0120917
0.00303958
0.00100058
0.000985188
0.00161941
0.00388759
0.00480696
0.00346008
0.000522858
0.00243965
0.0021472
0.000911824
0.000397055
0.000294014
0.000624702
0.00227771
0.00416905
0.00341385
0.000692233
0.000505101
0.000442491
0.00025101
4.88091e-05
0.000101469
0.000165855
0.000866606
0.00280279
0.00321885
0.000869182
8.45257e-05
8.88529e-05
4.44873e-05
1.52699e-05
1.16307e-05
4.07125e-05
0.000198337
0.000988939
0.002698
0.000930971
1.42794e-05
1.95404e-05
1.007e-05
4.3337e-06
2.43042e-06
1.21815e-05
7.02111e-05
0.000306334
0.00159825
0.00123482
2.33603e-06
1.78723e-06
1.06125e-06
2.60455e-07
7.06399e-08
5.79002e-08
2.58533e-07
3.4849e-06
0.000140374
0.000713954
2.15374e-05
5.05721e-06
4.07599e-06
3.28531e-06
6.91775e-07
4.05129e-07
5.19782e-07
4.4181e-06
0.000131304
0.00170594
7.63589e-05
5.67638e-05
4.40214e-05
2.1371e-05
1.06751e-05
1.85317e-05
8.62161e-05
0.000386712
0.00226843
0.00296174
0.000226198
0.000160702
0.000123729
8.96537e-05
6.09527e-05
0.000106256
0.000304632
0.00133097
0.00501931
0.00261568
0.000939028
0.000614168
0.000355506
0.000320302
0.000251991
0.000430041
0.00134202
0.00433549
0.00730692
0.00233001
0.00235171
0.00186234
0.00162983
0.0018009
0.0011012
0.00137013
0.00334288
0.00743589
0.00841624
0.00192008
0.00664844
0.00506672
0.00298488
0.00315967
0.00237747
0.00285224
0.00633086
0.00914702
0.00859846
0.00135117
0.0339
0.0221497
0.00690118
0.00334819
0.00329111
0.00494058
0.00788709
0.00993361
0.00863678
0.00111469
0.10796
0.0929954
0.0270546
0.00518714
0.00320388
0.00576672
0.00809605
0.00994572
0.00842878
0.000896033
0.134866
0.120321
0.0447661
0.00799129
0.00410938
0.00554532
0.00778482
0.0100185
0.00850874
0.00076854
0.125844
0.0803459
0.0307443
0.00774754
0.0056409
0.00608394
0.00774282
0.0101275
0.00842878
0.000705296
0.125833
0.0803374
0.0307444
0.00774623
0.00564119
0.00608402
0.00774294
0.0101278
0.0084289
0.000705306
0.134824
0.120311
0.0447599
0.00798875
0.00411244
0.00554651
0.00778553
0.0100197
0.0085092
0.000768562
0.107941
0.0929973
0.0270582
0.00518748
0.00320619
0.00577001
0.00809676
0.00994667
0.00842931
0.00089604
0.0338845
0.0221507
0.00690242
0.00334835
0.00329494
0.00494126
0.00788753
0.00993432
0.00863768
0.00111479
0.00664692
0.00506766
0.00298584
0.00316028
0.00238051
0.00285268
0.00633145
0.00914697
0.0085995
0.00135134
0.00235135
0.00186293
0.00163039
0.0018013
0.00110108
0.0013708
0.00334418
0.0074367
0.00841749
0.00192044
0.000938757
0.000614608
0.000355805
0.000320405
0.0002522
0.000430185
0.00134241
0.00433616
0.00730818
0.00233057
0.00022614
0.00016076
0.00012383
8.97022e-05
6.09985e-05
0.000106298
0.000304752
0.00133126
0.00502038
0.00261662
7.63721e-05
5.67925e-05
4.40537e-05
2.13829e-05
1.06855e-05
1.85399e-05
8.62171e-05
0.000386759
0.00226864
0.00296279
2.15142e-05
5.08304e-06
4.08136e-06
3.28893e-06
6.92292e-07
4.05437e-07
5.20097e-07
4.41782e-06
0.00013128
0.00170647
0.000117849
6.52012e-05
2.40995e-05
7.39243e-06
1.62242e-06
2.21537e-06
2.44052e-06
1.5953e-05
0.000476367
0.00293599
0.000384334
0.000366624
0.000291619
0.000124648
7.03499e-05
9.71224e-05
0.00014067
0.00085557
0.00481923
0.00483766
0.000965417
0.000861803
0.000755813
0.000379822
0.0003146
0.000631311
0.000814311
0.0029028
0.00954242
0.0043659
0.00339512
0.0023448
0.00205497
0.00136782
0.00159237
0.00292057
0.00337554
0.00820831
0.0131557
0.00380394
0.00588681
0.00536239
0.00534436
0.00501877
0.00530555
0.00587422
0.00689255
0.0128315
0.0146363
0.00291163
0.00753116
0.00654877
0.00705737
0.0069902
0.00595128
0.00646076
0.0109419
0.0157268
0.0157148
0.00262381
0.0196534
0.0139786
0.00810996
0.0065923
0.00566675
0.00735944
0.012438
0.0165792
0.0160395
0.00240125
0.0733838
0.0493525
0.0175578
0.00683981
0.0050448
0.00769009
0.0123453
0.0168176
0.0159135
0.00211332
0.128279
0.115255
0.0454575
0.00947747
0.00510363
0.00705519
0.0109854
0.0170826
0.014892
0.00144045
0.12866
0.0943541
0.0363185
0.00929998
0.00633804
0.0072547
0.0102443
0.0162783
0.014473
0.00136207
0.128641
0.0943506
0.0363144
0.00929764
0.00633771
0.00725465
0.0102443
0.0162784
0.0144731
0.00136206
0.128228
0.115234
0.0454469
0.00947427
0.00510408
0.00705565
0.0109858
0.0170832
0.0148922
0.00144042
0.0733477
0.0493386
0.0175557
0.00683959
0.00504679
0.00768905
0.0123459
0.0168186
0.0159138
0.00211314
0.0196436
0.0139763
0.00811061
0.00659299
0.00566929
0.00735972
0.0124386
0.0165794
0.0160403
0.00240116
0.00752988
0.00654902
0.00705792
0.00699137
0.00595208
0.00646178
0.0109423
0.0157279
0.0157167
0.00262386
0.00588643
0.00536262
0.00534506
0.00502019
0.00530621
0.0058757
0.00689319
0.0128319
0.0146374
0.0029117
0.00339409
0.0023449
0.00205556
0.00136862
0.00159283
0.00292235
0.00337685
0.00820929
0.0131569
0.00380432
0.000965705
0.000862225
0.000756155
0.000380213
0.000314726
0.00063169
0.000814599
0.00290357
0.00954371
0.00436656
0.000384786
0.000366722
0.000291762
0.000124762
7.03699e-05
9.71802e-05
0.000140721
0.000855713
0.0048193
0.00483847
0.000117736
6.50761e-05
2.40996e-05
7.39207e-06
1.62255e-06
2.21721e-06
2.44287e-06
1.59583e-05
0.000476196
0.0029363
0.000290429
0.000183251
7.09094e-05
4.2633e-05
8.23336e-06
4.81123e-06
2.08775e-05
0.000131095
0.00287354
0.00392776
0.00133382
0.00139927
0.00109132
0.000952897
0.000348358
0.000254513
0.000767214
0.0030301
0.0130932
0.00670988
0.00505863
0.00357984
0.00277153
0.00247301
0.00142614
0.00142724
0.00404553
0.00961888
0.0181203
0.00589198
0.0125159
0.0109635
0.00953794
0.00907989
0.00783935
0.00694872
0.0109913
0.0174314
0.0221214
0.00545017
0.012211
0.012605
0.0126539
0.0129704
0.0123578
0.0121838
0.0155503
0.0224968
0.0244708
0.00559718
0.0130764
0.0132492
0.0124307
0.0134533
0.0133617
0.0122459
0.0184015
0.0251531
0.0251226
0.00396502
0.0204962
0.0154274
0.0115006
0.0144778
0.0105415
0.0112392
0.0193282
0.0272908
0.0278133
0.00416978
0.0632424
0.0365208
0.0176947
0.0112294
0.0104448
0.00953034
0.0172528
0.0272352
0.0278498
0.00381735
0.122652
0.102521
0.0447765
0.0126161
0.00758667
0.00848386
0.0139899
0.0250509
0.0228705
0.00303698
0.132284
0.101595
0.0398196
0.0122241
0.00804088
0.00831565
0.0116191
0.0218017
0.0222211
0.00291612
0.132275
0.101588
0.0398133
0.0122207
0.00803987
0.00831528
0.0116191
0.0218019
0.0222213
0.00291603
0.122609
0.102497
0.0447649
0.0126134
0.00758503
0.00848482
0.0139912
0.0250513
0.0228717
0.00303673
0.0632161
0.036513
0.0176924
0.0112295
0.0104454
0.00953056
0.0172539
0.0272372
0.0278497
0.00381623
0.020489
0.0154252
0.0115008
0.0144792
0.0105414
0.0112383
0.0193282
0.0272928
0.0278141
0.00416866
0.0130753
0.0132497
0.0124301
0.0134545
0.0133615
0.0122434
0.0184014
0.0251544
0.0251227
0.00396434
0.0122116
0.0126054
0.012652
0.0129738
0.0123588
0.0121812
0.0155503
0.0224977
0.0244721
0.00559637
0.0125165
0.0109633
0.00953679
0.00908349
0.00784097
0.00694752
0.0109922
0.0174318
0.0221225
0.00544974
0.00505898
0.00358015
0.00277178
0.0024744
0.00142665
0.00142716
0.00404529
0.0096194
0.0181206
0.0058921
0.00133501
0.00139979
0.00109143
0.000953234
0.000348549
0.000254521
0.000767306
0.00303013
0.0130924
0.00670997
0.000290351
0.000183212
7.08592e-05
4.26347e-05
8.24204e-06
4.8158e-06
2.08915e-05
0.000131147
0.00287111
0.00392762
0.000950285
0.00050524
0.000140664
0.000170789
8.01564e-05
7.32587e-05
0.000135723
0.00113031
0.00311636
0.00489393
0.00515395
0.00384403
0.00250037
0.00338388
0.00186367
0.00174896
0.00291655
0.0113518
0.0170742
0.00809789
0.0215803
0.0144956
0.00658724
0.00869635
0.0062197
0.00736653
0.0134855
0.0242745
0.0268183
0.00707956
0.0285264
0.0268887
0.0200935
0.0231991
0.0210808
0.0221752
0.0248771
0.0315945
0.0328821
0.00748771
0.0246994
0.0269173
0.0242479
0.0269731
0.0260815
0.0247213
0.0280348
0.0365115
0.0388075
0.00928315
0.0185483
0.0204323
0.0202655
0.0252025
0.0250897
0.0222394
0.0286215
0.0389682
0.0393564
0.00642048
0.0252008
0.0209421
0.0196504
0.0202459
0.0194385
0.0174868
0.0277422
0.0381305
0.0340201
0.00436544
0.0669134
0.03775
0.0205304
0.0169928
0.0141252
0.0132411
0.0239767
0.0373234
0.033841
0.00426177
0.124507
0.0993698
0.0449281
0.0197309
0.011366
0.010858
0.0160692
0.033275
0.0396804
0.00967816
0.134594
0.105626
0.0412614
0.015795
0.00965789
0.00965596
0.0127228
0.0259939
0.0379755
0.0079789
0.134585
0.10562
0.0412534
0.0157896
0.00965722
0.00965592
0.0127229
0.0259945
0.0379758
0.0079778
0.124475
0.0993558
0.0449184
0.0197279
0.0113648
0.010856
0.0160667
0.0332768
0.0396789
0.00967646
0.0668985
0.037743
0.0205277
0.0169921
0.0141226
0.0132413
0.0239753
0.0373231
0.0338368
0.00425933
0.0251922
0.0209408
0.0196508
0.0202474
0.0194365
0.0174895
0.0277425
0.0381317
0.0340161
0.00436348
0.0185492
0.0204326
0.0202673
0.0252052
0.0250894
0.0222455
0.028621
0.0389693
0.0393541
0.00641762
0.0247044
0.0269188
0.0242525
0.0269784
0.0260827
0.0247377
0.028034
0.0365102
0.0388069
0.00927953
0.0285305
0.0268916
0.0201008
0.0232035
0.0210792
0.0222016
0.0248767
0.0315927
0.032879
0.00748605
0.0215813
0.014497
0.00659161
0.00869805
0.00622079
0.00737213
0.0134847
0.0242728
0.0268174
0.0070793
0.00515599
0.00384566
0.00250204
0.00338445
0.00186519
0.00174819
0.00291664
0.011354
0.0170736
0.00809704
0.000950169
0.000505416
0.000140461
0.00017116
8.01087e-05
7.32375e-05
0.000135754
0.00113095
0.00311654
0.00489297
0.00302855
0.00141173
0.000743422
0.000294123
0.00115005
0.00129516
0.00120767
0.00519056
0.00715755
0.00587872
0.0183897
0.0103722
0.00979255
0.00576007
0.013536
0.0140546
0.0130329
0.0285269
0.0258812
0.0083484
0.0552618
0.0376937
0.0283223
0.0159089
0.025959
0.0373788
0.0354518
0.0441038
0.0376905
0.00811552
0.0502864
0.0480237
0.0442974
0.0394951
0.0442238
0.0452692
0.0458106
0.0509891
0.0481469
0.012428
0.0343028
0.0455594
0.0440293
0.0442004
0.0458429
0.0439539
0.0456354
0.0527996
0.045631
0.00702706
0.0253859
0.0300296
0.0350306
0.0403975
0.0416372
0.0377675
0.0431172
0.0525699
0.0436482
0.00536619
0.0326218
0.0277478
0.0265514
0.0283974
0.0315674
0.0276418
0.0388846
0.0528371
0.0532055
0.0116279
0.0757411
0.0451395
0.0268392
0.0256789
0.01981
0.0194931
0.0294313
0.0493356
0.0540405
0.015044
0.128388
0.102947
0.0471738
0.0227612
0.0183997
0.0152903
0.0191498
0.0385662
0.0527207
0.00977691
0.13629
0.109077
0.0463154
0.0190012
0.0124836
0.0115743
0.0141599
0.0278025
0.0488041
0.00845546
0.136282
0.109071
0.0463054
0.0189979
0.0124811
0.0115736
0.0141599
0.0278036
0.048804
0.00845357
0.128364
0.102943
0.047166
0.0227587
0.0183966
0.0152895
0.0191526
0.0385777
0.0527225
0.00977464
0.0757379
0.0451414
0.0268364
0.0256784
0.0198076
0.0194947
0.0294299
0.0493399
0.0540348
0.0150318
0.0326211
0.0277467
0.026551
0.0283963
0.0315659
0.0276419
0.0388798
0.0528387
0.0531946
0.0116145
0.0253884
0.0300286
0.0350289
0.0404008
0.041648
0.0377662
0.0431126
0.0525668
0.0436362
0.00536132
0.034305
0.0455628
0.0440377
0.0442125
0.0458665
0.0439199
0.0456348
0.0527955
0.0456205
0.00702288
0.0502918
0.0480289
0.0443087
0.0395233
0.0442833
0.0451809
0.0458061
0.0509821
0.0481387
0.012419
0.0552663
0.037688
0.0283321
0.0159307
0.0260522
0.0372678
0.0354429
0.0440991
0.0376844
0.00811355
0.0183899
0.0103695
0.00979863
0.0057694
0.0135235
0.0140544
0.0130283
0.0285261
0.025879
0.00834664
0.00302878
0.00141114
0.000744145
0.000295172
0.00115161
0.00129303
0.00120734
0.00519312
0.00715896
0.00587803
0.00618315
0.00372194
0.00275989
0.00267847
0.00325301
0.00294423
0.00648608
0.00705416
0.00854355
0.00716578
0.0341284
0.0243532
0.0217864
0.0225393
0.0263457
0.0248999
0.0356631
0.0364424
0.030748
0.0116713
0.0758907
0.0683168
0.054362
0.0442887
0.050793
0.0613519
0.0652969
0.0656506
0.0472179
0.0106489
0.0601519
0.0669743
0.0667429
0.0646172
0.0678487
0.0690386
0.0711356
0.071454
0.0579243
0.0117884
0.0436037
0.0508767
0.0606491
0.0657117
0.0660992
0.0651883
0.0659554
0.0713618
0.0633251
0.0136821
0.0380415
0.0369791
0.0455403
0.0598581
0.0601326
0.0556647
0.0585102
0.0688521
0.0630314
0.0160356
0.0501419
0.0347052
0.0325892
0.0415612
0.0460835
0.0412254
0.0493737
0.0656901
0.062049
0.0100308
0.0965537
0.0529888
0.0340372
0.0305992
0.027129
0.0267156
0.0360048
0.0581664
0.0659184
0.0124759
0.132314
0.109151
0.0552761
0.0291875
0.0235186
0.0214639
0.02403
0.0417099
0.0619267
0.0129357
0.138569
0.119104
0.0516819
0.0259955
0.0180499
0.0155384
0.0171049
0.0297371
0.0534057
0.00918527
0.138566
0.1191
0.051669
0.0259934
0.018049
0.015537
0.0171044
0.0297391
0.0534063
0.00918262
0.132302
0.109151
0.0552717
0.0291805
0.0235198
0.0214621
0.0240291
0.0417276
0.061934
0.0129282
0.0965833
0.0529944
0.0340357
0.0305983
0.027126
0.0267122
0.0360048
0.0581804
0.0659063
0.0124634
0.0501578
0.0347075
0.0325887
0.0415465
0.0460636
0.0412193
0.0493662
0.0656913
0.0620282
0.0100205
0.038051
0.0369792
0.0455316
0.059858
0.0601282
0.0556598
0.0585038
0.068848
0.0630069
0.016015
0.0436098
0.0508769
0.0606511
0.0657294
0.0661153
0.0651789
0.0659505
0.0713539
0.0633054
0.0136604
0.0601591
0.0669796
0.0667558
0.0646403
0.0678691
0.0690477
0.0711293
0.0714414
0.0579048
0.0117775
0.0758874
0.0683154
0.0543734
0.0443246
0.0508286
0.0613672
0.0652885
0.0656341
0.047205
0.0106401
0.034128
0.0243523
0.0218003
0.0225673
0.0263596
0.0249114
0.0356717
0.0364487
0.0307468
0.0116661
0.00618515
0.0037217
0.00276324
0.00268577
0.00325551
0.00294648
0.00649072
0.00705813
0.00854525
0.00716585
0.0123935
0.00771065
0.0122306
0.00674945
0.00661027
0.00762242
0.0123721
0.00874504
0.0135347
0.00946264
0.0380062
0.0346974
0.0430626
0.0417766
0.0380451
0.0401974
0.0549332
0.0446108
0.0424525
0.0148373
0.076594
0.0789391
0.0782461
0.0732101
0.0719786
0.0821698
0.0913031
0.0856407
0.060604
0.0160307
0.0847877
0.0818277
0.0848868
0.0883037
0.0925904
0.0942949
0.095517
0.0933944
0.0727091
0.0166786
0.0706256
0.0607752
0.0673285
0.0814879
0.0907211
0.0879947
0.0874175
0.0906894
0.0699402
0.0127584
0.0659808
0.0506228
0.0510492
0.0736056
0.0815532
0.0738378
0.0752047
0.0852185
0.0761962
0.0156178
0.0823242
0.050834
0.0405943
0.0550678
0.0626664
0.0551727
0.0615687
0.0776412
0.0748233
0.018432
0.117734
0.0723699
0.0405233
0.0382051
0.0386632
0.0356715
0.0424625
0.0648768
0.0734666
0.0152015
0.136547
0.117939
0.0601006
0.0342459
0.029618
0.0278969
0.0296197
0.0447168
0.0689183
0.0150615
0.14053
0.125397
0.0573908
0.0334032
0.0263669
0.0227447
0.0230499
0.0331965
0.0591109
0.0143367
0.14052
0.125389
0.0573739
0.0334013
0.0263635
0.0227482
0.0230539
0.0332023
0.0591159
0.0143331
0.136539
0.117937
0.0600831
0.0342535
0.0295987
0.0279055
0.0296383
0.0447532
0.0689359
0.0150547
0.117756
0.0723835
0.0405218
0.0382058
0.0386722
0.0356828
0.0424857
0.0649225
0.073458
0.0151866
0.0823568
0.0508384
0.0405951
0.0550898
0.0626785
0.0551748
0.0615834
0.0776633
0.0748075
0.0184139
0.065995
0.0506254
0.0510477
0.0736133
0.0815591
0.0738382
0.0752151
0.0852266
0.0761638
0.0155934
0.0706348
0.0607779
0.0673315
0.0814922
0.0907202
0.0879936
0.0874202
0.0906863
0.0699046
0.0127442
0.0847906
0.0818302
0.0848862
0.0883243
0.0926184
0.0943139
0.0955094
0.0933782
0.0726664
0.0166503
0.0765805
0.0789361
0.078266
0.0732625
0.0720278
0.0822006
0.0912925
0.0856384
0.0605785
0.0160274
0.0379971
0.0347116
0.0430889
0.0418487
0.0380637
0.0401943
0.0549229
0.0446126
0.0424344
0.0148301
0.0123944
0.00771037
0.0122574
0.00677529
0.00661599
0.00762453
0.0123717
0.00874744
0.0135304
0.00945507
0.0115363
0.0122398
0.011956
0.0109055
0.0133152
0.0139878
0.0171047
0.0156347
0.0168813
0.0104436
0.0251387
0.0376373
0.0490918
0.0513023
0.054082
0.0578705
0.0715398
0.0563957
0.0513952
0.0175559
0.0438384
0.0739339
0.0844213
0.0881635
0.0976698
0.10835
0.113793
0.102942
0.0686984
0.0169876
0.0800449
0.0902331
0.0916077
0.0982878
0.113268
0.118093
0.116376
0.111426
0.0790662
0.0168818
0.104739
0.0947027
0.0797674
0.0892075
0.108101
0.110668
0.106446
0.107709
0.0825191
0.0181185
0.117635
0.093019
0.0620432
0.0789038
0.0988794
0.0932194
0.0903839
0.100238
0.0879419
0.0203394
0.125861
0.0929869
0.0531538
0.0650358
0.0787918
0.0706654
0.0719614
0.0888727
0.0886449
0.021275
0.135414
0.10689
0.0533836
0.0490992
0.0530843
0.0478449
0.0505139
0.0709402
0.0826102
0.0205515
0.140672
0.128417
0.0690581
0.0418628
0.0397747
0.0366398
0.0367766
0.0500088
0.0739065
0.0185873
0.141847
0.13338
0.0664135
0.040123
0.0338899
0.0307334
0.0303698
0.0393015
0.0663177
0.0192628
0.141842
0.133372
0.0663925
0.0401157
0.033894
0.0307398
0.0303727
0.0393102
0.0663256
0.0192578
0.140668
0.128412
0.0690299
0.0418573
0.0398143
0.0366432
0.0367952
0.0500571
0.0739253
0.0185736
0.135416
0.106901
0.0533774
0.0491169
0.0531041
0.0478509
0.0505492
0.0710112
0.0826143
0.020538
0.125872
0.0929968
0.0531613
0.0650141
0.0787975
0.0706851
0.0719965
0.0889198
0.088632
0.0212519
0.117641
0.0930267
0.0620442
0.078942
0.0989345
0.0932549
0.0904187
0.100267
0.0879091
0.0203125
0.104741
0.0947055
0.0797824
0.0892257
0.108155
0.110697
0.106466
0.107719
0.0824723
0.01809
0.0800301
0.0902294
0.0916088
0.0983002
0.113296
0.118116
0.11638
0.11142
0.079011
0.0168648
0.0438265
0.0739307
0.0844362
0.0881929
0.0977119
0.108375
0.113799
0.102907
0.0686398
0.0169533
0.0251375
0.0376476
0.0491421
0.0513499
0.0541065
0.0578802
0.0715512
0.0563711
0.0514212
0.0175509
0.0115351
0.0122424
0.0119769
0.0109223
0.0133182
0.0139874
0.0171124
0.0156246
0.0168953
0.0104571
0.0108169
0.0151115
0.0152104
0.0166698
0.0164118
0.0247151
0.0190612
0.0200121
0.018336
0.0118098
0.0198845
0.0417617
0.0602238
0.0667972
0.0704786
0.091483
0.0799698
0.0717911
0.0585367
0.0207998
0.0252928
0.0681581
0.0930761
0.101432
0.120308
0.131111
0.129516
0.114058
0.0807285
0.020725
0.0378063
0.0855371
0.0954749
0.105107
0.128203
0.136803
0.134387
0.120711
0.0889225
0.0216258
0.0629478
0.0970428
0.0940573
0.100263
0.121389
0.128473
0.122871
0.119491
0.0968366
0.0227773
0.0912554
0.109151
0.0901159
0.0907143
0.108794
0.110574
0.104577
0.111733
0.0976635
0.0244205
0.118834
0.121016
0.0871965
0.0780451
0.0915668
0.0868799
0.0839696
0.0980693
0.0972268
0.0229211
0.13124
0.129061
0.088264
0.0633088
0.0692857
0.0628282
0.0615662
0.078579
0.0890506
0.0220086
0.136564
0.136939
0.0950804
0.0557479
0.0539717
0.0489234
0.0466088
0.0585685
0.0830216
0.0244567
0.138183
0.139537
0.0887837
0.0516162
0.0443517
0.0398586
0.0388558
0.0477859
0.0741525
0.0239188
0.138182
0.139533
0.0887603
0.0516052
0.0443672
0.0398701
0.038863
0.0477976
0.0741621
0.0239137
0.136562
0.136936
0.095049
0.0556913
0.0540914
0.0489587
0.0466261
0.0586195
0.0830484
0.0244498
0.131241
0.129063
0.0882545
0.0633238
0.0693318
0.0628888
0.0616241
0.0786628
0.0890597
0.0219937
0.118841
0.12102
0.0871906
0.078161
0.0916795
0.0869623
0.0840451
0.0981346
0.0972256
0.0228932
0.0912546
0.109149
0.090116
0.0907189
0.108742
0.110601
0.104635
0.11178
0.097648
0.0243893
0.0629394
0.097038
0.0940612
0.100273
0.121412
0.128502
0.122909
0.119509
0.0968199
0.0227466
0.0378003
0.0855333
0.0954716
0.105122
0.128233
0.136831
0.134403
0.120706
0.0888604
0.0215985
0.0252966
0.0681745
0.0930898
0.101457
0.120342
0.131133
0.129514
0.114034
0.0807045
0.0207004
0.0198908
0.0417867
0.0603036
0.0668707
0.0705174
0.0914762
0.0799276
0.0718146
0.0585393
0.0207887
0.0108179
0.0151218
0.0152315
0.0166838
0.0164178
0.0247037
0.0190395
0.0200199
0.0183319
0.0118095
0.014823
0.0171518
0.0173519
0.0251286
0.0229488
0.0217048
0.0253377
0.0302304
0.0245017
0.0151426
0.0202863
0.0509138
0.0667121
0.0956821
0.094296
0.0934692
0.0904895
0.0882887
0.0677312
0.0238297
0.0215729
0.0761393
0.10927
0.122002
0.138083
0.142656
0.138171
0.115739
0.0860375
0.0253989
0.0238142
0.0874872
0.107646
0.11893
0.142731
0.148331
0.143345
0.122091
0.0963649
0.0284919
0.0298455
0.0991041
0.10903
0.116591
0.137436
0.1447
0.139194
0.12275
0.0997006
0.0270329
0.0373843
0.107959
0.110245
0.111578
0.125841
0.130528
0.121951
0.119117
0.10249
0.0263269
0.0480775
0.118304
0.112098
0.0988718
0.10793
0.107263
0.0993925
0.108734
0.100771
0.0244068
0.0601201
0.124313
0.113693
0.087001
0.0883648
0.0828629
0.0768085
0.0893653
0.0977904
0.0283115
0.0715675
0.130273
0.117059
0.0781083
0.0726077
0.06573
0.0610906
0.0701214
0.0913928
0.0279877
0.0776486
0.132764
0.114171
0.0716853
0.0612525
0.052686
0.0510934
0.0598103
0.0850028
0.0274333
0.0776467
0.132761
0.114157
0.0716639
0.0612689
0.0527101
0.0511067
0.0598252
0.0850131
0.0274267
0.0715612
0.13027
0.117038
0.0779912
0.0726636
0.0658341
0.0611599
0.0701842
0.0914162
0.0279747
0.0601182
0.124311
0.113679
0.0869307
0.0883725
0.0829449
0.0768961
0.0894497
0.0978067
0.0282956
0.0480748
0.118299
0.112088
0.0987825
0.107932
0.107325
0.0994931
0.108798
0.100769
0.0243849
0.0373832
0.107955
0.110239
0.111595
0.125942
0.130622
0.122037
0.119158
0.102484
0.0263004
0.0298459
0.0991037
0.109027
0.1166
0.137551
0.144756
0.139235
0.122769
0.0996892
0.0270037
0.0238221
0.0874891
0.107644
0.118947
0.142764
0.148359
0.143364
0.12209
0.0963278
0.0284603
0.0215836
0.0761667
0.109285
0.122026
0.138114
0.142673
0.138177
0.115711
0.0860192
0.0253686
0.0202958
0.0509634
0.0668032
0.0957805
0.0943388
0.0934522
0.0904652
0.088273
0.0677089
0.0238133
0.0148254
0.0171606
0.017368
0.0251522
0.022948
0.0216909
0.0253261
0.0302499
0.024484
0.0151238
0.013986
0.026941
0.0297249
0.0270762
0.0306311
0.0279512
0.0308802
0.0371927
0.0266567
0.0164963
0.0208771
0.0773245
0.103585
0.112601
0.119645
0.10747
0.104583
0.0905643
0.0675224
0.0246191
0.0219381
0.0971091
0.133305
0.14231
0.148102
0.146684
0.138761
0.106937
0.0813655
0.0262045
0.0225642
0.10619
0.133552
0.142592
0.151708
0.152319
0.14446
0.113906
0.0920855
0.0276741
0.0247895
0.114955
0.133854
0.140402
0.150971
0.152573
0.14456
0.117932
0.0968511
0.0300343
0.0263799
0.1203
0.134188
0.137073
0.145245
0.146928
0.13853
0.118301
0.100598
0.030027
0.0288901
0.125135
0.132131
0.128803
0.134583
0.136237
0.126709
0.114151
0.100441
0.0317704
0.0315385
0.126903
0.132796
0.122018
0.121974
0.119232
0.104036
0.103403
0.0986702
0.0310759
0.0343092
0.130748
0.133554
0.116192
0.105731
0.0981032
0.0827276
0.0887444
0.0938081
0.0302969
0.0358132
0.132369
0.132763
0.108493
0.0903655
0.0776848
0.0700104
0.0779688
0.0907787
0.034471
0.0358115
0.132367
0.132757
0.108479
0.0903872
0.0777153
0.0700294
0.0779858
0.0907867
0.0344625
0.034308
0.130745
0.133545
0.116102
0.105854
0.0981765
0.0827731
0.0887834
0.0938212
0.0302878
0.0315382
0.1269
0.132789
0.121974
0.121942
0.119206
0.104102
0.103446
0.0986823
0.0310618
0.0288905
0.12512
0.132124
0.128776
0.134544
0.136213
0.126756
0.114199
0.100447
0.0317505
0.0263844
0.120301
0.134183
0.137035
0.145272
0.146993
0.138566
0.118332
0.100598
0.0300058
0.0248007
0.114959
0.133852
0.140394
0.151007
0.15261
0.144603
0.117954
0.096855
0.0300152
0.0225772
0.106221
0.133562
0.142601
0.151732
0.152343
0.144479
0.113866
0.0920609
0.0276588
0.0219522
0.0971589
0.133329
0.142328
0.148118
0.146695
0.138766
0.106981
0.0813509
0.0262044
0.0208877
0.0774091
0.103663
0.112642
0.11961
0.10747
0.104573
0.0906685
0.0675218
0.0246093
0.0139855
0.0269689
0.0297282
0.0270821
0.0306059
0.0279448
0.0308648
0.0371347
0.026583
0.0164681
0.0174681
0.0346553
0.0418866
0.0648634
0.0491501
0.0432703
0.0419147
0.036599
0.0301283
0.0133793
0.0225025
0.0972617
0.124178
0.13711
0.135376
0.119526
0.107039
0.0792364
0.0598108
0.0198491
0.0233386
0.118224
0.145294
0.149184
0.148646
0.143712
0.131514
0.0902152
0.0692952
0.0207681
0.0235103
0.126138
0.149166
0.151813
0.15336
0.150068
0.138299
0.100786
0.0812672
0.0257015
0.0253592
0.131195
0.149599
0.152263
0.154624
0.152393
0.141645
0.105947
0.0858855
0.027093
0.0262717
0.137413
0.147857
0.149628
0.154354
0.152516
0.141381
0.110245
0.0910147
0.0303124
0.026944
0.14014
0.147009
0.147137
0.15069
0.149139
0.137691
0.108973
0.0920868
0.0318397
0.0276185
0.140935
0.145925
0.144409
0.14644
0.144601
0.131888
0.106209
0.0940403
0.032458
0.0289969
0.141494
0.145893
0.142732
0.140477
0.135626
0.119398
0.0986803
0.0914508
0.031996
0.0297956
0.142299
0.145811
0.140649
0.13438
0.125114
0.106497
0.0933952
0.0900923
0.0328247
0.0297945
0.142298
0.145809
0.140644
0.134392
0.125139
0.106513
0.0934045
0.0900983
0.0328211
0.0289962
0.141492
0.145889
0.142703
0.140525
0.13573
0.119422
0.0986867
0.0914529
0.0319909
0.0276236
0.140932
0.145921
0.144389
0.146445
0.144627
0.131948
0.106237
0.0940481
0.0324507
0.0269541
0.140149
0.147007
0.14713
0.150637
0.14934
0.137741
0.109005
0.0920995
0.0318335
0.026282
0.137415
0.147855
0.149624
0.154352
0.152361
0.141399
0.110269
0.0910286
0.0303087
0.0253721
0.1312
0.1496
0.152261
0.154635
0.152385
0.141665
0.106004
0.0859085
0.0270977
0.023524
0.126156
0.14917
0.151817
0.153374
0.150079
0.138313
0.100793
0.0812744
0.0257106
0.0233512
0.118256
0.145303
0.149195
0.148657
0.143719
0.131515
0.0901385
0.0692585
0.0207962
0.0225146
0.0973056
0.124176
0.137131
0.13538
0.119529
0.107033
0.0791985
0.0598096
0.019863
0.0174707
0.0346779
0.0418537
0.0648719
0.0491382
0.0432676
0.0418915
0.036555
0.0300642
0.0133827
0.0180086
0.0571672
0.0634452
0.0580335
0.0452073
0.0554094
0.0469127
0.0292904
0.0236291
0.00562075
0.0223989
0.1085
0.129876
0.126337
0.11693
0.110732
0.0952242
0.0575862
0.039472
0.00960181
0.0254132
0.122416
0.14451
0.142504
0.136633
0.125064
0.109824
0.0671154
0.0443792
0.0108321
0.027011
0.13267
0.150433
0.149902
0.146672
0.137177
0.122507
0.0795705
0.0626324
0.0158579
0.0300032
0.140317
0.152278
0.152615
0.151509
0.143545
0.128759
0.0848989
0.0686474
0.0179145
0.0320609
0.144381
0.151879
0.152625
0.153365
0.148264
0.135247
0.0941204
0.079919
0.0233804
0.0333518
0.146393
0.151601
0.151711
0.15312
0.149178
0.136641
0.0967709
0.0810409
0.0257305
0.0343918
0.14724
0.151124
0.150777
0.151854
0.148984
0.136446
0.0989676
0.0838927
0.0298738
0.0357542
0.148036
0.151048
0.150094
0.150811
0.146441
0.133208
0.0968379
0.0832657
0.0301121
0.0365122
0.148424
0.151123
0.149431
0.149309
0.143941
0.129665
0.0956222
0.0840077
0.0312064
0.0365109
0.148424
0.151122
0.14943
0.149314
0.143955
0.129678
0.0956278
0.0840107
0.0312075
0.0357534
0.148034
0.151046
0.150085
0.150848
0.146565
0.133303
0.0968269
0.0832553
0.0301145
0.0343973
0.147239
0.151123
0.150776
0.151862
0.149015
0.136514
0.0989747
0.083889
0.0298739
0.0333619
0.146395
0.151601
0.15171
0.153094
0.149224
0.136692
0.0967867
0.0810455
0.0257396
0.0320726
0.144384
0.151879
0.152625
0.15335
0.148246
0.135263
0.0941456
0.0799276
0.0233949
0.0300152
0.140322
0.152279
0.152608
0.151486
0.143509
0.128756
0.0848935
0.0686907
0.0179299
0.0270226
0.132683
0.150435
0.149899
0.146654
0.137154
0.122508
0.0795877
0.0626955
0.0158768
0.0254237
0.122435
0.144516
0.142502
0.136624
0.125058
0.109849
0.0670659
0.0444073
0.010848
0.0224103
0.108519
0.129867
0.126341
0.116917
0.110719
0.0952229
0.0575888
0.0395157
0.00961821
0.0180101
0.057162
0.0633798
0.0580028
0.0451899
0.05535
0.0468325
0.0292275
0.0236482
0.00563306
0.0173736
0.0440449
0.0482589
0.044374
0.042243
0.0411872
0.0330766
0.0167111
0.00597672
0.000688368
0.0207452
0.0654129
0.0729864
0.0687177
0.0655228
0.05996
0.0498616
0.0256489
0.0104235
0.00174082
0.022367
0.0697383
0.0770703
0.0720916
0.068554
0.0620123
0.0527235
0.0275858
0.011879
0.00220753
0.0250936
0.07748
0.0853457
0.0795112
0.0750199
0.0685404
0.0617496
0.0364395
0.0179609
0.00373576
0.0270734
0.0810555
0.0896325
0.0832715
0.0774984
0.0707655
0.0645546
0.0399631
0.0208342
0.0046784
0.0296103
0.085483
0.0969953
0.0897735
0.0828952
0.0763848
0.0714626
0.0486112
0.029875
0.00685532
0.0309042
0.0888375
0.100408
0.0929599
0.0854658
0.0781551
0.0733693
0.0512597
0.033122
0.00801495
0.0320128
0.0910207
0.102755
0.095995
0.0893538
0.0828134
0.0783116
0.0567864
0.0394833
0.0100046
0.0327941
0.0916954
0.102872
0.0966538
0.0906571
0.084386
0.0795876
0.0577177
0.0415101
0.0109991
0.0332813
0.091632
0.102131
0.0974814
0.0927618
0.0870577
0.0820956
0.060041
0.0441227
0.0120366
0.0332802
0.0916342
0.102133
0.0974774
0.0927598
0.0870563
0.0820959
0.0600427
0.0441265
0.0120388
0.0327945
0.0917014
0.102871
0.0966482
0.0906779
0.0843857
0.0795992
0.057727
0.0415127
0.0110013
0.0320173
0.091029
0.102756
0.0959822
0.0893978
0.0828338
0.0783376
0.0568001
0.0394905
0.0100087
0.0309124
0.0888435
0.100412
0.0929503
0.0854995
0.078187
0.0733979
0.0512755
0.0331371
0.00802003
0.0296199
0.0854868
0.0969997
0.089751
0.0829176
0.0764037
0.0714821
0.0486292
0.0298967
0.0068621
0.027084
0.0810648
0.0896398
0.0832569
0.0775194
0.0707796
0.0645744
0.0399902
0.0208561
0.00468491
0.0251039
0.0774888
0.0853519
0.0795001
0.0750307
0.0685532
0.0617713
0.0364667
0.0179871
0.00374299
0.0223768
0.0697444
0.0770706
0.0720852
0.068551
0.0620225
0.0527541
0.0276327
0.0118978
0.00221251
0.0207564
0.0654254
0.0729926
0.068713
0.0655252
0.0599731
0.0498959
0.0256738
0.0104427
0.00174559
0.0173791
0.0440474
0.0482486
0.0443525
0.0422361
0.0411792
0.0330684
0.0167202
0.00599027
0.000690994
)
;

boundaryField
{
    side
    {
        type            inletOutlet;
        inletValue      uniform 0;
        value           nonuniform List<scalar> 
800
(
0
0
0
0
0
0
0
0
0
0
0
0
0
0
0
0
0
0
0
0
0
0
0
0
0
0
0
0
0
0
0
0
0
0
0
0
0
0
0
0
0
0
0
0
0
0
0
0
0
0
0
0
0
0
0
0
0
0
0
0
8.14527e-06
1.88012e-05
0
0
0
0
0
0
0
0
0
0
0
0
0
0
0
0
1.88125e-05
8.15118e-06
0.000140892
0.000255728
0
0
0
0
0
0
0
0
0
0
0
0
0
0
0
0
0.000255882
0.000140977
0.000713607
0
0
0
0
0
0
0
0
0
0
0
0
0
0
0
0
0
0
0.000713954
0
0
0
0
0
0
0
0
0
0
0
0
0
0
0
0
0
0
0
0
0
0
0
0
0
0
0
0
0
0
0
0
0
0
0
0
0
0
0
0
0
0
0
0
0
0
0
0
0
0
0
0
0
0
0
0
0
0
0
0
0
0
0
0
0
0
0
0
0
0
0
0
0
0
0
0
0
0
0
0
0
0
0
0
0
0
0
0
0
0
0
0
0
0
0
0
0
0
0
0
0
0
0
0
0
0
0
0
0
0
0
0
0
0
0
0
0
0
0
0
0.00946264
0
0
0
0.0127584
0
0
0
0
0
0
0
0
0
0
0.0127442
0
0
0
0.00945507
0.0104436
0
0.0169876
0
0
0
0
0.0205515
0
0
0
0
0.020538
0
0
0
0
0.0169533
0
0.0104571
0.0118098
0.0207998
0
0
0
0
0
0.0220086
0
0
0
0
0.0219937
0
0
0
0
0
0.0207887
0.0118095
0
0.0238297
0
0.0284919
0.0270329
0
0
0
0
0
0
0
0
0
0
0.0270037
0.0284603
0
0.0238133
0
0.0164963
0.0246191
0
0
0.0300343
0.030027
0
0
0
0.034471
0.0344625
0
0
0
0.0300058
0.0300152
0
0
0.0246093
0.0164681
0.0133793
0.0198491
0.0207681
0.0257015
0.027093
0.0303124
0.0318397
0
0
0
0
0
0
0.0318335
0.0303087
0.0270977
0.0257106
0.0207962
0.019863
0.0133827
0.00562075
0.00960181
0.0108321
0.0158579
0.0179145
0.0233804
0.0257305
0.0298738
0.0301121
0.0312064
0.0312075
0.0301145
0.0298739
0.0257396
0.0233949
0.0179299
0.0158768
0.010848
0.00961821
0.00563306
0.000688368
0.00174082
0.00220753
0.00373576
0.0046784
0.00685532
0.00801495
0.0100046
0.0109991
0.0120366
0.0120388
0.0110013
0.0100087
0.00802003
0.0068621
0.00468491
0.00374299
0.00221251
0.00174559
0.000690994
0
0
0.000893278
0
0
0
0
0
0
0
0
0
0.0123935
0
0
0.014823
0
0.0174681
0.0180086
0.0173736
0
0
0.000495321
0
0
0
0
0
0
0
0
0
0
0
0.0151115
0
0.026941
0
0.0571672
0.0440449
0
0
0
0
0
0
0
0
0
0
0
0
0
0
0
0
0.0297249
0.0418866
0.0634452
0.0482589
0
0
0
0
0
0
0
0
0
0
0
0
0
0
0.0166698
0.0251286
0
0.0648634
0.0580335
0.044374
0
0
0
0
0
0
0
0
0
0
0
0
0
0
0
0.0229488
0.0306311
0.0491501
0
0.042243
0
0
0
0
0
0
0
0
0
0
0
0
0
0
0.0247151
0
0
0
0.0554094
0.0411872
0
0
0
0
0
0
0
0
0
0
0
0
0.0123721
0
0.0190612
0.0253377
0
0
0.0469127
0.0330766
0
0
0
0
0
0
0
0
0
0
0
0
0
0
0
0.0302304
0.0371927
0.036599
0
0.0167111
0
0
0
0
0
0
0
0
0
0
0
0
0
0
0
0.0245017
0
0.0301283
0.0236291
0.00597672
0
0
1.3773e-07
8.14527e-06
0.000140892
0
0
0
0
0
0
0
0.00946264
0
0
0.0151426
0.0164963
0.0133793
0.00562075
0.000688368
0
0
0.000893389
0
0
0
0
0
0
0
0
0
0.0123944
0
0
0.0148254
0
0.0174707
0.0180101
0.0173791
0
0
0.000495277
0
0
0
0
0
0
0
0
0
0
0
0.0151218
0
0.0269689
0
0.057162
0.0440474
0
0
0
0
0
0
0
0
0
0
0
0
0
0
0
0
0.0297282
0.0418537
0.0633798
0.0482486
0
0
0
0
0
0
0
0
0
0
0
0
0
0
0.0166838
0.0251522
0
0.0648719
0.0580028
0.0443525
0
0
0
0
0
0
0
0
0
0
0
0
0
0
0
0.022948
0.0306059
0.0491382
0
0.0422361
0
0
0
0
0
0
0
0
0
0
0
0
0
0
0.0247037
0
0
0
0.05535
0.0411792
0
0
0
0
0
0
0
0
0
0
0
0
0.0123717
0
0.0190395
0.0253261
0
0
0.0468325
0.0330684
0
0
0
0
0
0
0
0
0
0
0
0
0
0
0
0.0302499
0.0371347
0.036555
0
0.0167202
0
0
0
0
0
0
0
0
0
0
0
0
0
0
0
0.024484
0
0.0300642
0.0236482
0.00599027
0
0
1.37823e-07
8.15118e-06
0.000140977
0
0
0
0
0
0
0
0.00945507
0
0
0.0151238
0.0164681
0.0133827
0.00563306
0.000690994
)
;
    }
    outlet
    {
        type            inletOutlet;
        inletValue      uniform 0;
        value           nonuniform List<scalar> 
200
(
0.0173736
0.0207452
0.022367
0.0250936
0.0270734
0.0296103
0.0309042
0.0320128
0.0327941
0.0332813
0.0332802
0.0327945
0.0320173
0.0309124
0.0296199
0.027084
0.0251039
0.0223768
0.0207564
0.0173791
0.0440449
0.0654129
0.0697383
0.07748
0.0810555
0
0
0
0
0
0
0
0
0
0
0.0810648
0.0774888
0.0697444
0.0654254
0.0440474
0.0482589
0.0729864
0.0770703
0.0853457
0.0896325
0.0969953
0.100408
0.102755
0.102872
0.102131
0.102133
0.102871
0.102756
0.100412
0.0969997
0.0896398
0.0853519
0.0770706
0.0729926
0.0482486
0.044374
0.0687177
0.0720916
0.0795112
0.0832715
0.0897735
0.0929599
0.095995
0.0966538
0.0974814
0.0974774
0.0966482
0.0959822
0.0929503
0.089751
0.0832569
0.0795001
0.0720852
0.068713
0.0443525
0.042243
0.0655228
0.068554
0.0750199
0.0774984
0.0828952
0.0854658
0.0893538
0.0906571
0.0927618
0.0927598
0.0906779
0.0893978
0.0854995
0.0829176
0.0775194
0.0750307
0.068551
0.0655252
0.0422361
0.0411872
0.05996
0.0620123
0.0685404
0.0707655
0.0763848
0.0781551
0.0828134
0.084386
0.0870577
0.0870563
0.0843857
0.0828338
0.078187
0.0764037
0.0707796
0.0685532
0.0620225
0.0599731
0.0411792
0.0330766
0.0498616
0.0527235
0.0617496
0.0645546
0.0714626
0.0733693
0.0783116
0.0795876
0.0820956
0.0820959
0.0795992
0.0783376
0.0733979
0.0714821
0.0645744
0.0617713
0.0527541
0.0498959
0.0330684
0.0167111
0.0256489
0.0275858
0.0364395
0.0399631
0.0486112
0.0512597
0.0567864
0.0577177
0.060041
0.0600427
0.057727
0.0568001
0.0512755
0.0486292
0.0399902
0.0364667
0.0276327
0.0256738
0.0167202
0.00597672
0.0104235
0.011879
0.0179609
0.0208342
0.029875
0.033122
0.0394833
0.0415101
0.0441227
0.0441265
0.0415127
0.0394905
0.0331371
0.0298967
0.0208561
0.0179871
0.0118978
0.0104427
0.00599027
0.000688368
0.00174082
0.00220753
0.00373576
0.0046784
0.00685532
0.00801495
0.0100046
0.0109991
0.0120366
0.0120388
0.0110013
0.0100087
0.00802003
0.0068621
0.00468491
0.00374299
0.00221251
0.00174559
0.000690994
)
;
    }
    ground
    {
        type            zeroGradient;
    }
    inlet
    {
        type            fixedValue;
        value           uniform 0;
    }
    region0_to_pyrolysisRegion_coupledWall
    {
        type            totalFlowRateAdvectiveDiffusive;
        phi             phi;
        rho             none;
        massFluxFraction 0;
        value           nonuniform List<scalar> 
400
(
0.0242001
0.0789831
0.105436
0.114178
0.109567
0.0968183
0.0976777
0.093088
0.0888596
0.0896046
0.089621
0.0889158
0.0931088
0.0976797
0.0968168
0.109566
0.114179
0.105441
0.0789936
0.0242135
0.0113351
0.0430905
0.0962368
0.120521
0.132528
0.128159
0.11466
0.113379
0.107011
0.103475
0.10348
0.107021
0.113384
0.114659
0.128159
0.13253
0.120526
0.0962442
0.0430896
0.0113356
0.000893278
0.00531966
0.0210307
0.075271
0.126894
0.135855
0.132088
0.121105
0.112943
0.108634
0.108631
0.112937
0.121105
0.132088
0.135857
0.126904
0.0753006
0.0210382
0.0053209
0.000893389
1.52917e-05
0.000253194
0.00194331
0.0125085
0.0588604
0.12183
0.134362
0.132812
0.118632
0.111204
0.111198
0.11864
0.132809
0.134364
0.121839
0.0588801
0.0125137
0.00194407
0.00025326
1.52939e-05
1.40784e-07
9.5756e-06
0.000181045
0.00159528
0.0104789
0.0613239
0.121832
0.135218
0.129906
0.116106
0.116098
0.129892
0.135213
0.121836
0.0613283
0.0104808
0.00159577
0.000181081
9.57699e-06
1.40863e-07
2.35286e-06
1.42958e-05
8.4562e-05
0.000505223
0.00243981
0.0158772
0.0839603
0.130064
0.135071
0.120167
0.120154
0.13503
0.130056
0.08395
0.015875
0.00243965
0.000505101
8.45257e-05
1.42794e-05
2.33603e-06
2.15374e-05
7.63589e-05
0.000226198
0.000939028
0.00235171
0.00664844
0.0339
0.10796
0.134866
0.125844
0.125833
0.134824
0.107941
0.0338845
0.00664692
0.00235135
0.000938757
0.00022614
7.63721e-05
2.15142e-05
0.000117849
0.000384334
0.000965417
0.00339512
0.00588681
0.00753116
0.0196534
0.0733838
0.128279
0.12866
0.128641
0.128228
0.0733477
0.0196436
0.00752988
0.00588643
0.00339409
0.000965705
0.000384786
0.000117736
0.000290429
0.00133382
0.00505863
0.0125159
0.012211
0.0130764
0.0204962
0.0632424
0.122652
0.132284
0.132275
0.122609
0.0632161
0.020489
0.0130753
0.0122116
0.0125165
0.00505898
0.00133501
0.000290351
0.000950285
0.00515395
0.0215803
0.0285264
0.0246994
0.0185483
0.0252008
0.0669134
0.124507
0.134594
0.134585
0.124475
0.0668985
0.0251922
0.0185492
0.0247044
0.0285305
0.0215813
0.00515599
0.000950169
0.00302855
0.0183897
0.0552618
0.0502864
0.0343028
0.0253859
0.0326218
0.0757411
0.128388
0.13629
0.136282
0.128364
0.0757379
0.0326211
0.0253884
0.034305
0.0502918
0.0552663
0.0183899
0.00302878
0.00618315
0.0341284
0.0758907
0.0601519
0.0436037
0.0380415
0.0501419
0.0965537
0.132314
0.138569
0.138566
0.132302
0.0965833
0.0501578
0.038051
0.0436098
0.0601591
0.0758874
0.034128
0.00618515
0.0123935
0.0380062
0.076594
0.0847877
0.0706256
0.0659808
0.0823242
0.117734
0.136547
0.14053
0.14052
0.136539
0.117756
0.0823568
0.065995
0.0706348
0.0847906
0.0765805
0.0379971
0.0123944
0.0115363
0.0251387
0.0438384
0.0800449
0.104739
0.117635
0.125861
0.135414
0.140672
0.141847
0.141842
0.140668
0.135416
0.125872
0.117641
0.104741
0.0800301
0.0438265
0.0251375
0.0115351
0.0108169
0.0198845
0.0252928
0.0378063
0.0629478
0.0912554
0.118834
0.13124
0.136564
0.138183
0.138182
0.136562
0.131241
0.118841
0.0912546
0.0629394
0.0378003
0.0252966
0.0198908
0.0108179
0.014823
0.0202863
0.0215729
0.0238142
0.0298455
0.0373843
0.0480775
0.0601201
0.0715675
0.0776486
0.0776467
0.0715612
0.0601182
0.0480748
0.0373832
0.0298459
0.0238221
0.0215836
0.0202958
0.0148254
0.013986
0.0208771
0.0219381
0.0225642
0.0247895
0.0263799
0.0288901
0.0315385
0.0343092
0.0358132
0.0358115
0.034308
0.0315382
0.0288905
0.0263844
0.0248007
0.0225772
0.0219522
0.0208877
0.0139855
0.0174681
0.0225025
0.0233386
0.0235103
0.0253592
0.0262717
0.026944
0.0276185
0.0289969
0.0297956
0.0297945
0.0289962
0.0276236
0.0269541
0.026282
0.0253721
0.023524
0.0233512
0.0225146
0.0174707
0.0180086
0.0223989
0.0254132
0.027011
0.0300032
0.0320609
0.0333518
0.0343918
0.0357542
0.0365122
0.0365109
0.0357534
0.0343973
0.0333619
0.0320726
0.0300152
0.0270226
0.0254237
0.0224103
0.0180101
0.0173736
0.0207452
0.022367
0.0250936
0.0270734
0.0296103
0.0309042
0.0320128
0.0327941
0.0332813
0.0332802
0.0327945
0.0320173
0.0309124
0.0296199
0.027084
0.0251039
0.0223768
0.0207564
0.0173791
)
;
    }
}


// ************************************************************************* //
