/*--------------------------------*- C++ -*----------------------------------*\
  =========                 |
  \\      /  F ield         | OpenFOAM: The Open Source CFD Toolbox
   \\    /   O peration     | Website:  https://openfoam.org
    \\  /    A nd           | Version:  7
     \\/     M anipulation  |
\*---------------------------------------------------------------------------*/
FoamFile
{
    version     2.0;
    format      ascii;
    class       volScalarField;
    location    "1";
    object      H2O;
}
// * * * * * * * * * * * * * * * * * * * * * * * * * * * * * * * * * * * * * //

dimensions      [0 0 0 0 0 0 0];

internalField   nonuniform List<scalar> 
4000
(
0.0136824
0.0131517
0.00101289
1.08391e-05
7.58051e-09
2.77428e-08
9.22726e-08
1.42984e-08
1.25658e-09
4.86436e-11
0.0434745
0.0435617
0.0019874
1.6173e-05
3.71515e-07
2.11088e-06
1.75909e-06
2.72735e-07
1.59145e-08
4.8168e-10
0.057873
0.051868
0.00301859
2.66351e-05
4.01146e-06
1.85703e-05
5.25095e-06
4.8153e-07
2.73402e-08
9.63946e-10
0.0625836
0.0501286
0.00337504
5.16916e-05
2.06737e-05
4.15698e-05
6.05082e-06
5.88459e-07
4.58061e-08
1.97644e-09
0.0600316
0.0467995
0.00337144
7.82781e-05
9.38985e-05
4.19671e-05
6.02491e-06
7.0676e-07
6.88771e-08
3.13574e-09
0.0532121
0.0433094
0.00324389
0.000185507
0.000184918
3.60698e-05
5.91907e-06
8.45948e-07
9.26382e-08
4.44391e-09
0.0542851
0.0404583
0.00293753
0.000269588
0.000196592
2.96545e-05
5.9164e-06
1.09677e-06
1.14069e-07
5.94868e-09
0.0528995
0.0380459
0.00282183
0.000521654
0.000183523
2.59186e-05
6.08358e-06
1.29537e-06
1.35491e-07
7.50797e-09
0.0497165
0.0375238
0.00289914
0.000666467
0.000163789
2.57037e-05
6.33399e-06
1.42171e-06
1.55547e-07
9.00966e-09
0.0498545
0.0376311
0.00325773
0.000660199
0.000153427
2.62418e-05
6.46109e-06
1.52748e-06
1.65508e-07
9.90927e-09
0.0498623
0.0376307
0.00325782
0.000660199
0.000153427
2.62419e-05
6.4611e-06
1.52747e-06
1.65508e-07
9.90932e-09
0.0497433
0.0375223
0.00289921
0.000666466
0.000163787
2.57037e-05
6.33404e-06
1.4217e-06
1.55549e-07
9.00987e-09
0.0529101
0.0380452
0.00282191
0.000521671
0.00018352
2.59181e-05
6.08365e-06
1.29534e-06
1.35492e-07
7.50819e-09
0.0542862
0.0404582
0.00293762
0.0002696
0.00019659
2.96525e-05
5.91673e-06
1.09673e-06
1.14072e-07
5.94917e-09
0.0532114
0.0433093
0.0032439
0.000185516
0.000184931
3.60725e-05
5.91974e-06
8.4592e-07
9.26416e-08
4.4443e-09
0.0600312
0.0467987
0.00337141
7.82824e-05
9.39073e-05
4.19757e-05
6.02561e-06
7.06785e-07
6.8879e-08
3.13529e-09
0.0625839
0.0501273
0.00337495
5.16938e-05
2.06763e-05
4.15769e-05
6.05103e-06
5.88516e-07
4.58082e-08
1.97664e-09
0.0578758
0.0518674
0.00301838
2.66347e-05
4.01168e-06
1.85729e-05
5.25135e-06
4.81591e-07
2.73419e-08
9.63984e-10
0.0434804
0.0435654
0.00198718
1.61704e-05
3.71383e-07
2.10718e-06
1.75987e-06
2.72763e-07
1.59163e-08
4.81723e-10
0.01369
0.0131581
0.0010128
1.08348e-05
7.57897e-09
2.7729e-08
9.22229e-08
1.43021e-08
1.25679e-09
4.86491e-11
0.00629186
0.0045851
0.000114333
5.95048e-07
2.21342e-08
3.97063e-07
1.46895e-06
4.85439e-07
3.97777e-08
9.67695e-10
0.0252587
0.0239311
0.00130406
2.13565e-05
8.37257e-07
4.66486e-06
1.4986e-05
3.59502e-06
2.7983e-07
6.55019e-09
0.0532288
0.0514976
0.00417153
9.36985e-05
5.59919e-06
3.46032e-05
3.43325e-05
4.5451e-06
3.13907e-07
8.95356e-09
0.0662109
0.0634035
0.00780452
0.000229583
2.25771e-05
0.000107593
3.41457e-05
4.40928e-06
3.89641e-07
1.56292e-08
0.0726513
0.0631729
0.00806361
0.000215086
7.24799e-05
0.000137131
3.11539e-05
4.56493e-06
4.8876e-07
2.2494e-08
0.0702945
0.056202
0.00757462
0.000227487
0.000206849
0.00012887
2.88804e-05
5.11782e-06
5.84536e-07
3.01091e-08
0.0633518
0.0518202
0.00617045
0.000282202
0.000349342
0.000105412
2.83799e-05
5.73718e-06
6.88584e-07
3.83546e-08
0.0631908
0.0385015
0.00428137
0.00042637
0.000369883
0.000100674
2.91422e-05
6.32727e-06
7.87349e-07
4.57792e-08
0.0593388
0.0305001
0.00349944
0.000824643
0.000321408
0.000104475
3.07577e-05
6.86168e-06
8.8104e-07
5.21853e-08
0.0572999
0.0310418
0.00380916
0.00129864
0.000331943
0.000134008
3.19433e-05
7.46988e-06
9.23231e-07
5.56502e-08
0.0573026
0.0310418
0.00380933
0.00129866
0.000331946
0.000134003
3.19434e-05
7.4699e-06
9.23232e-07
5.56504e-08
0.0593436
0.030501
0.00349952
0.000824661
0.000321289
0.000104479
3.07583e-05
6.86172e-06
8.81051e-07
5.21864e-08
0.0631935
0.0385015
0.00428137
0.000426377
0.000369459
0.000100678
2.91425e-05
6.32736e-06
7.87366e-07
4.57804e-08
0.0633516
0.0518199
0.00617087
0.000282196
0.000346324
0.000105438
2.83802e-05
5.73731e-06
6.88607e-07
3.83565e-08
0.0702941
0.0561998
0.00757495
0.0002278
0.000212892
0.000128864
2.88813e-05
5.11794e-06
5.84554e-07
3.01103e-08
0.0726519
0.0631723
0.00806399
0.000215076
6.95624e-05
0.000137136
3.11555e-05
4.5651e-06
4.88778e-07
2.24959e-08
0.0662135
0.0634038
0.00780422
0.000229601
2.26381e-05
0.000107603
3.41483e-05
4.40954e-06
3.89672e-07
1.56308e-08
0.053233
0.0514972
0.00417154
9.36989e-05
5.59766e-06
3.46072e-05
3.43352e-05
4.54547e-06
3.13947e-07
8.95505e-09
0.0252582
0.0239291
0.00130402
2.13595e-05
8.37176e-07
4.66507e-06
1.49879e-05
3.59549e-06
2.79879e-07
6.55185e-09
0.00629213
0.00458478
0.000114326
5.95108e-07
2.21825e-08
3.97113e-07
1.46912e-06
4.85549e-07
3.97884e-08
9.68002e-10
0.000624854
0.0002744
3.04081e-06
2.86607e-08
3.05455e-09
6.79632e-08
3.67095e-06
6.35906e-06
1.51033e-06
7.59626e-08
0.00327854
0.00280747
0.000190444
3.35005e-06
1.30044e-06
8.53567e-06
3.93369e-05
3.46553e-05
6.51621e-06
2.92078e-07
0.0121388
0.0148191
0.00155135
5.27781e-05
7.94463e-06
3.55202e-05
0.000123658
4.07236e-05
5.91835e-06
2.54102e-07
0.0415695
0.0446211
0.00584675
0.000252357
2.01286e-05
0.000126866
0.00016031
3.76928e-05
6.00248e-06
3.39311e-07
0.0696448
0.0641054
0.0116145
0.000645426
8.66402e-05
0.000320443
0.000158507
3.6452e-05
6.64132e-06
3.88176e-07
0.074497
0.069952
0.0187965
0.00112102
0.000192731
0.000374144
0.000149116
3.78214e-05
7.23125e-06
4.43969e-07
0.0727226
0.0667583
0.0161375
0.00103933
0.000451558
0.000401851
0.000158665
4.09505e-05
7.9186e-06
5.02889e-07
0.0673391
0.0516994
0.0100288
0.000886264
0.000602731
0.000454666
0.000166111
4.43572e-05
8.64368e-06
5.60784e-07
0.0625757
0.0314681
0.00549035
0.00101354
0.000984261
0.000470843
0.000176214
4.79491e-05
9.39712e-06
6.14972e-07
0.0601504
0.0238111
0.00493487
0.00181573
0.00119112
0.000397644
0.000182903
5.02193e-05
9.78896e-06
6.48311e-07
0.0601493
0.0238125
0.00493516
0.00181613
0.00119112
0.000397737
0.000182903
5.02195e-05
9.78903e-06
6.48319e-07
0.0625729
0.0314691
0.00548987
0.00101376
0.000984471
0.000470892
0.000176216
4.79503e-05
9.39748e-06
6.15009e-07
0.0673395
0.051698
0.0100274
0.000886469
0.000603365
0.000454653
0.000166113
4.43583e-05
8.6441e-06
5.60831e-07
0.0727226
0.0667583
0.0161392
0.00103962
0.0004517
0.000401869
0.000158664
4.09516e-05
7.91908e-06
5.02946e-07
0.074498
0.0699539
0.0187996
0.00112145
0.000192452
0.000374134
0.000149114
3.7822e-05
7.23159e-06
4.44032e-07
0.0696506
0.0641085
0.0116168
0.000645621
8.66885e-05
0.000320454
0.000158507
3.64532e-05
6.64179e-06
3.88249e-07
0.0415849
0.0446322
0.0058483
0.000252443
2.01304e-05
0.000126873
0.000160312
3.76952e-05
6.00323e-06
3.39412e-07
0.0121362
0.0148229
0.00155183
5.28031e-05
7.94459e-06
3.552e-05
0.000123666
4.07271e-05
5.91945e-06
2.54211e-07
0.00327933
0.00280777
0.000190503
3.35196e-06
1.30037e-06
8.53575e-06
3.934e-05
3.46593e-05
6.51775e-06
2.92236e-07
0.000624953
0.00027438
3.04161e-06
2.8674e-08
3.05509e-09
6.79592e-08
3.67126e-06
6.36038e-06
1.51084e-06
7.60136e-08
0.000107567
4.56415e-06
4.03861e-08
1.76601e-09
3.67033e-09
1.95268e-08
6.08731e-07
1.83057e-05
2.55457e-05
4.51719e-06
0.000367165
0.000132141
7.20756e-06
1.59511e-07
1.41541e-06
9.20767e-06
5.11049e-05
0.00014638
8.47923e-05
1.04537e-05
0.00129506
0.00134244
0.00014117
5.40545e-06
6.0469e-06
2.71054e-05
0.000163869
0.000255394
7.30653e-05
7.04461e-06
0.00707394
0.00785224
0.00111281
4.99507e-05
1.37766e-05
0.000116799
0.000421688
0.000254755
6.77766e-05
7.68831e-06
0.032345
0.0331006
0.00573439
0.000336798
5.54056e-05
0.000309018
0.000544303
0.000239667
6.83424e-05
7.24577e-06
0.0667293
0.0647005
0.0146204
0.000866526
0.000224454
0.000683003
0.000587291
0.000230699
6.97572e-05
7.06045e-06
0.0738184
0.0708196
0.0237609
0.00207084
0.000484483
0.000783002
0.000593988
0.000232055
7.22544e-05
7.14621e-06
0.07353
0.0666056
0.0204625
0.00200865
0.000793568
0.000891202
0.000670009
0.000239946
7.49605e-05
7.28881e-06
0.0657282
0.0402222
0.0116222
0.00155016
0.0010805
0.000924563
0.000721386
0.000248792
7.8799e-05
7.47141e-06
0.0615134
0.0244783
0.00649524
0.0020007
0.00179129
0.00092046
0.000722269
0.000253024
8.18959e-05
7.576e-06
0.0615109
0.024478
0.00649227
0.00200104
0.00179118
0.000920305
0.000722287
0.000253026
8.1897e-05
7.5761e-06
0.0657339
0.0402205
0.011619
0.00155028
0.00108083
0.000924551
0.000721415
0.0002488
7.8803e-05
7.47202e-06
0.0735286
0.066604
0.020466
0.00200918
0.00079411
0.000891367
0.000670009
0.000239954
7.49656e-05
7.28969e-06
0.0738197
0.0708219
0.0237685
0.00207191
0.000484491
0.000783036
0.000594009
0.00023206
7.22604e-05
7.14736e-06
0.0667342
0.0647079
0.0146284
0.000867079
0.000224332
0.000683052
0.00058728
0.000230701
6.97626e-05
7.06195e-06
0.0323558
0.0331157
0.00573743
0.000337014
5.54433e-05
0.000309024
0.000544281
0.00023967
6.83494e-05
7.24788e-06
0.00707683
0.00785604
0.00111337
4.99794e-05
1.37734e-05
0.000116803
0.00042168
0.000254767
6.77874e-05
7.69136e-06
0.00129536
0.00134304
0.000141244
5.40841e-06
6.04683e-06
2.71022e-05
0.000163868
0.000255409
7.30824e-05
7.04853e-06
0.000367171
0.000132178
7.21078e-06
1.59597e-07
1.41527e-06
9.20613e-06
5.11041e-05
0.000146391
8.48153e-05
1.046e-05
0.000107567
4.56512e-06
4.04121e-08
1.77106e-09
3.67562e-09
1.95338e-08
6.08602e-07
1.83079e-05
2.55539e-05
4.52047e-06
8.55247e-05
9.18653e-07
4.78167e-08
5.87334e-10
6.23404e-09
9.71301e-09
1.42485e-07
4.67414e-06
8.25531e-05
7.8549e-05
0.000194611
9.79374e-06
8.73499e-07
6.24874e-08
1.1133e-06
8.79222e-06
3.7672e-05
0.000194083
0.000446562
0.000142829
0.000277534
0.000115497
1.43017e-05
2.25086e-06
3.52466e-06
2.23861e-05
0.000109312
0.000562479
0.000472252
9.32276e-05
0.00112074
0.000890455
0.000139311
1.03596e-05
2.51585e-05
8.61748e-05
0.00045256
0.000889213
0.00045422
8.89239e-05
0.006062
0.00577488
0.00108519
9.89422e-05
6.62205e-05
0.000296709
0.000920796
0.00100677
0.000438365
7.4553e-05
0.0335369
0.0284319
0.0046759
0.000443455
0.000252937
0.00075607
0.00124236
0.00105779
0.000429617
6.30008e-05
0.06679
0.0635601
0.0159661
0.00120015
0.000465021
0.00119786
0.0015022
0.00112052
0.000430711
5.66087e-05
0.0746873
0.0705901
0.0239675
0.00286255
0.00113833
0.00137279
0.00157635
0.00117607
0.000427943
5.36033e-05
0.0719528
0.0555032
0.0198989
0.00263745
0.0013726
0.00154894
0.00157946
0.0012521
0.000431885
5.33389e-05
0.0643141
0.0280294
0.0100519
0.00247309
0.0021564
0.00207811
0.00155219
0.00128989
0.000434758
5.42621e-05
0.06431
0.0280272
0.0100522
0.00247362
0.00215743
0.00207868
0.00155225
0.00128992
0.000434765
5.42631e-05
0.0719465
0.0554933
0.0198998
0.00263777
0.0013725
0.00154906
0.00157959
0.00125217
0.000431911
5.33443e-05
0.0746852
0.0705925
0.0239723
0.00286334
0.00113749
0.00137253
0.00157646
0.00117614
0.00042798
5.3611e-05
0.0667919
0.0635674
0.0159779
0.00120089
0.000462979
0.00119754
0.00150225
0.00112058
0.000430763
5.66199e-05
0.033539
0.0284433
0.00467994
0.000443657
0.000251206
0.00075583
0.00124237
0.00105782
0.000429674
6.30163e-05
0.00606262
0.00577847
0.00108589
9.90277e-05
6.55251e-05
0.000296724
0.000920826
0.00100679
0.000438431
7.45772e-05
0.00112062
0.000890899
0.000139371
1.03575e-05
2.53274e-05
8.62363e-05
0.000452587
0.000889234
0.00045431
8.89611e-05
0.00027741
0.000115541
1.4305e-05
2.25178e-06
3.51837e-06
2.23839e-05
0.000109315
0.000562509
0.000472366
9.32811e-05
0.000194685
9.79872e-06
8.72633e-07
6.25128e-08
1.11298e-06
8.79126e-06
3.76721e-05
0.000194093
0.000446656
0.000142915
8.55228e-05
9.19481e-07
4.77317e-08
5.86911e-10
6.23877e-09
9.71247e-09
1.42482e-07
4.67443e-06
8.25708e-05
7.85966e-05
7.77695e-05
5.06557e-07
1.70345e-07
2.59978e-08
2.0014e-09
7.09121e-09
7.64843e-08
1.75479e-06
7.78965e-05
0.00040026
0.00019071
7.72489e-06
2.67898e-06
1.03243e-06
1.02562e-06
6.61268e-06
3.86592e-05
0.000170168
0.000893843
0.000693033
0.000210333
3.3565e-05
1.29777e-05
5.22419e-06
6.52482e-06
2.22412e-05
0.000110219
0.000551794
0.00151044
0.00052264
0.000540259
0.000270181
0.000137483
2.85761e-05
5.56131e-05
9.19269e-05
0.000480602
0.00156006
0.00180174
0.000488088
0.00188887
0.001365
0.000557415
0.000234707
0.000165138
0.00034601
0.00126263
0.00232289
0.00191386
0.000388873
0.0092926
0.00692177
0.00180727
0.000574422
0.000545552
0.000892613
0.00215077
0.00268077
0.00193957
0.000293405
0.045876
0.032394
0.00581129
0.001065
0.000751302
0.00184885
0.00264492
0.00285303
0.00198575
0.000248511
0.0716009
0.0671208
0.0214496
0.00284333
0.00117905
0.00193658
0.00267603
0.00297224
0.00198856
0.000206732
0.074707
0.0667559
0.0213583
0.00335082
0.00188417
0.00215813
0.00278048
0.00295674
0.00197929
0.000178791
0.066643
0.0345458
0.0131814
0.00326074
0.00250123
0.00267257
0.00294699
0.00289625
0.00202809
0.000176062
0.066636
0.0345368
0.0131821
0.00326061
0.00250106
0.00267244
0.00294694
0.00289624
0.00202813
0.000176067
0.0746859
0.0667518
0.0213587
0.00335082
0.00188352
0.00215799
0.0027805
0.00295673
0.00197941
0.000178807
0.0715967
0.0671239
0.0214537
0.0028438
0.00117895
0.00193669
0.00267615
0.00297235
0.00198877
0.000206756
0.0458703
0.0324026
0.00581499
0.00106526
0.000750856
0.00184927
0.00264493
0.00285317
0.00198604
0.000248549
0.00929125
0.00692393
0.00180845
0.000574568
0.000546619
0.000892943
0.002151
0.00268094
0.00193988
0.000293473
0.00188862
0.00136564
0.000557746
0.000234845
0.000164422
0.000346115
0.00126279
0.00232296
0.00191418
0.000388996
0.000540132
0.000270336
0.000137568
2.85948e-05
5.6173e-05
9.19873e-05
0.000480764
0.00156023
0.00180211
0.000488273
0.000210348
3.35961e-05
1.29842e-05
5.22639e-06
6.51878e-06
2.22477e-05
0.000110248
0.000551886
0.00151081
0.000522911
0.000190749
7.73756e-06
2.68474e-06
1.02899e-06
1.02577e-06
6.61314e-06
3.86661e-05
0.000170189
0.000893992
0.000693373
7.77643e-05
5.07206e-07
1.70997e-07
2.60697e-08
2.00259e-09
7.0934e-09
7.64959e-08
1.75475e-06
7.78996e-05
0.000400455
8.60568e-05
1.0429e-06
7.28018e-07
5.75885e-07
5.42003e-08
3.76888e-08
1.14054e-07
2.12104e-06
7.30929e-05
0.00096293
0.000224463
2.55398e-05
1.9178e-05
5.91708e-06
3.54056e-06
8.6925e-06
4.75782e-05
0.0002166
0.00127836
0.00167286
0.000293716
6.67848e-05
5.18216e-05
3.61596e-05
2.86505e-05
6.15622e-05
0.0001723
0.000749705
0.00282703
0.00147553
0.000975623
0.000408479
0.000179347
0.000171499
0.000159373
0.000244651
0.000752562
0.00242921
0.00410907
0.00131378
0.00229264
0.0014067
0.00107206
0.00106912
0.00063838
0.000766572
0.00186619
0.00416417
0.00473464
0.00108197
0.00522185
0.00358385
0.00193607
0.00188876
0.00133286
0.00158985
0.00352113
0.00512083
0.00483196
0.000760439
0.0196011
0.0128074
0.00421583
0.0019455
0.00182878
0.002725
0.00437844
0.00555673
0.00484972
0.000626889
0.0590954
0.0506528
0.0148909
0.00292005
0.00176647
0.00317298
0.00449166
0.00556749
0.0047262
0.000503599
0.0744224
0.0656136
0.024496
0.00437673
0.00225555
0.0030454
0.00431531
0.00559943
0.00476271
0.000431963
0.0697122
0.0438411
0.0167756
0.00423293
0.00308259
0.00333428
0.00428463
0.0056516
0.00471195
0.000396656
0.0697065
0.0438365
0.0167757
0.00423219
0.00308275
0.00333431
0.00428469
0.00565175
0.00471202
0.000396662
0.0744007
0.0656082
0.0244927
0.00437532
0.00225725
0.00304606
0.0043157
0.00560013
0.00476297
0.000431976
0.0590852
0.0506538
0.014893
0.00292023
0.00176782
0.00317484
0.00449206
0.00556803
0.00472649
0.000503604
0.0195931
0.0128081
0.00421667
0.00194513
0.00183144
0.00272539
0.00437869
0.00555714
0.00485022
0.000626946
0.00522076
0.00358452
0.00193683
0.00188921
0.00133458
0.0015901
0.00352145
0.0051208
0.00483255
0.000760532
0.00229227
0.00140725
0.00107256
0.00106943
0.000638342
0.000766941
0.00186691
0.00416463
0.00473534
0.00108217
0.000975367
0.000408909
0.000179579
0.000171566
0.000159508
0.000244731
0.000752773
0.00242958
0.00410978
0.0013141
0.000293709
6.68593e-05
5.1888e-05
3.61798e-05
2.86693e-05
6.15945e-05
0.000172372
0.000749872
0.00282763
0.00147606
0.000224483
2.55714e-05
1.92029e-05
5.92062e-06
3.54348e-06
8.69521e-06
4.75786e-05
0.000216627
0.00127848
0.00167346
8.60606e-05
1.04742e-06
7.29006e-07
5.76525e-07
5.42084e-08
3.77397e-08
1.14108e-07
2.12072e-06
7.30796e-05
0.000963232
0.000153076
3.59488e-05
4.5372e-06
1.1559e-06
1.00305e-07
3.97475e-07
7.6186e-07
8.06489e-06
0.000268208
0.00166635
0.000448255
0.000213764
0.00015489
5.91535e-05
2.48685e-05
4.92867e-05
7.59822e-05
0.000483516
0.00273434
0.00274674
0.00113443
0.000518602
0.000401932
0.000197862
0.00018219
0.00035757
0.000468785
0.00165065
0.00540418
0.00247291
0.00375297
0.00180466
0.00132368
0.00082917
0.0009571
0.00168944
0.00191668
0.00462992
0.00742756
0.00215173
0.00627024
0.00451141
0.00378925
0.00308445
0.00305556
0.00331302
0.00387589
0.00721716
0.00825398
0.00164404
0.00715163
0.00530436
0.00502275
0.00429889
0.00338716
0.0036321
0.00612434
0.00882812
0.00884513
0.00147902
0.013934
0.00971415
0.00534941
0.00395693
0.00318325
0.00410113
0.00693251
0.00930271
0.00901423
0.00135185
0.0418019
0.0281226
0.0104565
0.00395209
0.00279978
0.00426315
0.00687019
0.00941806
0.00892131
0.00118937
0.0709253
0.0629181
0.0250829
0.00525418
0.0028041
0.0038895
0.0060993
0.00954666
0.00833058
0.000810988
0.0711981
0.0513882
0.0198458
0.00505574
0.00345225
0.00396807
0.00565687
0.00907272
0.00808788
0.000766827
0.071188
0.0513864
0.0198435
0.00505448
0.00345208
0.00396805
0.00565688
0.00907276
0.00808795
0.000766823
0.0708988
0.0629073
0.0250772
0.00525249
0.00280438
0.00388977
0.00609957
0.00954702
0.00833073
0.00081097
0.0417826
0.028115
0.0104554
0.00395207
0.00280093
0.00426257
0.00687052
0.0094186
0.00892149
0.00118927
0.0139275
0.00971262
0.00534991
0.00395747
0.00318476
0.00410129
0.00693286
0.0093028
0.00901467
0.00135181
0.00714808
0.00530417
0.00502319
0.00429978
0.00338765
0.00363266
0.0061246
0.00882874
0.00884618
0.00147905
0.00626525
0.00451095
0.00378979
0.00308541
0.00305597
0.00331385
0.00387626
0.00721741
0.0082546
0.00164408
0.00374654
0.00180405
0.00132406
0.00082962
0.000957349
0.00169046
0.00191742
0.00463048
0.00742822
0.00215194
0.00113329
0.000518747
0.00040219
0.000198073
0.000182244
0.000357775
0.000468956
0.00165109
0.00540491
0.00247329
0.000448167
0.00021387
0.00015502
5.92325e-05
2.48785e-05
4.93186e-05
7.60092e-05
0.000483602
0.0027344
0.00274721
0.000153165
3.58671e-05
4.53702e-06
1.15554e-06
1.00346e-07
3.97959e-07
7.62449e-07
8.06699e-06
0.000268111
0.00166653
0.000279397
0.000101111
1.4567e-05
8.13508e-06
1.30579e-06
1.57156e-06
9.88038e-06
7.23039e-05
0.00163567
0.0022396
0.00120528
0.000935244
0.000666296
0.000538983
0.000167265
0.000126281
0.000432411
0.00173043
0.00746745
0.00382553
0.00488704
0.00264695
0.00177225
0.00147988
0.000862282
0.000864491
0.00233759
0.0054868
0.0102968
0.00334739
0.0145403
0.00939518
0.00709762
0.00600675
0.00467521
0.00400622
0.00624951
0.00986709
0.0125242
0.00309059
0.0135193
0.010948
0.00952666
0.0084998
0.00722383
0.0068512
0.00877444
0.0126862
0.0138202
0.00316335
0.0134892
0.0113244
0.00918569
0.00860786
0.00763692
0.00682887
0.01033
0.0141501
0.0141479
0.00223731
0.0164856
0.0116518
0.00805674
0.00899834
0.00592859
0.00625833
0.010808
0.0153183
0.0156261
0.00234864
0.0380991
0.0226181
0.010904
0.00667141
0.00582294
0.00528665
0.00962545
0.0152453
0.0156059
0.00214878
0.0687635
0.0567418
0.0249766
0.00709858
0.00418522
0.0046865
0.00777771
0.0139875
0.0127918
0.00170848
0.0735053
0.0554587
0.0218236
0.00669108
0.00439124
0.00454758
0.00640907
0.0121412
0.0124069
0.00164082
0.0735005
0.0554551
0.0218201
0.00668917
0.0043907
0.00454739
0.00640912
0.0121413
0.012407
0.00164078
0.0687409
0.056729
0.0249703
0.00709721
0.00418433
0.00468706
0.00777842
0.0139878
0.0127925
0.00170834
0.0380846
0.0226134
0.0109028
0.00667158
0.00582326
0.00528679
0.00962611
0.0152464
0.0156059
0.00214815
0.0164797
0.0116502
0.00805705
0.00899928
0.00592861
0.00625787
0.010808
0.0153194
0.0156265
0.00234801
0.0134832
0.0113238
0.00918526
0.00860871
0.00763686
0.00682751
0.01033
0.0141508
0.014148
0.00223693
0.0135119
0.0109469
0.00952486
0.00850181
0.00722448
0.00684976
0.00877438
0.0126867
0.0138209
0.0031629
0.0145345
0.00939376
0.00709624
0.00600871
0.00467622
0.00400563
0.00625004
0.00986729
0.0125248
0.00309035
0.00488566
0.00264682
0.00177215
0.00148054
0.00086255
0.000864477
0.0023375
0.00548713
0.010297
0.00334745
0.00120568
0.000935561
0.000666383
0.0005392
0.000167387
0.000126278
0.000432456
0.00173046
0.00746702
0.00382559
0.000279433
0.000101114
1.45568e-05
8.13614e-06
1.30618e-06
1.57112e-06
9.88561e-06
7.23305e-05
0.00163429
0.00223953
0.000720012
0.000296051
3.49241e-05
4.53113e-05
2.68297e-05
3.90909e-05
7.32238e-05
0.000643557
0.00178168
0.00279949
0.00440845
0.00278084
0.00159532
0.00204389
0.00103197
0.000944379
0.00166853
0.00651406
0.00977987
0.00463051
0.0218191
0.0121132
0.0044868
0.00542944
0.00377919
0.00442533
0.00779925
0.0138845
0.0153045
0.00402963
0.0292591
0.0234515
0.0154854
0.0161076
0.0131691
0.0128417
0.0142068
0.0179501
0.0186828
0.00425122
0.0282737
0.0236309
0.0187733
0.0186267
0.0158233
0.0140512
0.0158205
0.0206367
0.0219454
0.00524928
0.0198371
0.0174986
0.0153484
0.0167571
0.0147021
0.0124589
0.0160693
0.0219255
0.0221697
0.00362348
0.0203656
0.0158081
0.013731
0.0126509
0.0110393
0.0096919
0.0155427
0.0213976
0.0191108
0.00245991
0.0409007
0.0237802
0.0128687
0.010189
0.00790034
0.00731898
0.0133925
0.0208909
0.0189692
0.00239939
0.0703143
0.0556502
0.025277
0.0112812
0.00629393
0.00598481
0.00891884
0.0185714
0.0221942
0.00543269
0.0750992
0.0578293
0.0226865
0.00873761
0.00529556
0.00530188
0.00702603
0.0144559
0.0212049
0.00447948
0.0750947
0.0578261
0.022682
0.00873464
0.00529526
0.0053019
0.0070261
0.0144562
0.0212051
0.00447887
0.0702977
0.0556424
0.0252715
0.0112794
0.00629321
0.00598368
0.00891745
0.0185723
0.0221934
0.00543174
0.0408917
0.0237757
0.0128671
0.0101884
0.00789882
0.0073191
0.0133917
0.0208908
0.0189669
0.00239802
0.0203583
0.0158066
0.0137312
0.0126516
0.0110381
0.00969333
0.0155429
0.0213982
0.0191086
0.00245881
0.0198343
0.0174976
0.0153495
0.0167589
0.0147019
0.0124621
0.016069
0.021926
0.0221685
0.00362187
0.0282726
0.0236293
0.0187759
0.01863
0.0158238
0.0140602
0.0158199
0.0206358
0.0219451
0.00524723
0.0292533
0.0234497
0.0154898
0.0161101
0.013168
0.012856
0.0142067
0.0179491
0.0186811
0.00425028
0.0218106
0.0121101
0.00448949
0.00543006
0.00377974
0.00442806
0.00779888
0.0138835
0.015304
0.00402948
0.00440719
0.00278071
0.0015966
0.00204406
0.00103285
0.000944137
0.00166858
0.00651536
0.00977957
0.00463003
0.000720576
0.000296422
3.4913e-05
4.53919e-05
2.68456e-05
3.90491e-05
7.32395e-05
0.000643925
0.00178179
0.00279895
0.00228246
0.00091211
0.000347598
0.000116987
0.000602541
0.000721936
0.000684048
0.00298296
0.0041071
0.00337001
0.0146669
0.00744322
0.00641436
0.00359283
0.00804522
0.0081689
0.00753277
0.0164288
0.0148634
0.00478002
0.0519802
0.0311984
0.0206048
0.0101748
0.0162317
0.0224222
0.0205648
0.0252953
0.0215511
0.00461979
0.0518186
0.0415904
0.034652
0.0281028
0.0288755
0.026841
0.0261668
0.0290296
0.0273863
0.00705753
0.0363411
0.0394559
0.0344248
0.0314827
0.0290344
0.0254264
0.0257099
0.029844
0.0258209
0.00397423
0.0252321
0.0243596
0.0263485
0.0276704
0.0251846
0.0213329
0.0242011
0.0295928
0.0246014
0.00302959
0.0251756
0.0198063
0.0178994
0.0179222
0.0182568
0.0153408
0.0217556
0.0296321
0.0298888
0.00654517
0.0464779
0.0279298
0.0164658
0.0154011
0.0111476
0.0107716
0.0163915
0.0275829
0.0302768
0.00845487
0.0732952
0.0578206
0.026649
0.0130783
0.0102633
0.0084258
0.0105936
0.0214672
0.0294567
0.00548821
0.0766496
0.0598659
0.025567
0.0105774
0.00688549
0.00636983
0.00781741
0.0154196
0.02722
0.00474669
0.0766508
0.0598623
0.0255612
0.0105753
0.006884
0.00636935
0.00781736
0.0154202
0.02722
0.00474564
0.0732823
0.0578175
0.0266443
0.0130765
0.0102614
0.00842534
0.0105951
0.0214737
0.0294578
0.00548695
0.0464735
0.0279294
0.0164636
0.0154003
0.011146
0.0107724
0.0163906
0.0275853
0.0302737
0.00844806
0.0251729
0.0198043
0.0178985
0.0179203
0.018255
0.0153409
0.0217527
0.029633
0.0298827
0.00653761
0.025231
0.0243577
0.0263452
0.027671
0.0251886
0.0213331
0.0241983
0.029591
0.0245946
0.00302684
0.036345
0.0394567
0.0344299
0.0314908
0.0290431
0.0254089
0.0257095
0.0298417
0.0258149
0.00397187
0.0518225
0.0415918
0.0346584
0.0281228
0.0288968
0.0268038
0.0261646
0.0290256
0.0273816
0.00705239
0.0519757
0.0311896
0.0206093
0.0101896
0.0162781
0.0223699
0.02056
0.0252927
0.0215476
0.00461865
0.0146638
0.00744087
0.006418
0.00359907
0.00803913
0.00816507
0.00752997
0.0164284
0.0148621
0.00477901
0.00228277
0.000911785
0.000348077
0.00011745
0.000603385
0.000721013
0.000683884
0.00298445
0.00410792
0.00336962
0.00455008
0.00245632
0.00157197
0.00146728
0.00184889
0.00169084
0.00373907
0.0040668
0.00491299
0.00411375
0.0261457
0.0175543
0.0145739
0.0143127
0.0159911
0.0146397
0.0207612
0.0210527
0.0176782
0.00668802
0.0661137
0.0537059
0.0401575
0.0295937
0.0325817
0.037306
0.0380241
0.0377493
0.0270052
0.00606519
0.0605496
0.0577989
0.0518434
0.0465344
0.0453558
0.0419044
0.0409551
0.0407505
0.0329698
0.00669297
0.0445362
0.043344
0.0472336
0.0468776
0.0434298
0.0385141
0.0374471
0.0403994
0.0358393
0.00773585
0.0356817
0.0288384
0.0329728
0.0409646
0.0372892
0.0319065
0.0327941
0.0387376
0.0355146
0.00904908
0.0369518
0.0237993
0.0213657
0.0263021
0.0271322
0.0230873
0.0275777
0.036816
0.0348394
0.00564844
0.0592568
0.0321162
0.0204326
0.0182524
0.0154029
0.0148005
0.0199922
0.0324709
0.0369208
0.00701403
0.0766193
0.0612957
0.0311563
0.01677
0.0131775
0.0118507
0.01326
0.0231387
0.0345724
0.00726003
0.0806407
0.0654725
0.0285643
0.0144999
0.00998275
0.00854338
0.00941537
0.0164461
0.029763
0.00515702
0.0806673
0.0654699
0.028557
0.0144984
0.00998195
0.00854245
0.00941498
0.0164472
0.0297634
0.00515555
0.0766135
0.0612954
0.0311535
0.0167661
0.013178
0.0118496
0.0132594
0.0231487
0.0345766
0.00725586
0.0592645
0.0321168
0.0204317
0.0182515
0.0154007
0.0147986
0.0199922
0.0324789
0.0369142
0.007007
0.0369564
0.0237993
0.0213649
0.0262909
0.0271187
0.0230836
0.0275732
0.0368167
0.0348279
0.00564264
0.0356869
0.0288372
0.0329648
0.0409622
0.0372839
0.0319036
0.0327904
0.0387354
0.0355009
0.00903745
0.0445436
0.0433435
0.0472333
0.0468884
0.0434344
0.0385099
0.0374442
0.040395
0.0358282
0.00772359
0.0605563
0.0578013
0.0518507
0.0465495
0.0453614
0.0419166
0.0409519
0.0407434
0.0329585
0.00668679
0.0660996
0.0536984
0.0401619
0.0296172
0.0325984
0.0373234
0.0380194
0.0377397
0.0269978
0.00606016
0.0261424
0.0175525
0.0145829
0.0143307
0.0159987
0.0146469
0.0207664
0.0210564
0.0176775
0.00668506
0.00455144
0.00245631
0.00157422
0.00147162
0.00185052
0.00169201
0.00374176
0.00406911
0.00491398
0.00411379
0.00882859
0.00500693
0.0075312
0.00399789
0.00386802
0.00443506
0.0071697
0.00504744
0.00779438
0.00543776
0.0278453
0.0244246
0.028884
0.0267972
0.0231803
0.0238493
0.0320715
0.0258089
0.0244367
0.00851137
0.0601604
0.0590647
0.0564042
0.0501513
0.0463952
0.050411
0.0534507
0.0493521
0.0346476
0.00912843
0.0713114
0.0642549
0.0632774
0.0624846
0.0613767
0.0582371
0.0555289
0.0533906
0.041352
0.00946776
0.0633481
0.0497671
0.0508794
0.0582112
0.0596813
0.0531791
0.0501349
0.0514847
0.0395756
0.00721698
0.0574628
0.0385369
0.0360106
0.0499825
0.0513516
0.042943
0.0424662
0.0479894
0.0429488
0.00881014
0.0608642
0.0346134
0.0261033
0.0346462
0.0373663
0.0312264
0.034423
0.0434816
0.0420213
0.0103728
0.0783085
0.0434799
0.0241069
0.022654
0.0222004
0.0198776
0.023568
0.0361507
0.0411441
0.00854845
0.0869784
0.0666468
0.0338388
0.0196319
0.016631
0.0154254
0.0163307
0.024753
0.0384575
0.0084488
0.0899748
0.0690871
0.0317054
0.0186027
0.0145929
0.0124869
0.0126426
0.0183008
0.0329096
0.00803547
0.0899549
0.0690814
0.0316961
0.018602
0.0145914
0.012489
0.0126449
0.0183041
0.0329125
0.00803351
0.0869735
0.0666439
0.033829
0.0196369
0.0166206
0.0154304
0.0163412
0.0247735
0.0384677
0.00844501
0.0783193
0.0434831
0.0241062
0.0226548
0.0222048
0.0198839
0.0235811
0.0361767
0.0411397
0.00854009
0.0608789
0.0346136
0.0261042
0.0346601
0.0373734
0.0312278
0.0344315
0.0434943
0.0420126
0.0103627
0.0574704
0.0385374
0.0360095
0.0499858
0.0513523
0.0429431
0.0424725
0.0479944
0.0429307
0.00879638
0.0633544
0.0497688
0.0508821
0.0582128
0.0596783
0.053178
0.0501366
0.0514832
0.0395554
0.00720889
0.0713071
0.0642539
0.0632762
0.0624973
0.0613902
0.0582484
0.0555234
0.053381
0.0413278
0.00945176
0.0601428
0.0590582
0.056417
0.0501893
0.0464246
0.0504294
0.0534434
0.0493508
0.0346323
0.0091264
0.0278359
0.0244324
0.0289018
0.0268427
0.0231936
0.0238476
0.0320652
0.0258099
0.0244263
0.00850723
0.00882889
0.00500682
0.00754844
0.00401388
0.00387144
0.00443628
0.00716946
0.00504884
0.00779195
0.00543341
0.00800062
0.00791418
0.00728553
0.00651171
0.00789071
0.0082159
0.00994401
0.00904059
0.00972642
0.00600364
0.0175466
0.0259559
0.0318262
0.032132
0.0329078
0.0345153
0.0418243
0.0326481
0.0295804
0.0100685
0.031167
0.05255
0.058584
0.0592299
0.0624386
0.0660564
0.0668495
0.0593391
0.0392397
0.00966996
0.0590265
0.0650649
0.0650222
0.0684848
0.0734834
0.0729091
0.0681865
0.0637488
0.0449396
0.00958064
0.0779378
0.0672353
0.0570673
0.0624789
0.070199
0.0675836
0.0616057
0.0612382
0.0466936
0.0102437
0.0866055
0.0646834
0.0423243
0.0529369
0.0623183
0.0549417
0.0512901
0.0565324
0.0495867
0.0114765
0.0916823
0.0622443
0.0339447
0.0405581
0.0472164
0.0403905
0.0403729
0.0498072
0.0498074
0.0119691
0.096527
0.0665491
0.0317453
0.0289293
0.0306686
0.0268379
0.0280809
0.0394988
0.0462741
0.0115495
0.0976584
0.0756929
0.0390649
0.023879
0.0223933
0.0203131
0.020287
0.0276426
0.0412319
0.0104265
0.0965241
0.0764272
0.0367796
0.0222815
0.0187303
0.016869
0.0166309
0.0216128
0.0368858
0.0107938
0.0965137
0.0764203
0.036768
0.0222783
0.0187333
0.016873
0.0166327
0.0216178
0.0368905
0.010791
0.0976527
0.0756859
0.039049
0.0238781
0.0224158
0.0203153
0.0202976
0.0276699
0.0412429
0.0104188
0.096525
0.0665496
0.0317421
0.0289386
0.030684
0.0268425
0.0281013
0.0395393
0.0462769
0.0115419
0.0916846
0.0622473
0.0339509
0.0405464
0.0472224
0.0404033
0.0403935
0.0498345
0.0498006
0.011956
0.0866064
0.064687
0.0423242
0.0529656
0.0623519
0.0549645
0.0513112
0.0565499
0.0495684
0.0114614
0.0779363
0.0672366
0.0570793
0.0624952
0.0702294
0.0676001
0.0616175
0.061244
0.0466672
0.0102277
0.0590121
0.0650607
0.0650219
0.0684932
0.0734986
0.0729207
0.0681865
0.0637448
0.0449074
0.00957072
0.0311562
0.052545
0.058592
0.0592511
0.0624626
0.0660691
0.0668507
0.0593178
0.0392067
0.00965074
0.0175447
0.0259614
0.0318599
0.032163
0.0329231
0.0345208
0.0418305
0.0326339
0.0295952
0.0100656
0.00799953
0.00791581
0.00729883
0.00652215
0.00789244
0.00821564
0.00994848
0.00903482
0.00973441
0.00601129
0.00738599
0.00959875
0.00924119
0.0100463
0.00972787
0.0145306
0.0110961
0.0115783
0.0105701
0.00679156
0.0135128
0.028025
0.0382079
0.041704
0.0427301
0.0544734
0.0468157
0.0415716
0.0336962
0.0119284
0.0170699
0.0463833
0.062208
0.066826
0.0750862
0.0790408
0.0759893
0.065749
0.0460958
0.0117954
0.0257636
0.0580991
0.064628
0.0706499
0.0809479
0.0831823
0.0786696
0.069077
0.0505289
0.0122724
0.0432975
0.0650752
0.0628628
0.0667428
0.0768385
0.0778231
0.0713796
0.0680266
0.0547852
0.0128773
0.0625091
0.07148
0.0584987
0.0586584
0.0676108
0.0654544
0.0596684
0.0631482
0.0551007
0.0137828
0.0812291
0.0776458
0.054437
0.048035
0.0547448
0.0500607
0.0472758
0.0550378
0.0546543
0.0128972
0.0893788
0.0808271
0.0529091
0.0371239
0.039994
0.0354526
0.0343073
0.0437743
0.0499107
0.0123738
0.0933966
0.0840428
0.0550148
0.0316809
0.0304074
0.0272264
0.0257507
0.0323832
0.0463362
0.0137171
0.0951656
0.084019
0.0501195
0.0286682
0.0245082
0.0218881
0.0212805
0.0262709
0.0412542
0.0134025
0.0951555
0.0840129
0.0501062
0.0286632
0.024518
0.0218952
0.0212849
0.0262777
0.0412599
0.0133997
0.0933898
0.0840365
0.0549954
0.0316536
0.0304775
0.0272475
0.025761
0.0324122
0.0463519
0.0137132
0.089377
0.0808243
0.0529035
0.0371337
0.0400245
0.0354889
0.0343406
0.0438224
0.0499164
0.0123655
0.0812322
0.0776461
0.054432
0.0481161
0.054818
0.0501113
0.0473201
0.0550757
0.0546541
0.0128816
0.0625079
0.0714785
0.0585009
0.0586581
0.0675898
0.0654737
0.0597036
0.0631756
0.0550922
0.0137652
0.043291
0.065072
0.062867
0.0667426
0.0768489
0.0778389
0.0714017
0.068037
0.054776
0.01286
0.0257584
0.0580956
0.0646265
0.0706578
0.0809625
0.0831957
0.0786763
0.0690736
0.0504926
0.0122568
0.0170715
0.0463909
0.0622164
0.0668418
0.0751042
0.0790509
0.0759859
0.0657334
0.0460827
0.0117815
0.0135164
0.0280408
0.0382597
0.0417514
0.0427536
0.0544685
0.0467903
0.0415848
0.0336977
0.0119222
0.00738647
0.00960557
0.00925442
0.0100529
0.00973388
0.0145239
0.0110834
0.0115829
0.0105677
0.00679131
0.00990181
0.0107215
0.0104918
0.015119
0.0136196
0.0127266
0.0147451
0.0175068
0.0141282
0.00870574
0.0135133
0.0331582
0.0415088
0.0588887
0.056927
0.0553585
0.0529254
0.0511145
0.0389581
0.0136595
0.0141909
0.0502403
0.07007
0.077008
0.0841777
0.0850196
0.0806871
0.0666844
0.0490892
0.0144467
0.0155254
0.0569573
0.0699962
0.0764824
0.0872166
0.0883533
0.0834167
0.0698496
0.054753
0.0161685
0.0193579
0.0635918
0.0694997
0.0737903
0.0837823
0.0858679
0.080589
0.0698757
0.0563903
0.0152843
0.0241821
0.0683929
0.0689792
0.069228
0.0759268
0.07656
0.0698
0.0674292
0.0578325
0.0148597
0.0310245
0.0739194
0.0685093
0.0596852
0.0638308
0.0618936
0.0562189
0.0611979
0.0566928
0.0137385
0.0388147
0.0767182
0.0681561
0.0511879
0.0508519
0.0469922
0.0429456
0.0499157
0.0548762
0.0159182
0.0462472
0.0794676
0.068633
0.0446302
0.0409609
0.0367233
0.0338631
0.0388731
0.0510964
0.015706
0.0503028
0.0799928
0.0657745
0.0402023
0.0340156
0.0290265
0.0280797
0.0329698
0.047408
0.0153831
0.0502993
0.0799885
0.0657663
0.0401917
0.0340263
0.029041
0.0280876
0.0329785
0.0474141
0.0153794
0.0462419
0.0794627
0.0686186
0.0445672
0.0409997
0.0367845
0.0339032
0.0389091
0.0511101
0.0156988
0.0388132
0.0767144
0.0681473
0.0511449
0.0508562
0.0470391
0.0429966
0.0499642
0.0548858
0.0159093
0.0310227
0.0739155
0.0685023
0.0596227
0.0638299
0.0619301
0.0562788
0.0612352
0.0566916
0.0137262
0.0241811
0.0683902
0.0689766
0.0692585
0.0759775
0.0766137
0.069851
0.0674531
0.0578289
0.0148447
0.0193577
0.0635912
0.0694979
0.0738158
0.0838541
0.0859018
0.0806124
0.069886
0.056384
0.0152678
0.0155299
0.0569583
0.0699955
0.0764959
0.0872361
0.0883686
0.0834263
0.0698487
0.0547315
0.0161505
0.0141972
0.0502555
0.07008
0.0770233
0.0841942
0.0850277
0.0806886
0.0666653
0.0490786
0.0144294
0.013519
0.0331896
0.0415668
0.0589496
0.0569522
0.0553482
0.0529101
0.051105
0.0389454
0.0136503
0.00990319
0.0107273
0.0105018
0.0151333
0.0136191
0.0127184
0.0147383
0.0175181
0.014118
0.00869492
0.00920204
0.0167344
0.0179222
0.0161654
0.0181534
0.0163844
0.0179626
0.0215509
0.0153693
0.00948078
0.013557
0.0487861
0.0633849
0.0680886
0.0715624
0.0634462
0.060991
0.0524621
0.0388085
0.0141081
0.0141038
0.0616208
0.0819296
0.0864861
0.0885621
0.0866542
0.0807047
0.0615503
0.046395
0.0148942
0.0143444
0.066557
0.0822442
0.0867866
0.0904471
0.0895362
0.0836291
0.065136
0.052334
0.0157145
0.0155506
0.0713599
0.0817988
0.0850206
0.0895193
0.0891397
0.0832653
0.0671147
0.0547937
0.0169851
0.0164345
0.0741625
0.0811383
0.0822172
0.0853267
0.0850668
0.0791693
0.0670288
0.0567953
0.0169514
0.0179065
0.0765706
0.0794167
0.0761074
0.0782715
0.0782269
0.0719739
0.0643992
0.0565331
0.0178879
0.0195071
0.0771968
0.0787268
0.0710499
0.0701183
0.0678454
0.0585713
0.0580156
0.0554221
0.0174811
0.0211418
0.07889
0.0783628
0.0669585
0.0599736
0.0551858
0.0461261
0.0495085
0.0525347
0.0170071
0.0220447
0.0792608
0.0771325
0.0617803
0.0507455
0.043228
0.0387574
0.0432975
0.0507557
0.019334
0.0220435
0.0792577
0.0771284
0.0617733
0.0507598
0.0432465
0.0387687
0.0433074
0.0507605
0.0193294
0.0211408
0.0788858
0.0783553
0.0669027
0.0600554
0.0552364
0.0461536
0.0495311
0.0525424
0.017002
0.019507
0.0771935
0.0787212
0.0710225
0.0700982
0.0678291
0.05861
0.058041
0.0554292
0.0174732
0.0179067
0.0765622
0.0794124
0.076086
0.078244
0.0782068
0.072001
0.0644273
0.0565371
0.0178768
0.0164372
0.0741624
0.0811355
0.0822001
0.0853427
0.0851077
0.0791895
0.0670467
0.0567953
0.0169395
0.0155573
0.0713624
0.081798
0.0850246
0.0895435
0.0891627
0.0832915
0.0671283
0.0547962
0.0169744
0.0143521
0.0665743
0.0822495
0.0867958
0.0904626
0.0895505
0.0836399
0.0651112
0.052319
0.0157057
0.0141121
0.0616481
0.0819423
0.086498
0.0885718
0.0866598
0.0807063
0.0615792
0.0463884
0.0148945
0.0135634
0.0488378
0.0634318
0.0681134
0.0715423
0.0634448
0.0609845
0.0525201
0.0388082
0.0141024
0.00920153
0.0167519
0.0179244
0.016169
0.0181385
0.0163806
0.0179537
0.0215167
0.0153266
0.00946449
0.0112458
0.0212661
0.0251522
0.0387008
0.0290931
0.0253647
0.0243829
0.0212183
0.0173612
0.00768978
0.0143707
0.0599751
0.0749456
0.0820302
0.0803853
0.0702652
0.0623204
0.0458726
0.0343624
0.0113739
0.0147748
0.0724611
0.0874271
0.0891069
0.0881037
0.0844206
0.0762192
0.051856
0.0394898
0.0118048
0.01474
0.0765322
0.0892764
0.0902926
0.0902593
0.0875386
0.0796928
0.0576152
0.0462064
0.0145976
0.0157165
0.0795274
0.0891496
0.09016
0.0904949
0.0883565
0.081229
0.0602894
0.0486179
0.015324
0.0161431
0.0826105
0.0877661
0.0881949
0.0896359
0.087889
0.0807261
0.0625283
0.0514328
0.0171247
0.0164449
0.0838915
0.0868276
0.0857169
0.0869229
0.0853109
0.0781848
0.0615306
0.0518656
0.0179279
0.0168067
0.0840556
0.0856769
0.0836485
0.0839667
0.0823534
0.0746132
0.0597639
0.0528725
0.0182649
0.0175444
0.0841153
0.0850836
0.0823336
0.0800089
0.0767611
0.0671633
0.0553167
0.0512867
0.0179674
0.017982
0.0842466
0.0845811
0.0806564
0.0762584
0.0705274
0.0596289
0.0522295
0.0504586
0.0184221
0.0179813
0.0842453
0.084579
0.0806522
0.0762673
0.0705431
0.0596386
0.0522351
0.0504622
0.0184201
0.0175442
0.0841134
0.0850792
0.0823024
0.0800503
0.076833
0.0671813
0.0553209
0.051288
0.0179646
0.0168096
0.0840529
0.0856738
0.0836277
0.083971
0.0823693
0.07465
0.0597803
0.0528772
0.0182609
0.0164507
0.0838954
0.0868255
0.0856995
0.0868866
0.0854628
0.0782178
0.0615497
0.0518732
0.0179245
0.0161492
0.0826112
0.0877648
0.0881945
0.089635
0.0877681
0.0807343
0.062542
0.0514406
0.0171226
0.015724
0.0795303
0.0891505
0.0901643
0.0905041
0.0883484
0.0812402
0.060322
0.0486313
0.0153268
0.0147481
0.0765424
0.0892782
0.0902994
0.0902691
0.0875446
0.0797009
0.0576184
0.0462095
0.0146024
0.0147823
0.0724779
0.0874318
0.0891158
0.088111
0.0844247
0.0762172
0.0518147
0.0394706
0.0118211
0.014378
0.0600008
0.0749438
0.0820434
0.0803885
0.0702658
0.0623161
0.0458499
0.034362
0.0113821
0.0112472
0.0212801
0.0251325
0.0387061
0.0290862
0.0253632
0.0243694
0.0211922
0.017324
0.00769165
0.0114436
0.0346942
0.0378973
0.0344927
0.0266601
0.0324423
0.0272938
0.0169717
0.013613
0.00323126
0.0140711
0.06584
0.0776247
0.0750534
0.0690273
0.0648511
0.0553065
0.0332792
0.0226651
0.00550251
0.0157394
0.0735334
0.0858438
0.0840901
0.0800766
0.0727632
0.0633032
0.038481
0.0252865
0.00616227
0.0165514
0.0790684
0.0889946
0.0881481
0.0855442
0.0794616
0.0703601
0.0455077
0.0356458
0.00901608
0.0182213
0.0832102
0.0897682
0.0893086
0.0878305
0.0827186
0.0736091
0.0483301
0.0389
0.0101439
0.0193574
0.0853112
0.089228
0.08901
0.0885764
0.0851629
0.0771066
0.0534547
0.0452187
0.0132205
0.020011
0.0861826
0.0887298
0.0878638
0.0879251
0.0851855
0.0775446
0.0547233
0.0456871
0.0145013
0.0205725
0.0864138
0.0881111
0.0870389
0.0869065
0.0848682
0.0772899
0.0558598
0.0472576
0.0168273
0.0212793
0.0865045
0.0876232
0.0863672
0.0859418
0.0831016
0.0752183
0.0544808
0.0467861
0.0169207
0.0216856
0.0865377
0.0873858
0.0856607
0.0849489
0.0815598
0.0730951
0.0537015
0.0471584
0.0175279
0.0216848
0.0865371
0.0873846
0.0856577
0.0849535
0.0815692
0.0731032
0.0537051
0.0471604
0.0175286
0.021279
0.0865036
0.0876204
0.0863455
0.0859787
0.0831872
0.0752773
0.0544757
0.0467804
0.016922
0.0205757
0.0864127
0.0881094
0.0870263
0.0869127
0.0848848
0.0773315
0.0558648
0.0472558
0.0168274
0.0200168
0.0861833
0.0887285
0.087854
0.087905
0.0852146
0.0775757
0.0547331
0.04569
0.0145065
0.0193642
0.0853124
0.0892279
0.0890064
0.0885674
0.085149
0.0771156
0.0534692
0.0452236
0.0132287
0.0182284
0.0832124
0.0897691
0.0893058
0.0878192
0.0826983
0.0736074
0.0483274
0.0389249
0.0101528
0.0165583
0.0790758
0.0889959
0.0881491
0.0855363
0.0794487
0.0703611
0.0455172
0.035681
0.00902665
0.0157455
0.0735432
0.0858468
0.0840904
0.0800716
0.07276
0.0633166
0.0384535
0.0253031
0.00617147
0.0140778
0.0658504
0.0776191
0.0750562
0.0690202
0.0648435
0.0553054
0.0332807
0.0226906
0.00551199
0.0114443
0.0346909
0.0378583
0.0344747
0.0266499
0.0324074
0.0272472
0.016935
0.0136239
0.00323832
0.0109281
0.0265327
0.0287339
0.0262804
0.0248471
0.0240871
0.0192247
0.00967202
0.0034425
0.000395857
0.0129223
0.0392904
0.043377
0.040612
0.0384905
0.0350137
0.0289056
0.0148027
0.00598492
0.000998058
0.0137337
0.0412992
0.0453785
0.0422128
0.0398883
0.0358931
0.0303102
0.0157941
0.0067711
0.00125689
0.0152549
0.0456922
0.0501436
0.046467
0.0435468
0.0395841
0.0354289
0.0208345
0.0102301
0.00212567
0.016324
0.047496
0.0523709
0.0483707
0.0447063
0.040635
0.0368566
0.0227475
0.0118178
0.0026517
0.0177529
0.0499538
0.0565602
0.05202
0.0477067
0.0437778
0.0407282
0.0276231
0.0169189
0.00387978
0.0184048
0.0516216
0.058216
0.0534748
0.0488902
0.0445386
0.0416166
0.0290045
0.0186905
0.004521
0.0190182
0.0528206
0.0594691
0.0551554
0.0510729
0.0471607
0.0443916
0.0321091
0.0222666
0.0056402
0.01939
0.0529979
0.0592959
0.0553367
0.0516108
0.0478865
0.0449754
0.0325325
0.0233467
0.00618497
0.0196414
0.0528685
0.0587443
0.0556948
0.052789
0.0493842
0.046367
0.0338187
0.0248038
0.00676607
0.0196408
0.0528697
0.0587452
0.0556915
0.0527886
0.0493841
0.0463677
0.0338199
0.0248061
0.00676735
0.0193905
0.0530017
0.059295
0.0553228
0.0516307
0.047893
0.0449847
0.0325386
0.0233482
0.00618625
0.0190208
0.0528255
0.0594696
0.0551416
0.0510975
0.0471731
0.0444072
0.0321174
0.0222709
0.00564255
0.0184095
0.051625
0.0582181
0.0534631
0.0489074
0.0445565
0.0416332
0.0290137
0.0186992
0.00452389
0.0177585
0.0499559
0.0565629
0.0520061
0.0477196
0.0437886
0.0407395
0.0276335
0.0169312
0.00388362
0.0163302
0.0475013
0.0523753
0.0483631
0.0447191
0.0406435
0.036868
0.022763
0.0118303
0.00265542
0.015261
0.0456975
0.0501474
0.0464617
0.0435538
0.0395917
0.0354418
0.02085
0.0102449
0.00212974
0.0137393
0.0413025
0.0453786
0.0422098
0.0398869
0.0358992
0.0303275
0.0158212
0.00678194
0.00125975
0.0129289
0.0392976
0.0433806
0.0406095
0.038492
0.0350213
0.0289254
0.0148171
0.00599605
0.00100081
0.0109313
0.026534
0.0287277
0.0262677
0.0248429
0.0240824
0.0192198
0.00967717
0.00345029
0.000397366
)
;

boundaryField
{
    side
    {
        type            inletOutlet;
        inletValue      uniform 0;
        value           nonuniform List<scalar> 
800
(
0
0
0
0
0
0
0
0
0
0
0
0
0
0
0
0
0
0
0
0
0
0
0
0
0
0
0
0
0
0
0
0
0
0
0
0
0
0
0
0
0
0
0
0
0
0
0
0
0
0
0
0
0
0
0
0
0
0
0
0
4.51719e-06
1.04537e-05
0
0
0
0
0
0
0
0
0
0
0
0
0
0
0
0
1.046e-05
4.52047e-06
7.8549e-05
0.000142829
0
0
0
0
0
0
0
0
0
0
0
0
0
0
0
0
0.000142915
7.85966e-05
0.00040026
0
0
0
0
0
0
0
0
0
0
0
0
0
0
0
0
0
0
0.000400455
0
0
0
0
0
0
0
0
0
0
0
0
0
0
0
0
0
0
0
0
0
0
0
0
0
0
0
0
0
0
0
0
0
0
0
0
0
0
0
0
0
0
0
0
0
0
0
0
0
0
0
0
0
0
0
0
0
0
0
0
0
0
0
0
0
0
0
0
0
0
0
0
0
0
0
0
0
0
0
0
0
0
0
0
0
0
0
0
0
0
0
0
0
0
0
0
0
0
0
0
0
0
0
0
0
0
0
0
0
0
0
0
0
0
0
0
0
0
0
0
0.00543776
0
0
0
0.00721698
0
0
0
0
0
0
0
0
0
0
0.00720889
0
0
0
0.00543341
0.00600364
0
0.00966996
0
0
0
0
0.0115495
0
0
0
0
0.0115419
0
0
0
0
0.00965074
0
0.00601129
0.00679156
0.0119284
0
0
0
0
0
0.0123738
0
0
0
0
0.0123655
0
0
0
0
0
0.0119222
0.00679131
0
0.0136595
0
0.0161685
0.0152843
0
0
0
0
0
0
0
0
0
0
0.0152678
0.0161505
0
0.0136503
0
0.00948078
0.0141081
0
0
0.0169851
0.0169514
0
0
0
0.019334
0.0193294
0
0
0
0.0169395
0.0169744
0
0
0.0141024
0.00946449
0.00768978
0.0113739
0.0118048
0.0145976
0.015324
0.0171247
0.0179279
0
0
0
0
0
0
0.0179245
0.0171226
0.0153268
0.0146024
0.0118211
0.0113821
0.00769165
0.00323126
0.00550251
0.00616227
0.00901608
0.0101439
0.0132205
0.0145013
0.0168273
0.0169207
0.0175279
0.0175286
0.016922
0.0168274
0.0145065
0.0132287
0.0101528
0.00902665
0.00617147
0.00551199
0.00323832
0.000395857
0.000998058
0.00125689
0.00212567
0.0026517
0.00387978
0.004521
0.0056402
0.00618497
0.00676607
0.00676735
0.00618625
0.00564255
0.00452389
0.00388362
0.00265542
0.00212974
0.00125975
0.00100081
0.000397366
0
0
0.000624854
0
0
0
0
0
0
0
0
0
0.00882859
0
0
0.00990181
0
0.0112458
0.0114436
0.0109281
0
0
0.0002744
0
0
0
0
0
0
0
0
0
0
0
0.00959875
0
0.0167344
0
0.0346942
0.0265327
0
0
0
0
0
0
0
0
0
0
0
0
0
0
0
0
0.0179222
0.0251522
0.0378973
0.0287339
0
0
0
0
0
0
0
0
0
0
0
0
0
0
0.0100463
0.015119
0
0.0387008
0.0344927
0.0262804
0
0
0
0
0
0
0
0
0
0
0
0
0
0
0
0.0136196
0.0181534
0.0290931
0
0.0248471
0
0
0
0
0
0
0
0
0
0
0
0
0
0
0.0145306
0
0
0
0.0324423
0.0240871
0
0
0
0
0
0
0
0
0
0
0
0
0.0071697
0
0.0110961
0.0147451
0
0
0.0272938
0.0192247
0
0
0
0
0
0
0
0
0
0
0
0
0
0
0
0.0175068
0.0215509
0.0212183
0
0.00967202
0
0
0
0
0
0
0
0
0
0
0
0
0
0
0
0.0141282
0
0.0173612
0.013613
0.0034425
0
0
7.59626e-08
4.51719e-06
7.8549e-05
0
0
0
0
0
0
0
0.00543776
0
0
0.00870574
0.00948078
0.00768978
0.00323126
0.000395857
0
0
0.000624953
0
0
0
0
0
0
0
0
0
0.00882889
0
0
0.00990319
0
0.0112472
0.0114443
0.0109313
0
0
0.00027438
0
0
0
0
0
0
0
0
0
0
0
0.00960557
0
0.0167519
0
0.0346909
0.026534
0
0
0
0
0
0
0
0
0
0
0
0
0
0
0
0
0.0179244
0.0251325
0.0378583
0.0287277
0
0
0
0
0
0
0
0
0
0
0
0
0
0
0.0100529
0.0151333
0
0.0387061
0.0344747
0.0262677
0
0
0
0
0
0
0
0
0
0
0
0
0
0
0
0.0136191
0.0181385
0.0290862
0
0.0248429
0
0
0
0
0
0
0
0
0
0
0
0
0
0
0.0145239
0
0
0
0.0324074
0.0240824
0
0
0
0
0
0
0
0
0
0
0
0
0.00716946
0
0.0110834
0.0147383
0
0
0.0272472
0.0192198
0
0
0
0
0
0
0
0
0
0
0
0
0
0
0
0.0175181
0.0215167
0.0211922
0
0.00967717
0
0
0
0
0
0
0
0
0
0
0
0
0
0
0
0.014118
0
0.017324
0.0136239
0.00345029
0
0
7.60136e-08
4.52047e-06
7.85966e-05
0
0
0
0
0
0
0
0.00543341
0
0
0.00869492
0.00946449
0.00769165
0.00323832
0.000397366
)
;
    }
    outlet
    {
        type            inletOutlet;
        inletValue      uniform 0;
        value           nonuniform List<scalar> 
200
(
0.0109281
0.0129223
0.0137337
0.0152549
0.016324
0.0177529
0.0184048
0.0190182
0.01939
0.0196414
0.0196408
0.0193905
0.0190208
0.0184095
0.0177585
0.0163302
0.015261
0.0137393
0.0129289
0.0109313
0.0265327
0.0392904
0.0412992
0.0456922
0.047496
0
0
0
0
0
0
0
0
0
0
0.0475013
0.0456975
0.0413025
0.0392976
0.026534
0.0287339
0.043377
0.0453785
0.0501436
0.0523709
0.0565602
0.058216
0.0594691
0.0592959
0.0587443
0.0587452
0.059295
0.0594696
0.0582181
0.0565629
0.0523753
0.0501474
0.0453786
0.0433806
0.0287277
0.0262804
0.040612
0.0422128
0.046467
0.0483707
0.05202
0.0534748
0.0551554
0.0553367
0.0556948
0.0556915
0.0553228
0.0551416
0.0534631
0.0520061
0.0483631
0.0464617
0.0422098
0.0406095
0.0262677
0.0248471
0.0384905
0.0398883
0.0435468
0.0447063
0.0477067
0.0488902
0.0510729
0.0516108
0.052789
0.0527886
0.0516307
0.0510975
0.0489074
0.0477196
0.0447191
0.0435538
0.0398869
0.038492
0.0248429
0.0240871
0.0350137
0.0358931
0.0395841
0.040635
0.0437778
0.0445386
0.0471607
0.0478865
0.0493842
0.0493841
0.047893
0.0471731
0.0445565
0.0437886
0.0406435
0.0395917
0.0358992
0.0350213
0.0240824
0.0192247
0.0289056
0.0303102
0.0354289
0.0368566
0.0407282
0.0416166
0.0443916
0.0449754
0.046367
0.0463677
0.0449847
0.0444072
0.0416332
0.0407395
0.036868
0.0354418
0.0303275
0.0289254
0.0192198
0.00967202
0.0148027
0.0157941
0.0208345
0.0227475
0.0276231
0.0290045
0.0321091
0.0325325
0.0338187
0.0338199
0.0325386
0.0321174
0.0290137
0.0276335
0.022763
0.02085
0.0158212
0.0148171
0.00967717
0.0034425
0.00598492
0.0067711
0.0102301
0.0118178
0.0169189
0.0186905
0.0222666
0.0233467
0.0248038
0.0248061
0.0233482
0.0222709
0.0186992
0.0169312
0.0118303
0.0102449
0.00678194
0.00599605
0.00345029
0.000395857
0.000998058
0.00125689
0.00212567
0.0026517
0.00387978
0.004521
0.0056402
0.00618497
0.00676607
0.00676735
0.00618625
0.00564255
0.00452389
0.00388362
0.00265542
0.00212974
0.00125975
0.00100081
0.000397366
)
;
    }
    ground
    {
        type            zeroGradient;
    }
    inlet
    {
        type            fixedValue;
        value           uniform 0;
    }
    region0_to_pyrolysisRegion_coupledWall
    {
        type            totalFlowRateAdvectiveDiffusive;
        phi             phi;
        rho             none;
        massFluxFraction 0;
        value           nonuniform List<scalar> 
400
(
0.0136824
0.0434745
0.057873
0.0625836
0.0600316
0.0532121
0.0542851
0.0528995
0.0497165
0.0498545
0.0498623
0.0497433
0.0529101
0.0542862
0.0532114
0.0600312
0.0625839
0.0578758
0.0434804
0.01369
0.00629186
0.0252587
0.0532288
0.0662109
0.0726513
0.0702945
0.0633518
0.0631908
0.0593388
0.0572999
0.0573026
0.0593436
0.0631935
0.0633516
0.0702941
0.0726519
0.0662135
0.053233
0.0252582
0.00629213
0.000624854
0.00327854
0.0121388
0.0415695
0.0696448
0.074497
0.0727226
0.0673391
0.0625757
0.0601504
0.0601493
0.0625729
0.0673395
0.0727226
0.074498
0.0696506
0.0415849
0.0121362
0.00327933
0.000624953
0.000107567
0.000367165
0.00129506
0.00707394
0.032345
0.0667293
0.0738184
0.07353
0.0657282
0.0615134
0.0615109
0.0657339
0.0735286
0.0738197
0.0667342
0.0323558
0.00707683
0.00129536
0.000367171
0.000107567
8.55247e-05
0.000194611
0.000277534
0.00112074
0.006062
0.0335369
0.06679
0.0746873
0.0719528
0.0643141
0.06431
0.0719465
0.0746852
0.0667919
0.033539
0.00606262
0.00112062
0.00027741
0.000194685
8.55228e-05
7.77695e-05
0.00019071
0.000210333
0.000540259
0.00188887
0.0092926
0.045876
0.0716009
0.074707
0.066643
0.066636
0.0746859
0.0715967
0.0458703
0.00929125
0.00188862
0.000540132
0.000210348
0.000190749
7.77643e-05
8.60568e-05
0.000224463
0.000293716
0.000975623
0.00229264
0.00522185
0.0196011
0.0590954
0.0744224
0.0697122
0.0697065
0.0744007
0.0590852
0.0195931
0.00522076
0.00229227
0.000975367
0.000293709
0.000224483
8.60606e-05
0.000153076
0.000448255
0.00113443
0.00375297
0.00627024
0.00715163
0.013934
0.0418019
0.0709253
0.0711981
0.071188
0.0708988
0.0417826
0.0139275
0.00714808
0.00626525
0.00374654
0.00113329
0.000448167
0.000153165
0.000279397
0.00120528
0.00488704
0.0145403
0.0135193
0.0134892
0.0164856
0.0380991
0.0687635
0.0735053
0.0735005
0.0687409
0.0380846
0.0164797
0.0134832
0.0135119
0.0145345
0.00488566
0.00120568
0.000279433
0.000720012
0.00440845
0.0218191
0.0292591
0.0282737
0.0198371
0.0203656
0.0409007
0.0703143
0.0750992
0.0750947
0.0702977
0.0408917
0.0203583
0.0198343
0.0282726
0.0292533
0.0218106
0.00440719
0.000720576
0.00228246
0.0146669
0.0519802
0.0518186
0.0363411
0.0252321
0.0251756
0.0464779
0.0732952
0.0766496
0.0766508
0.0732823
0.0464735
0.0251729
0.025231
0.036345
0.0518225
0.0519757
0.0146638
0.00228277
0.00455008
0.0261457
0.0661137
0.0605496
0.0445362
0.0356817
0.0369518
0.0592568
0.0766193
0.0806407
0.0806673
0.0766135
0.0592645
0.0369564
0.0356869
0.0445436
0.0605563
0.0660996
0.0261424
0.00455144
0.00882859
0.0278453
0.0601604
0.0713114
0.0633481
0.0574628
0.0608642
0.0783085
0.0869784
0.0899748
0.0899549
0.0869735
0.0783193
0.0608789
0.0574704
0.0633544
0.0713071
0.0601428
0.0278359
0.00882889
0.00800062
0.0175466
0.031167
0.0590265
0.0779378
0.0866055
0.0916823
0.096527
0.0976584
0.0965241
0.0965137
0.0976527
0.096525
0.0916846
0.0866064
0.0779363
0.0590121
0.0311562
0.0175447
0.00799953
0.00738599
0.0135128
0.0170699
0.0257636
0.0432975
0.0625091
0.0812291
0.0893788
0.0933966
0.0951656
0.0951555
0.0933898
0.089377
0.0812322
0.0625079
0.043291
0.0257584
0.0170715
0.0135164
0.00738647
0.00990181
0.0135133
0.0141909
0.0155254
0.0193579
0.0241821
0.0310245
0.0388147
0.0462472
0.0503028
0.0502993
0.0462419
0.0388132
0.0310227
0.0241811
0.0193577
0.0155299
0.0141972
0.013519
0.00990319
0.00920204
0.013557
0.0141038
0.0143444
0.0155506
0.0164345
0.0179065
0.0195071
0.0211418
0.0220447
0.0220435
0.0211408
0.019507
0.0179067
0.0164372
0.0155573
0.0143521
0.0141121
0.0135634
0.00920153
0.0112458
0.0143707
0.0147748
0.01474
0.0157165
0.0161431
0.0164449
0.0168067
0.0175444
0.017982
0.0179813
0.0175442
0.0168096
0.0164507
0.0161492
0.015724
0.0147481
0.0147823
0.014378
0.0112472
0.0114436
0.0140711
0.0157394
0.0165514
0.0182213
0.0193574
0.020011
0.0205725
0.0212793
0.0216856
0.0216848
0.021279
0.0205757
0.0200168
0.0193642
0.0182284
0.0165583
0.0157455
0.0140778
0.0114443
0.0109281
0.0129223
0.0137337
0.0152549
0.016324
0.0177529
0.0184048
0.0190182
0.01939
0.0196414
0.0196408
0.0193905
0.0190208
0.0184095
0.0177585
0.0163302
0.015261
0.0137393
0.0129289
0.0109313
)
;
    }
}


// ************************************************************************* //
