/*--------------------------------*- C++ -*----------------------------------*\
  =========                 |
  \\      /  F ield         | OpenFOAM: The Open Source CFD Toolbox
   \\    /   O peration     | Website:  https://openfoam.org
    \\  /    A nd           | Version:  7
     \\/     M anipulation  |
\*---------------------------------------------------------------------------*/
FoamFile
{
    version     2.0;
    format      ascii;
    class       volScalarField;
    location    "1";
    object      ILambda_11_0;
}
// * * * * * * * * * * * * * * * * * * * * * * * * * * * * * * * * * * * * * //

dimensions      [1 0 -3 0 0 0 0];

internalField   nonuniform List<scalar> 
4000
(
2703.1
4467.31
4132.46
3130.25
2109.46
1341.12
860.515
602.469
483.293
429.693
3182.1
4883.41
4086.51
2922.51
1884.19
1156.16
724.436
503.219
405.491
362.904
3391.17
4930.04
3897.56
2665.63
1654.41
984.344
605.573
419.974
341.488
308.297
3308.52
4692.76
3602.72
2382.62
1431.64
829.735
504.255
351.63
289.853
264.491
3047.23
4328.67
3259.88
2099.14
1225.61
694.691
419.915
296.736
249.067
230.089
2776.49
3946.27
2922.67
1835.45
1042.09
579.592
351.189
253.593
217.564
203.701
2615.21
3609.32
2622.17
1601.05
882.23
483.14
296.216
220.432
193.825
183.989
2494.01
3327.96
2368.25
1395.5
743.741
403.091
252.98
195.539
176.427
169.7
2381.27
3139.64
2155.83
1211.22
622.77
337.073
219.573
177.344
164.071
159.688
2308.18
3012.85
1957.24
1037.91
516.1
283.203
194.348
164.465
155.615
152.942
2241.1
2875.53
1745.16
870.266
422.699
240.216
175.888
155.691
150.068
148.588
2168.41
2704.83
1514.28
710.615
343.303
207.142
162.924
149.987
146.606
145.911
2085.19
2486.51
1268.49
564.246
278.736
182.865
154.254
146.466
144.559
144.345
1955.25
2195.38
1017.55
437.049
229.074
166.024
148.781
144.423
143.423
143.472
1799.5
1850.46
781.076
333.921
193.312
155.081
145.544
143.312
142.833
142.999
1608.18
1493.25
574.251
255.923
169.372
148.496
143.775
142.755
142.549
142.739
1315.19
1124.44
402.841
201.326
154.751
144.902
142.897
142.499
142.423
142.585
946.721
777.266
274.204
167.388
146.941
143.194
142.517
142.393
142.371
142.482
553.093
445.945
190.205
149.828
143.533
142.539
142.381
142.355
142.351
142.409
241.517
179.876
148.125
143.21
142.474
142.363
142.346
142.343
142.343
142.362
2541.18
4317.79
4145.09
3190.51
2188.06
1438.31
978.49
741.519
640.601
593.122
3097.83
4921.53
4229.47
3022.78
1960.78
1236.1
819.66
616.609
534.793
497.001
3740.89
5538.53
4196.59
2794.91
1722.48
1046.12
679.787
510.389
445.766
416.234
4185.44
5787.47
3997.12
2514.43
1483.18
872.992
559.624
421.93
372.183
349.521
4149.31
5453.63
3643.99
2204.06
1254.62
720.393
459.099
349.903
312.549
295.481
3753.49
4898.82
3223
1895.17
1047.33
590.305
377.212
292.605
265.235
252.65
3413.52
4314.7
2806.64
1613.08
867.479
482.643
312.201
248.128
228.576
219.541
3219.2
3721.5
2446.53
1371.24
715.949
395.502
261.812
214.49
200.918
194.664
3051.32
3334.89
2176.41
1168.56
589.196
325.963
223.66
189.773
180.681
176.575
2916.2
3197.96
1968.8
990.588
481.888
271.126
195.539
172.219
166.394
163.91
2824.05
3111.15
1761.86
822.998
390.488
228.758
175.515
160.25
156.72
155.418
2737.07
3020.29
1534.41
664.296
314.543
197.257
161.903
152.487
150.484
149.999
2611.08
2900.59
1282.43
519.198
254.424
175.059
153.157
147.734
146.681
146.722
2451.42
2610.58
1008.88
394.224
209.844
160.414
147.902
145.015
144.506
144.851
2269.66
2163
746.795
296.193
179.399
151.469
144.972
143.569
143.346
143.833
1901.46
1705.13
523.452
226.047
160.391
146.456
143.472
142.863
142.774
143.286
1287.7
1177.34
343.19
180.391
149.747
143.923
142.773
142.546
142.513
142.968
695.097
568.018
214.577
154.949
144.668
142.82
142.482
142.414
142.403
142.748
348.555
220.288
156.823
145.022
142.851
142.446
142.376
142.363
142.36
142.569
223.571
158.027
145.017
142.798
142.421
142.356
142.345
142.344
142.345
142.426
2145.01
3727.2
3885.23
3166.73
2284.63
1597.09
1175.29
968.204
890.901
846.321
2552.46
4201.89
3997.41
3017.99
2049.1
1370.99
985.119
807.856
746.744
710.56
3064.57
4739.82
4049.23
2820.11
1802.81
1157.81
816.032
668.976
622.317
593.251
3694.54
5330.59
4005.81
2570.94
1552.44
961.847
668.967
550.852
516.521
493.381
4339.27
5805.72
3820.2
2275.23
1307.03
786.976
544.192
452.383
428.077
409.811
4268.66
5634.69
3458.48
1950.01
1077.27
636.081
441.14
372.043
355.5
341.235
3918.69
5024
2980.14
1627.02
873.445
510.503
358.416
308.006
297.194
286.233
3619.59
4195.98
2501.24
1338.61
701.683
409.502
293.875
258.223
251.462
243.264
3367.29
3433.9
2118.98
1100.87
561.906
330.466
244.937
220.584
216.585
210.713
3172.74
3171.65
1862.76
906.622
448.803
269.913
208.947
193.028
190.848
186.925
3010.11
3097.58
1639.28
733.595
356.474
224.659
183.45
173.622
172.587
170.255
2836.88
3063.96
1397.87
574.225
282.726
192.261
166.25
160.592
160.22
159.133
2619.78
2960.82
1122.52
432.549
227.164
170.465
155.329
152.324
152.288
152.12
2338.28
2439.27
814.289
316.134
188.801
156.923
148.883
147.422
147.513
147.975
1965.98
1753.75
538.889
233.463
165.15
149.255
145.378
144.732
144.835
145.686
1346.2
1026.79
324.235
182.409
152.252
145.308
143.642
143.381
143.451
144.492
615.191
404.216
203.9
157.489
146.243
143.477
142.854
142.76
142.793
143.861
410.845
229.921
165.795
148.249
143.798
142.725
142.521
142.498
142.507
143.456
310.048
184.413
151.931
144.431
142.791
142.445
142.387
142.39
142.392
143.093
227.582
157.14
144.931
142.799
142.423
142.357
142.346
142.348
142.35
142.709
1941.97
3382.93
3735.38
3227.02
2476.92
1863
1486.83
1317.03
1268.41
1218.33
2232.92
3725.58
3808.02
3061.46
2216.31
1601.39
1254.32
1110.29
1075.12
1032.64
2597.12
4114.88
3844.45
2858.37
1948.31
1354.67
1045.31
927.634
903.978
867.828
3048.56
4551.35
3825.05
2615.19
1678.23
1126.9
860.921
768.553
754.242
723.35
3597.2
5030.75
3722.9
2332.18
1413
921.814
701.555
632.23
625
598.537
4209.78
5494.52
3500.84
2014.94
1161.09
742.422
566.972
517.461
515.144
492.533
4238.89
5372.46
3114.66
1678.62
931.95
590.607
456.215
422.732
423.429
404.312
3948.34
4676.62
2599.76
1352.84
734.396
466.797
367.552
346.207
348.426
332.615
3574.95
3639.81
2099.99
1071.7
573.166
369.422
298.582
285.868
288.585
275.973
3267.58
3130.56
1751.43
848.287
446.272
295.198
246.521
239.601
242.225
232.695
3037.02
2992.43
1486.66
662.729
346.793
240.218
208.583
205.316
207.575
200.92
2788.51
2906.32
1212.86
499.72
270.538
201.284
182.152
180.967
182.785
178.671
2425.71
2598.66
900.029
362.364
216.218
175.495
164.725
164.56
165.954
163.942
1908.28
1744.54
575.247
260.428
181.377
159.657
153.976
154.201
155.216
154.824
1275.47
940.198
340.128
199.639
161.729
150.695
147.854
148.148
148.837
149.617
658.326
386.916
225.797
170.06
151.623
145.995
144.684
144.93
145.348
146.918
505.018
281.03
188.584
156.554
146.584
143.769
143.21
143.389
143.606
145.653
402.682
227.093
166.723
148.85
144.028
142.817
142.597
142.726
142.82
145.051
313.796
186.569
152.78
144.688
142.861
142.466
142.4
142.456
142.495
144.593
228.692
157.89
145.153
142.852
142.435
142.359
142.346
142.354
142.366
143.96
1926.93
3322.67
3808.25
3459.19
2821.22
2277.67
1950.94
1825.74
1809.08
1735.71
2148.12
3570.43
3826.56
3256.95
2520.71
1968.21
1664.4
1561.79
1557.21
1491.78
2424.22
3848.03
3814.87
3022.87
2215.23
1675.43
1403.57
1324.16
1328.89
1269.87
2766.93
4155.82
3761.53
2756.37
1910.33
1403.68
1169.88
1112.45
1123.73
1070
3187.04
4492.26
3650.8
2458.37
1612.5
1156.78
963.871
925.958
941.206
892.072
3690.77
4852.36
3461.7
2132.57
1329.19
937.817
785.42
763.84
780.733
735.915
4228.86
5203.17
3165.93
1787.48
1068.56
748.896
633.954
625.074
641.651
601.221
4167.23
4967.51
2722.32
1439.44
839.004
590.911
508.265
508.307
523.132
487.434
3794.94
4049.67
2171.5
1117.79
647.199
463.466
406.596
411.96
424.22
393.712
3353.16
3145.78
1706.35
854.964
495.497
364.065
326.474
334.222
343.724
318.823
3034.57
2911.91
1387.65
648.317
378.741
288.629
265.173
273.254
280.258
261.142
2690.7
2762.37
1075.63
475.575
290.939
233.61
220.026
227.146
232.179
218.648
2130.26
2005.91
715.151
337.772
229.512
195.857
188.332
193.903
197.528
188.978
1454.44
1049.31
421.929
248.19
190.704
171.463
167.338
171.382
174.015
169.559
806.582
476.622
285.159
201.492
168.115
156.66
154.435
157.243
159.146
157.836
634.052
367.875
232.692
175.951
155.118
148.528
147.364
149.184
150.487
151.49
523.82
297.046
196.534
159.831
148.001
144.618
144.021
145.078
145.896
148.601
428.669
239.714
171.196
150.273
144.499
143.038
142.757
143.25
143.712
147.691
337.206
193.97
154.759
145.185
142.989
142.51
142.423
142.566
142.786
147.638
242.93
160.7
145.701
142.959
142.457
142.365
142.348
142.363
142.402
147.449
2058.73
3503.09
4114.22
3893.1
3350.9
2877.07
2605.94
2532.4
2544.77
2414.4
2236.24
3686.99
4083.31
3647.63
3000.91
2509.06
2254.46
2201.78
2228.05
2107.96
2455.47
3885.52
4019.77
3370.32
2645.88
2158.45
1930.33
1899.24
1935.17
1823.08
2725.64
4097.55
3916
3062.7
2292.44
1830.36
1635.5
1624.58
1665.81
1560.31
3054.01
4320.22
3762.16
2727.53
1947.67
1529.04
1370.67
1376.71
1419.6
1319.95
3445.17
4549.28
3545.94
2369.43
1619.13
1257.78
1135.62
1154.82
1196.41
1102.52
3896.16
4778.39
3251.74
1996.15
1314.63
1018.76
929.69
958.358
996.154
908.564
4240.44
4945.66
2858.11
1620.01
1042.12
812.99
752.391
786.591
818.767
738.521
3974.86
4316.25
2312.51
1259.84
808.648
641.036
602.835
638.593
664.229
592.679
3475.88
3246.26
1760.72
950.791
618.701
501.441
479.221
513.149
532.311
470.89
3036.85
2818.82
1367.01
709.758
470.345
390.913
379.243
409.089
422.563
372.472
2541.43
2479.54
1010.78
516.898
357.35
306.125
300.779
325.162
334.377
296.117
1828.78
1492.66
641.251
370.361
275.887
243.982
241.686
260.174
266.717
239.764
1099.34
685.836
410.814
279.468
221.135
200.555
199.418
212.703
217.708
200.583
823.932
512.071
320.194
225.462
185.386
171.969
171.329
180.486
184.568
175.247
691.1
411.703
256.814
188.856
163.143
155.283
154.692
160.59
163.889
160.344
581.078
328.89
210.291
165.691
151.014
146.958
146.487
149.679
152.117
152.788
479.104
260.253
178.104
152.558
145.396
143.626
143.341
144.64
146.115
150.185
375.817
205.183
157.649
145.926
143.206
142.617
142.512
142.907
143.473
150.987
264.647
164.823
146.484
143.112
142.49
142.376
142.355
142.419
142.473
154.43
2327.55
3896.24
4639.1
4532.89
4087.14
3694.75
3490.11
3471.88
3495.44
3249.71
2483.92
4046.18
4573.96
4246.87
3683.21
3259.68
3063.99
3067.27
3112.06
2881.91
2673.12
4198.29
4469.44
3924.46
3271.08
2840.99
2665.98
2691.83
2751.85
2533.75
2903.78
4350.14
4319.98
3569.2
2859.17
2445.42
2299.2
2345.99
2414.4
2206.21
3180.97
4496.35
4118.44
3185.58
2455.86
2078.07
1964.7
2028.21
2098.99
1899.7
3505.39
4628.73
3856.32
2779.58
2069.39
1742.7
1661.95
1736.96
1805.59
1615.03
3873
4737.36
3524.67
2360.03
1708.24
1441.41
1389.39
1471.69
1534.21
1353.25
4256.76
4805.64
3113.28
1939.4
1380.07
1174.89
1146.73
1232.08
1285.22
1115.71
4201.47
4576.78
2601.13
1534.12
1091.89
943.69
933.733
1018.08
1059.64
904.02
3682.9
3550.11
1977.05
1168.14
848.799
747.528
749.679
828.748
858.392
719.622
3138.63
2871.83
1489.17
875.464
651.726
584.111
592.99
663.239
682.111
563.451
2507.71
2232.47
1071.28
643.994
495.514
451.087
462.29
520.645
531.766
435.914
1696.84
1175.22
684.721
469.684
376.095
346.356
356.351
401.478
408.543
336.451
1135.37
768.492
503.069
356.475
288.205
266.799
273.844
307.279
312.901
263.031
947.764
613.25
388.547
274.145
224.623
210.019
213.991
237.73
243.513
212.214
804.305
486.357
299.195
215.038
182.47
173.708
175.157
190.915
196.923
179.544
677.34
378.684
232.966
177.108
158.325
153.862
154.162
163.016
168.273
160.235
555.791
290.09
188.498
156.532
147.418
145.406
145.303
149.279
152.518
149.951
430.9
220.614
161.674
147.077
143.641
142.936
142.818
144.202
145.309
145.132
294.602
170.38
147.537
143.333
142.546
142.409
142.381
142.67
142.723
142.992
2724.77
4466.11
5348.4
5367.45
5047.09
4766.06
4641.92
4671.68
4660.18
4206.99
2880.34
4609.11
5267.35
5049.21
4589.22
4257.72
4133
4188.8
4213.98
3784.5
3059.81
4743.13
5137.38
4685.56
4115.6
3761.36
3650.57
3734.13
3788.29
3378.47
3273.06
4867.38
4955.5
4282.42
3637.74
3287.2
3200.68
3310.15
3383.7
2990.79
3527.66
4977.56
4715.9
3845.78
3165.69
2841.79
2785.75
2915.52
2999.29
2621.8
3822.67
5064.43
4412.85
3384.33
2710.62
2431.28
2405.76
2548.33
2635.51
2272.13
4147
5113.37
4038.26
2908.18
2282.33
2058.22
2057.51
2207.13
2290.91
1942.36
4476.2
5106.43
3585.88
2429.24
1888.95
1721.99
1739.69
1891.73
1964.87
1633.8
4573.99
4973.77
3046.38
1964.33
1535.44
1421.36
1452.59
1602.22
1658.43
1348.92
4065.99
4059.7
2369.17
1533.99
1227.33
1155.44
1195.14
1338.12
1375.47
1090.91
3438.31
3179.33
1785.17
1176.7
966.733
922.477
965.714
1099.29
1115.97
862.393
2684.58
2289.22
1291.34
889.023
749.401
721.058
763.131
881.114
881.444
666.207
1798.58
1279.84
878.002
665.715
571.221
550.685
586.704
682.017
676.082
504.9
1367.5
976.085
671.469
504.056
427.358
410.636
437.167
509.77
503.804
378.928
1161.43
780.821
511.222
373.042
313.804
301.281
317.389
371.155
369.543
286.505
988.072
609.537
377.946
271.931
230.541
223.203
230.868
268.73
272.436
223.224
825.738
458.405
274.777
202.696
178.1
174.659
177.673
201.419
208.126
183.29
665.434
333.73
205.618
164.689
152.755
151.1
151.908
164.371
169.81
160.527
504.174
241.011
167.458
149.172
144.726
143.991
143.88
148.918
150.99
149.139
333.137
177.472
148.949
143.688
142.669
142.523
142.477
143.767
143.676
143.935
3240.98
5168.12
6198.57
6383.2
6252.27
6131.19
6098
6144.93
6004.95
5215.39
3422.81
5331.59
6122.66
6047.96
5747.84
5549.03
5503.48
5586.88
5507.75
4750.02
3612.77
5468.51
5981.56
5651.43
5211.92
4965.68
4926.42
5049
5022.68
4295.93
3814.24
5578.94
5776.44
5202.67
4660.89
4398.07
4377.82
4536.42
4554.55
3857.67
4058.12
5669.9
5502.63
4705.91
4105.92
3856.6
3864.81
4053.53
4104.79
3436.33
4352.67
5741.38
5164.47
4182.19
3568.97
3357.18
3394.53
3601.29
3675.19
3031.81
4680.15
5774.53
4754.97
3644.56
3063.74
2904.49
2963.95
3178.58
3264.51
2644.33
5008.03
5737.67
4257.71
3103.2
2600.1
2495.46
2567.97
2782.1
2867.36
2273.12
5109.81
5562.72
3664.75
2572.32
2177.26
2123.22
2204.3
2412.56
2481.91
1919.88
4593.97
4714.38
2927.74
2070.66
1798.79
1783.1
1871.88
2075.14
2116.93
1587.97
3943.58
3696.24
2250.67
1642.15
1467.23
1472.42
1564.01
1767.6
1769.48
1281.57
3147.97
2629.63
1672.98
1288.11
1177.55
1188.93
1278.26
1474.62
1437.17
1005.21
2205.36
1645.51
1209.25
999.875
924.262
932.367
1013.57
1183.29
1126.97
765.8
1731.3
1291.78
945.889
772.175
702.055
703.905
767.138
902.166
846.633
569.312
1487.15
1044.63
726.054
571.447
508.518
506.753
548.607
653.242
611.869
416.922
1273.75
816.623
530.176
398.848
347.655
347.582
372.106
451.94
429.52
306.032
1057.9
596.929
360.813
265.904
232.145
233.829
246.405
304.146
297.53
230.388
827.158
404.221
238.69
184.482
168.152
169.178
173.83
211.063
212.343
184.03
598.471
268.083
176.83
153.919
147.875
147.554
147.56
165.44
166.868
158.841
380.149
186.267
151.028
144.431
143.001
142.95
142.83
148.554
146.883
146.431
3843.39
5934.87
7137.92
7564.33
7724.17
7826.08
7878.56
7870.16
7442.91
6166.84
4102.45
6163.96
7103.07
7242.43
7199.01
7189.66
7214.19
7260.52
6915.56
5675.51
4345.05
6337.76
6972.97
6832.88
6611.34
6520.07
6540.22
6642.76
6383.78
5186.49
4508.09
6424.25
6746.14
6345.38
5981.43
5837.89
5867.03
6018.69
5854.69
4709.12
4716.59
6484.05
6429.53
5771.72
5314.55
5162.83
5219.21
5421.77
5340.62
4247.97
5009.49
6547.25
6057.75
5171.18
4669.66
4545.22
4632.35
4863.9
4847.06
3803.58
5349.57
6600.45
5630.75
4563.34
4070.59
3997.8
4105.47
4342.8
4372.62
3375.44
5686.79
6581.85
5110.46
3965.88
3532.37
3516.14
3630.22
3860.66
3923.83
2961.55
5748.98
6410.41
4476.15
3369.88
3045.48
3080.3
3203.08
3416.87
3497.77
2560.97
5233.13
5546.62
3666.6
2796.68
2599.44
2673.95
2809.08
3024.06
3063.16
2169.75
4600.21
4430.28
2894.86
2294.61
2199.61
2292.39
2434.14
2669.33
2642.53
1796.25
3808.2
3234.67
2223.17
1870.78
1838.51
1929.46
2071.89
2322.87
2214.66
1442.54
2815.83
2158.22
1680.18
1516.6
1506.14
1581.34
1718.34
1953.8
1768.39
1117.25
2232.71
1724.33
1355.43
1218.74
1197.16
1248.6
1365.25
1556.98
1364.25
840.837
1938.1
1422.49
1077.7
940.6
896.702
931.013
1013.78
1170.97
1009.17
616.765
1689.16
1145.33
810.398
663.007
610.967
639.255
691.981
823.484
706.986
444.121
1424.37
841.202
539.152
415.615
373.419
397.206
426.961
540.449
467.005
317.596
1088.58
534.769
312.541
235.373
213.784
228.729
241.467
337.67
298.143
233.249
721.85
306.181
195.368
166.14
157.669
160.061
159.625
219.125
199.869
182.541
436.361
197.538
155.021
146.446
144.028
144.641
144.097
169.377
155.558
154.208
4416.55
6627.18
8080.91
8872.68
9454.39
9838.85
9942.36
9742.02
8825.6
6924.08
4827.41
6991.01
8155.93
8617.69
8973.15
9215.21
9269.75
9143.52
8308.21
6432.51
5205.27
7272.88
8099.48
8231.79
8372.37
8497.05
8527.64
8468.89
7745.52
5926.03
5287.07
7309.01
7831.19
7713.63
7653.81
7655.26
7681.89
7695.76
7153.28
5422.73
5465.81
7301.49
7432.35
7043.24
6829.04
6785.94
6831.32
6934.43
6556.93
4932.58
5753.92
7360.73
7015.53
6346.27
6036.56
6001.09
6076.75
6235.56
6007.74
4466.54
6100.39
7445.13
6583.85
5654.89
5313.56
5329.46
5429.22
5605.96
5513.6
4019.93
6435.02
7483.38
6077.27
5003.45
4692.8
4770.14
4878.58
5030.96
5008.96
3580.9
6386.12
7376.71
5442.61
4360.65
4150.86
4285.22
4407.98
4526.25
4510.91
3148.61
5910.34
6574.48
4589.9
3725.66
3647.39
3831.59
3977.02
4108
4036.61
2729.19
5344.67
5377.32
3721.74
3150.21
3189.95
3400.48
3562.62
3734.58
3589.42
2319.86
4619.29
4016.03
2931.3
2653.73
2769.6
2979.75
3151.45
3365.04
3124.41
1917.82
3650.62
2804.15
2284.7
2236.61
2370.95
2558.89
2732.64
2956.09
2602.87
1530.77
2882.82
2242.04
1888.89
1885.4
1986.55
2134.46
2289.71
2465.94
2049.81
1175.28
2487.96
1865.04
1568.94
1535.97
1570.39
1684.94
1803.57
1934.32
1521.05
874.744
2181.78
1540.98
1252.19
1132.43
1116.97
1215.66
1301.57
1425.52
1092.81
639.704
1874.68
1186.09
879.932
714.868
687.861
771.476
826.242
971.124
734.674
461.179
1474.4
753.316
493.379
356.165
341.479
407.371
426.507
604.537
448.347
330.348
892.499
363.842
241.165
198.425
188.207
202.216
197.704
362.808
270.475
242.982
509.832
214.102
166.005
152.796
147.256
151.395
148.515
259.499
180.702
181.89
4716.09
7020.58
8877.65
10231.9
11339.9
12019.3
12099.2
11502.7
9917.01
7329.07
5262.51
7556.19
9121.76
10136.2
11004.3
11514.5
11538.2
11019.6
9478.96
6879
5818.52
8019.97
9202.23
9850.35
10480.7
10834.4
10804.7
10360.1
8929.41
6386.83
6104.53
8113.43
8931.26
9295.38
9676.56
9828.73
9741.81
9422.13
8298.94
5881.39
6274.79
8052.53
8431.03
8493.02
8655.84
8704.03
8625.17
8471
7652.76
5384.03
6526.42
8089.85
7977.62
7690.02
7675.15
7688.55
7647.29
7599.01
7032.63
4904.93
6813.71
8156.24
7543.62
6911.82
6794.03
6855.65
6847.31
6827.16
6434.05
4443.15
7018.07
8206.32
7050.95
6205.59
6073.36
6207.27
6214.16
6157.52
5894.42
4004.77
6836.35
8119.29
6435.14
5527.27
5478.54
5683.99
5715.9
5611.99
5380.45
3578.72
6439.46
7389.18
5580.72
4850.54
4933.61
5205.72
5274.53
5190.07
4890.83
3157.96
5983.22
6262.88
4668.29
4211.71
4431.32
4752.1
4852.56
4822.22
4441.84
2741.97
5394.76
4916.59
3788.41
3641.19
3964.16
4304.37
4428.67
4456.96
3967.88
2323.01
4579.65
3611.77
3026.4
3159.51
3520.5
3845.85
3985.48
4041.39
3401.94
1904.95
3710.35
2860.46
2524.53
2754.86
3081.47
3364.04
3495.52
3501.47
2779.8
1512.63
3127.94
2333.45
2125.83
2342.1
2559.21
2802.25
2902.63
2853.85
2161.44
1167.08
2684.73
1897.41
1755.38
1831.38
1918.47
2142.63
2219.21
2172.96
1565.53
878.214
2262.37
1482.87
1320.79
1246.93
1237.38
1427.79
1490.98
1523.75
1054.61
657.869
1704.65
940.475
761.961
639.709
598.484
750.43
790.521
974.683
646.776
499.531
1095.02
440.212
347.307
290.572
246.39
300.689
290.742
618.382
378.258
388.652
644.173
243.109
203.795
174.363
155.629
177.451
162.626
651.732
235.14
288.168
4637.76
6988.01
9445.48
11493.2
13157.5
14078.4
13964.4
12730.2
10406.4
7220.17
5187.22
7620.69
9881.33
11627
13081.4
13839.7
13657.6
12464.3
10134.5
6862.81
5816.19
8238.2
10112
11502.1
12740.4
13332.5
13067.5
11941
9683.49
6434.35
6473
8612.69
9929.76
10928.4
11903.5
12220.1
11836.8
10943.4
9073.25
5967.4
6946.47
8738.64
9469.95
10033.8
10721.5
10841.6
10464.2
9845.88
8401.62
5492.53
7199.78
8731.8
8996.63
9166.57
9545.7
9556.51
9230.25
8804.92
7757.04
5031.07
7298
8686.26
8554.05
8348.22
8499.95
8521.59
8247.88
7884.75
7121.22
4585.91
7232.84
8606.69
8076.14
7601.27
7664.09
7754.86
7516.98
7114.84
6516.01
4158.54
6994.16
8371.92
7493.72
6895.31
7005.6
7182.28
6984.5
6528.56
5996.69
3756.35
6665.19
7724
6675.87
6191.37
6424.35
6691.33
6543.92
6104.25
5513.88
3360.82
6306.19
6805.56
5778.83
5506.89
5892.61
6240.53
6137.47
5753.4
5078.98
2964.27
5863.01
5699.36
4858.86
4865.5
5392.37
5798.41
5731.01
5409.57
4620.75
2559.77
5261.5
4536.03
3982.71
4293.29
4908.72
5341.42
5298
5005.83
4059.49
2151.38
4539.73
3632.49
3330.81
3783.03
4412.72
4845.11
4797.21
4445.37
3424.68
1758.18
3808.54
2900.04
2792.14
3250.25
3784
4217.43
4144.11
3707.25
2707.73
1393.31
3087.72
2235.84
2302.48
2628.54
2957.81
3402.31
3315.33
2855.2
2007.72
1091.14
2361.84
1577.69
1758.49
1909.89
1986.55
2408.65
2332.43
1956.81
1393.55
864.281
1743.72
959.335
1111.97
1073.12
988.393
1355.9
1301.85
1091.45
857.821
716.487
1343.04
504.443
593.313
476.902
349.791
560.046
453.71
391.32
464.248
663.923
1063.91
290.054
351.538
244.067
177.905
286.146
204.293
168.035
239.27
724.958
4304.54
6695.85
9821.16
12533.4
14598.2
15560.5
15028.8
12986.4
9991.53
6490.26
4726.92
7292.2
10445.4
12975.7
14943.9
15755.7
15123.8
13020.7
9941.61
6264.21
5169.75
7875.15
10819.8
13088.2
14920.7
15572.6
14843.4
12707.6
9659.1
5947.74
5652.01
8331.97
10716.9
12528
14062.7
14480.8
13661.6
11844
9204.61
5576.38
6176.31
8638.62
10449.6
11693.4
12816.8
12987.7
12165.2
10785.6
8631.53
5174.46
6644.62
8795.94
10077.3
10807.6
11528.3
11499.6
10728.7
9684.93
8013.8
4762.7
6890.35
8760.83
9657.86
9951.51
10354
10246.5
9545.81
8654.15
7364.45
4354.22
6861.29
8544.03
9202.88
9173.73
9407.74
9318.13
8672.36
7786.39
6755.57
3966.38
6668.07
8176.16
8658.09
8449.57
8667.54
8656.65
8066.66
7142.35
6220.75
3598.85
6384.11
7601.61
7891.17
7733.65
8045.36
8137.79
7609.71
6694.02
5763.74
3245.42
6045.35
6868.32
7054.23
7038.28
7503.46
7700.87
7221.1
6348.78
5336.77
2885.9
5622.79
6005.02
6158.58
6360.82
6990.68
7283.45
6842.88
6020.67
4888.53
2519.82
5061.92
5053.6
5210.94
5706.19
6461.54
6840.86
6432.82
5625.17
4373.3
2156.87
4344.59
4107.74
4402.74
5073.54
5877.94
6343.5
5937.61
5061.54
3759.78
1802.18
3515.43
3167.64
3663.34
4384.34
5119.16
5678.91
5253.72
4285.14
3074.1
1474.68
2749.72
2299.06
2948.86
3579.89
4108.83
4765.28
4333.01
3344.17
2374.29
1188.67
2138.42
1548.8
2244.61
2668.31
2900.45
3613.17
3179.63
2324.71
1753.47
955.443
1621.49
918.336
1582.48
1676.03
1597.03
2330.03
1884.34
1337.1
1230.38
763.968
1122.39
469.71
1035.1
816.352
553.288
1230.05
737.314
520.25
846.376
590.322
626.318
241.158
966.231
463.091
230.775
748.265
319.937
195.604
529.072
391.982
4111.75
6523.67
10056.2
13096.1
15098.9
15863.4
14723.5
11908.2
8534.91
5187.65
4454.63
7128.91
10930
13966.3
15925.7
16644.8
15270.3
12222.7
8664.04
5087.04
4757.22
7662.54
11513.2
14411.6
16351.1
16803.8
15401.6
12167.4
8574.33
4902.6
5013.92
7999.67
11432.3
13948
15714.8
16006.8
14595.2
11629.3
8335.56
4660.02
5233.66
8201.26
11230
13233.2
14647.9
14759.2
13374.2
10852.4
7941.38
4367.37
5408.9
8266.2
10910.2
12385.4
13402.7
13296.5
11965.2
9939.22
7480.29
4050.03
5536.49
8210.54
10513.7
11521.9
12173.4
11896.9
10639.4
8974.55
6934.22
3716.65
5589.21
8003.95
10073.2
10727.8
11136
10773.6
9586.25
8064.21
6392.89
3391.46
5537.61
7685.79
9553.3
9991.07
10297.6
9956.25
8844.06
7339.18
5878.1
3071.61
5352.92
7205.32
8885.73
9268.95
9614.31
9356.57
8317.52
6824.97
5426.41
2764.37
5045.65
6593.81
8138.45
8592.28
9069.01
8917.2
7920
6449.55
5003.02
2455.76
4642.32
5877.46
7324.2
7929.87
8562.7
8517.89
7550.82
6104.6
4560.38
2146.25
4182.1
5087.81
6453.16
7238.84
7991.69
8057.02
7127.83
5676.34
4056.18
1845.01
3711.6
4275.56
5605.03
6517.32
7312.32
7504.25
6593.86
5058.8
3468.35
1559.57
3245.37
3419.15
4741.76
5682.35
6409.55
6742.14
5839.57
4219.8
2854.68
1317.48
2785.41
2596.01
3837.66
4670.57
5189.05
5705.17
4811.8
3260.7
2261.96
1127.6
2316.92
1816.38
2917.68
3523.37
3727.82
4499.88
3560.25
2283.69
1806.48
1009.29
1834.97
1130.68
2012.09
2343.04
2165.89
3366.74
2251.35
1369.37
1500.58
956.794
1321.91
580.018
1068.02
1270.69
787.223
2594.93
1065.26
610.278
1479.96
969.658
768.644
279.679
588.522
1059.01
326.235
2760.52
552.094
233.026
1785.54
1004.77
3979.4
6329.01
9822.76
12647.3
14203.5
14336
12768.6
9546.01
6303.94
3592.43
4321.92
7099.5
11022.6
13950.1
15471.6
15509.7
13680.2
9996.73
6495.13
3570.43
4620.58
7732.26
11910.5
14753.2
16269
16166.4
14134.7
10144.4
6539.63
3490.75
4856.15
8083.32
11965.3
14571.6
16042.5
15918.7
13875.4
9990.05
6489.96
3366.13
5031.47
8262.43
11767.1
14052
15398.9
15239.4
13223.2
9611.32
6305.69
3194.83
5137.07
8247.45
11407
13359.4
14506.2
14263.7
12312.4
9071.1
6054.69
2992.83
5172.72
8114.29
10966.4
12607.2
13484.7
13104.3
11225.4
8382.34
5683.6
2760.82
5139.98
7852.5
10495.5
11871.6
12493
11946.3
10111.6
7652.86
5282.86
2523.9
5043.76
7554.53
10013.3
11171.2
11592.7
10928.8
9192.26
6975.01
4849.25
2276.31
4882.19
7144.72
9427.59
10467.3
10812.5
10160.1
8531.03
6408.84
4434.72
2034.19
4660.68
6639.11
8775.75
9778.76
10222.6
9660.48
8069.72
5952.36
4028.97
1789.19
4385.73
6049.56
8069.43
9084.85
9692.41
9241.4
7664.64
5505.5
3604.71
1545.38
4065.41
5391.51
7319.65
8349.4
9036.79
8674.42
7164.48
4952.33
3135.68
1312.14
3710.3
4702.49
6584.78
7558.41
8225.98
7872.78
6453.45
4260.66
2616.64
1092.29
3324.73
3902.66
5777.14
6628.5
7174.3
6805.51
5468.84
3458.05
2109.41
908.755
2920.72
3084.37
4877.44
5478.8
5835.45
5511.3
4330.75
2616.22
1617.2
756.473
2509.83
2243.38
3903.7
4135.29
4299.74
4138.6
3144.21
1836.35
1231.29
649.205
2104.9
1465.3
2920.34
2660.19
2659.44
2827.39
1964.06
1134.36
889.271
575.838
1711.89
776.946
2026.99
1198.08
1107.24
1800.57
923.862
581.885
643.737
546.085
1352.06
361.153
2010.84
486.903
391.92
1718.17
393.551
245.558
406.51
557.898
3636.28
5608
8614.35
10814.2
11763.8
11320.3
9447.44
6503.62
3935.91
2119.69
3985.95
6501.62
10001.5
12317.3
13214
12607.5
10382.7
6914.45
4070.18
2120.46
4299.49
7250.79
11044.7
13351.7
14263.7
13516.3
11001.2
7148.23
4137.44
2091.27
4557.98
7711.11
11336
13548.1
14500.4
13797.1
11226.7
7237.12
4168.4
2036.06
4759.13
7990.4
11289.2
13357.9
14322.6
13686.1
11139.8
7150.12
4120.1
1950.34
4891.05
8084.76
11021.5
12915.4
13858.3
13269.6
10793.8
6941.64
4036.17
1840.94
4948.18
7956
10666.2
12390
13183.8
12601.5
10191.5
6556.36
3829.08
1702.99
4934.33
7747.62
10254.2
11789.4
12440.3
11797.1
9461.12
6099.16
3587.35
1553.66
4852.58
7447.18
9763.59
11139.1
11662.8
10929.1
8674.7
5571.23
3280.25
1391.5
4707.19
7081.34
9229.09
10462.7
10892.4
10106.8
7948.6
5057.42
2970.73
1230.8
4502.67
6636.52
8632.71
9754.6
10179.6
9421.58
7341.03
4567.06
2638.69
1071.78
4244.99
6117.97
7987.93
9019.63
9479.16
8760.57
6752.79
4068.87
2296.61
921.707
3940.97
5531.3
7310.74
8252.16
8712.49
7960.8
6051.92
3527.35
1962.75
787.184
3597.76
4855.64
6581.16
7421.64
7870.26
7023.82
5226.09
2938.47
1619.56
669.315
3224.13
4107.28
5824.71
6504.68
6920.05
5966.73
4316.28
2369.2
1331.27
579.959
2830.27
3248.21
4994.79
5464.6
5804.79
4788.43
3337.3
1803.95
1070.34
513.358
2431.1
2414.15
4031.98
4213.69
4575.9
3546.42
2388.31
1344.56
946.259
476.648
2037.33
1599.44
2959.95
2820.03
3243.04
2272.84
1480.65
938.23
896.929
452.129
1657
842.946
1815.98
1390.97
1897.17
1099.9
715.809
638.015
986.132
432.829
1313.53
362.113
1040.09
522.833
1001.23
402.7
256.084
385.096
1202.15
390.8
3055.8
4275.29
6535.34
7991.33
8397.34
7582.77
5803.62
3689.01
2078.09
1087.38
3366.82
5060.09
7846.18
9408.71
9740.45
8656.16
6474.04
3947.74
2149.5
1090.02
3656.39
5739.83
8867.69
10510.7
10774.4
9518.8
6999.69
4137.42
2187.43
1075.99
3916.22
6262.65
9443.6
11107
11403.8
10113.2
7430.54
4274.34
2194.38
1045.79
4136.29
6650.53
9705.7
11356.7
11710.8
10441.9
7664.26
4318.78
2162.14
999.193
4300.78
6879.53
9723.76
11316.4
11726.7
10539.5
7755.93
4294.7
2099.4
938.559
4394.81
6895.69
9538.94
11030.3
11418.8
10291.8
7544.63
4136.2
1991.72
864.486
4417.85
6778.6
9241.06
10607.1
10923.6
9825.65
7167.17
3903.99
1859.44
781.924
4369.97
6561.21
8836.97
10056.7
10278.4
9142.44
6596.62
3553.4
1680.6
692.082
4254.7
6260.87
8357.34
9424.99
9553.12
8392.4
5979.93
3170
1485.24
602.42
4076.65
5874.66
7797.08
8713.24
8788.26
7640.6
5350.77
2760.48
1267.59
516.245
3842.88
5407.03
7167.81
7950.02
8004.18
6874.66
4713.58
2345.61
1049.99
439.84
3562.07
4862.6
6488.4
7160.35
7199.9
6045.07
4050.59
1943.3
859.009
377.517
3243.65
4235.3
5769.59
6341.59
6383.59
5162.23
3344.86
1551.72
694.191
329.284
2899.3
3534.49
5051.15
5514.34
5585.45
4318.85
2697
1255.07
586.166
296.319
2540.78
2791.38
4341.99
4653.32
4818.05
3477.82
2052.05
1013.46
509.374
272.566
2183.2
2096.1
3716.93
3799.66
4202
2754.48
1563.82
893.35
474.384
256.048
1830.34
1430.59
3255.31
2931.66
3722.92
2032.12
1099.8
842.647
456.268
240.497
1485.06
816.189
3162.45
2039.23
3472.79
1349.71
743.211
910.28
452.755
222.928
1157.35
361.296
3908.53
1229.94
3674.83
733.119
406.956
1096.97
439.214
198.503
2237.52
2753.7
4146.59
4892.53
4889.92
4108.67
2884.95
1742.34
960.414
517.445
2468
3272.74
5091.08
5899.21
5802.85
4776.16
3255.35
1898.51
1009.51
526.004
2692.99
3756.15
5939.74
6816.69
6642.3
5400.63
3610.64
2035.95
1044.03
526.677
2914.38
4257.87
6760.59
7705.1
7483.44
6040.48
3959.23
2148.89
1060.71
518.638
3117.23
4672.63
7324.39
8348.25
8132.68
6571.06
4246.61
2219.27
1054.78
501.322
3287.71
5028.75
7709.45
8813.22
8658.87
7036.26
4484.08
2242.38
1024.97
475.203
3402.76
5152.74
7790.72
8889.46
8780.2
7205.18
4561.45
2193.94
968.527
441.21
3458.59
5147.5
7703.36
8787.62
8669.13
7182.76
4525.84
2083.99
890.041
401.737
3450.78
5032.13
7440.47
8443.49
8282.49
6774.03
4252.67
1894.31
791.007
359.206
3381.12
4831.33
7070.68
7944.39
7706.87
6203.18
3846.55
1658.52
682.983
317.306
3252.77
4545.6
6592.36
7274.99
6950.07
5483.49
3299.35
1384.5
573.125
278.784
3072.46
4178.06
6001.12
6483.03
6088.91
4685.34
2693.38
1111.86
473.455
246.228
2849.25
3731.09
5295.53
5623.22
5196.91
3857.11
2117.98
877.358
392.349
220.685
2593
3205.49
4485.64
4709.92
4298.77
2983.64
1586.01
685.89
330.08
201.571
2316.78
2625.58
3648.57
3857.13
3494.93
2322.27
1229.84
559.42
288.019
187.987
2031.41
2024.38
2790.92
3025.39
2778.52
1747.41
952.696
470.396
258.344
177.894
1751.63
1561.36
2052.38
2487.02
2422.32
1414.81
821.767
424.82
239.209
170.196
1471.98
1121.94
1342.89
2144.66
2246.37
1120.51
748.389
397.104
223.714
163.397
1192.06
769.39
835.548
2215.16
2408.88
899.667
770.836
385.74
209.679
156.977
908.975
419.902
389.702
2659.14
2797.99
583.33
876.575
371.087
192.598
150.468
1274.3
1529.7
2247.16
2468.09
2290.52
1757.13
1128.94
654.498
378.453
241.146
1390.22
1823.03
2850.94
3110.26
2845.88
2125.77
1321.86
734.952
405.791
248.256
1505.49
2124.66
3436.35
3741.25
3400.16
2510.74
1523.71
814.787
430.683
253.66
1629.75
2517.41
4183.44
4509.93
4078.68
2974.75
1752.01
895.664
452.442
256.893
1751.11
2856.83
4832.36
5196.3
4702.87
3421.82
1967.35
964.494
467.4
257.218
1864.79
3226.14
5535.57
5936.64
5389.92
3917.29
2185.93
1021.16
474.725
254.392
1950.34
3413.51
5878.47
6355.28
5831.95
4271.26
2332.23
1045.55
470.074
247.935
2004.92
3524.5
6074.53
6659.41
6193.91
4578.63
2431.05
1040.83
454.439
238.333
2021.87
3516.16
6011.49
6629.84
6190.26
4584.16
2381.68
986.219
424.933
225.791
2000.63
3441.6
5841.66
6436.46
5972.56
4388.73
2224.27
896.09
386.495
211.78
1941.38
3289.38
5560.19
5988.13
5444.53
3897.81
1933.23
772.665
341.769
197.402
1848.46
3062.99
5150.11
5343.34
4709.37
3237.37
1578.53
639.416
297.207
184.123
1728.69
2766.87
4584.66
4596.83
3916.17
2582.16
1243.58
518.676
258.069
172.907
1588.66
2384.86
3831.83
3703.37
3042.9
1923.63
933.086
413.484
225.205
163.888
1437.67
1985.62
3077.6
2924.98
2368.53
1474.91
723.435
339.616
201.438
157.282
1280.51
1556.08
2280.41
2141.86
1717.47
1067.14
544.913
279.888
182.767
152.289
1126.8
1283.45
1802.73
1675.56
1341.1
843.301
443.33
242.418
170.268
148.84
962.426
1025.62
1354.3
1244.73
997.033
646.572
356.885
211.359
160.305
146.258
778.214
906.279
1146.17
1026.52
827.547
549.501
308.658
191.27
153.528
144.512
545.909
813.673
952.881
826.94
666.911
457.159
261.584
172.245
147.795
143.261
)
;

boundaryField
{
    side
    {
        type            greyDiffusiveRadiation;
        refValue        nonuniform List<scalar> 
800
(
0
0
0
0
0
0
0
0
0
0
0
0
0
0
0
0
0
0
0
0
0
0
0
0
0
0
0
0
0
0
0
0
0
0
0
0
0
0
0
0
0
0
0
0
0
0
0
0
0
0
0
0
0
0
0
0
0
0
0
0
0
0
0
0
0
0
0
0
0
0
0
0
0
0
0
0
0
0
0
0
0
0
0
0
0
0
0
0
0
0
0
0
0
0
0
0
0
0
0
0
0
0
0
0
0
0
0
0
0
0
0
0
0
0
0
0
0
0
0
0
0
0
0
0
0
0
0
0
0
0
0
0
0
0
0
0
0
0
0
0
0
0
0
0
0
0
0
0
0
0
0
0
0
0
0
0
0
0
0
0
0
0
0
0
0
0
0
0
0
0
0
0
0
0
0
0
0
0
0
0
0
0
0
0
0
0
0
0
0
0
0
0
0
0
0
0
0
0
0
0
0
0
0
0
0
0
0
0
0
0
0
0
0
0
0
0
0
0
0
0
0
0
0
0
0
0
0
0
0
0
0
0
0
0
0
0
0
0
0
0
0
0
0
0
0
0
0
0
0
0
0
0
0
0
0
0
0
0
0
0
0
0
0
0
0
0
0
0
0
0
0
0
0
0
0
0
0
0
0
0
0
0
0
0
0
0
0
0
0
0
0
0
0
0
0
0
0
0
0
0
0
0
0
0
0
0
0
0
0
0
0
0
0
0
0
0
0
0
0
0
0
0
0
0
0
0
0
0
0
0
0
0
0
0
0
0
0
0
0
0
0
0
0
0
0
0
0
0
0
0
0
0
0
0
0
0
0
0
0
0
0
0
0
0
0
0
0
0
0
0
0
0
0
0
0
0
0
0
0
0
0
0
0
0
0
0
0
0
0
0
0
0
0
0
0
0
0
0
0
0
0
0
0
0
0
0
0
0
0
0
0
0
0
0
0
0
0
0
0
0
0
0
0
0
0
0
0
0
0
0
0
0
0
0
0
0
0
0
0
0
0
0
0
0
0
0
0
0
0
0
0
0
0
0
0
0
0
0
0
0
0
0
0
0
0
0
0
0
0
0
0
0
0
0
0
0
0
0
0
0
0
0
0
0
0
0
0
0
0
0
0
0
0
0
0
0
0
0
0
0
0
0
0
0
0
0
0
0
0
0
0
0
0
0
0
0
0
0
0
0
0
0
0
0
0
0
0
0
0
0
0
0
0
0
0
0
0
0
0
0
0
0
0
0
0
0
0
0
0
0
0
0
0
0
0
0
0
0
0
0
0
0
0
0
0
0
0
0
0
0
0
0
0
0
0
0
0
0
0
0
0
0
0
0
0
0
0
0
0
0
0
0
0
0
0
0
0
0
0
0
142.341
142.341
152.176
142.341
142.341
142.341
142.341
142.341
142.341
142.341
142.341
142.341
884.774
142.341
142.341
1024.08
1015.65
860.259
642.671
248.186
142.341
142.341
142.341
142.341
142.341
142.341
142.341
142.341
142.341
142.341
142.341
142.341
142.341
142.341
142.341
142.341
142.341
142.341
142.341
851.234
142.341
142.341
142.341
142.341
142.341
142.341
142.341
142.341
142.341
142.341
142.341
142.341
142.341
1247.36
142.341
2689.46
142.341
5867.03
142.341
970.047
142.341
142.341
142.341
142.341
142.341
142.341
142.341
142.341
142.341
142.341
142.341
142.341
142.341
142.341
1355.55
142.341
142.341
142.341
3756.24
805.195
142.341
142.341
142.341
142.341
142.341
142.341
142.341
142.341
142.341
142.341
142.341
142.341
142.341
142.341
142.341
142.341
142.341
4476.86
3559.96
639.992
142.341
142.341
142.341
142.341
142.341
142.341
142.341
142.341
142.341
142.341
142.341
142.341
142.341
142.341
3623.72
2448.89
142.341
142.341
142.341
423.855
142.341
142.341
142.341
142.341
142.341
142.341
142.341
142.341
142.341
142.341
142.341
142.341
142.341
142.341
142.341
142.341
142.341
142.341
1143.53
231.249
142.341
142.341
142.341
142.341
142.341
142.341
142.341
142.341
142.341
142.341
142.341
921.867
142.341
142.341
142.341
142.341
142.341
1486.62
335.192
158.525
142.341
142.341
142.341
142.341
142.341
142.341
142.341
142.341
142.341
142.341
142.341
142.341
142.341
142.341
2585.97
142.341
1631.01
388.457
171.322
144.057
142.341
142.341
142.341
143.062
146.035
160.9
142.341
142.341
142.341
142.341
142.341
142.341
941.808
142.341
1000.12
645.75
290.459
165.652
144.309
142.57
)
;
        refGradient     uniform 0;
        valueFraction   nonuniform List<scalar> 
800
(
0
0
0
0
0
0
0
0
0
0
0
0
0
0
0
0
0
0
0
0
0
0
0
0
0
0
0
0
0
0
0
0
0
0
0
0
0
0
0
0
0
0
0
0
0
0
0
0
0
0
0
0
0
0
0
0
0
0
0
0
0
0
0
0
0
0
0
0
0
0
0
0
0
0
0
0
0
0
0
0
0
0
0
0
0
0
0
0
0
0
0
0
0
0
0
0
0
0
0
0
0
0
0
0
0
0
0
0
0
0
0
0
0
0
0
0
0
0
0
0
0
0
0
0
0
0
0
0
0
0
0
0
0
0
0
0
0
0
0
0
0
0
0
0
0
0
0
0
0
0
0
0
0
0
0
0
0
0
0
0
0
0
0
0
0
0
0
0
0
0
0
0
0
0
0
0
0
0
0
0
0
0
0
0
0
0
0
0
0
0
0
0
0
0
0
0
0
0
0
0
0
0
0
0
0
0
0
0
0
0
0
0
0
0
0
0
0
0
0
0
0
0
0
0
0
0
0
0
0
0
0
0
0
0
0
0
0
0
0
0
0
0
0
0
0
0
0
0
0
0
0
0
0
0
0
0
0
0
0
0
0
0
0
0
0
0
0
0
0
0
0
0
0
0
0
0
0
0
0
0
0
0
0
0
0
0
0
0
0
0
0
0
0
0
0
0
0
0
0
0
0
0
0
0
0
0
0
0
0
0
0
0
0
0
0
0
0
0
0
0
0
0
0
0
0
0
0
0
0
0
0
0
0
0
0
0
0
0
0
0
0
0
0
0
0
0
0
0
0
0
0
0
0
0
0
0
0
0
0
0
0
0
0
0
0
0
0
0
0
0
0
0
0
0
0
0
0
0
0
0
0
0
0
0
0
0
0
0
0
0
0
0
0
0
0
0
0
0
0
0
0
0
0
0
0
0
0
0
0
0
0
0
0
0
0
0
0
0
0
0
0
0
0
0
0
0
0
0
0
0
0
0
0
0
0
0
0
0
0
0
0
0
0
0
0
0
0
0
0
0
0
0
0
0
0
0
0
0
0
0
0
0
0
0
0
0
0
0
0
0
0
0
0
0
0
0
0
0
0
0
0
0
0
0
0
0
0
0
0
0
0
0
0
0
0
0
0
0
0
0
0
0
0
0
0
0
0
0
0
0
0
0
0
0
0
0
0
0
0
0
0
0
0
0
0
0
0
0
0
0
0
0
0
0
0
0
0
0
0
0
0
0
0
0
0
0
0
0
0
0
0
0
0
0
0
0
0
0
0
0
0
0
0
0
0
0
0
0
0
0
0
0
0
0
0
0
0
0
0
0
0
0
0
0
0
0
0
0
0
0
0
0
0
0
0
0
0
0
0
0
1
1
1
1
1
1
1
1
1
1
1
1
1
1
1
1
1
1
1
1
1
1
1
1
1
1
1
1
1
1
1
1
1
1
1
1
1
1
1
1
1
1
1
1
1
1
1
1
1
1
1
1
1
1
1
1
1
1
1
1
1
1
1
1
1
1
1
1
1
1
1
1
1
1
1
1
1
1
1
1
1
1
1
1
1
1
1
1
1
1
1
1
1
1
1
1
1
1
1
1
1
1
1
1
1
1
1
1
1
1
1
1
1
1
1
1
1
1
1
1
1
1
1
1
1
1
1
1
1
1
1
1
1
1
1
1
1
1
1
1
1
1
1
1
1
1
1
1
1
1
1
1
1
1
1
1
1
1
1
1
1
1
1
1
1
1
1
1
1
1
1
1
1
1
1
1
1
1
1
1
1
1
1
1
1
1
1
1
1
1
1
1
1
1
1
1
1
1
1
1
)
;
        value           nonuniform List<scalar> 
800
(
429.693
362.904
308.297
264.491
230.089
203.701
183.989
169.7
159.688
152.942
148.588
145.911
144.345
143.472
142.999
142.739
142.585
142.482
142.409
142.362
593.122
497.001
416.234
349.521
295.481
252.65
219.541
194.664
176.575
163.91
155.418
149.999
146.722
144.851
143.833
143.286
142.968
142.748
142.569
142.426
846.321
710.56
593.251
493.381
409.811
341.235
286.233
243.264
210.713
186.925
170.255
159.133
152.12
147.975
145.686
144.492
143.861
143.456
143.093
142.709
1218.33
1032.64
867.828
723.35
598.537
492.533
404.312
332.615
275.973
232.695
200.92
178.671
163.942
154.824
149.617
146.918
145.653
145.051
144.593
143.96
1735.71
1491.78
1269.87
1070
892.072
735.915
601.221
487.434
393.712
318.823
261.142
218.648
188.978
169.559
157.836
151.49
148.601
147.691
147.638
147.449
2414.4
2107.96
1823.08
1560.31
1319.95
1102.52
908.564
738.521
592.679
470.89
372.472
296.117
239.764
200.583
175.247
160.344
152.788
150.185
150.987
154.43
3249.71
2881.91
2533.75
2206.21
1899.7
1615.03
1353.25
1115.71
904.02
719.622
563.451
435.914
336.451
263.031
212.214
179.544
160.235
149.951
145.132
142.992
4206.99
3784.5
3378.47
2990.79
2621.8
2272.13
1942.36
1633.8
1348.92
1090.91
862.393
666.207
504.9
378.928
286.505
223.224
183.29
160.527
149.139
143.935
5215.39
4750.02
4295.93
3857.67
3436.33
3031.81
2644.33
2273.12
1919.88
1587.97
1281.57
1005.21
765.8
569.312
416.922
306.032
230.388
184.03
158.841
146.431
6166.84
5675.51
5186.49
4709.12
4247.97
3803.58
3375.44
2961.55
2560.97
2169.75
1796.25
1442.54
1117.25
840.837
616.765
444.121
317.596
233.249
182.541
154.208
6924.08
6432.51
5926.03
5422.73
4932.58
4466.54
4019.93
3580.9
3148.61
2729.19
2319.86
1917.82
1530.77
1175.28
874.744
639.704
461.179
330.348
242.982
181.89
7329.07
6879
6386.83
5881.39
5384.03
4904.93
4443.15
4004.77
3578.72
3157.96
2741.97
2323.01
1904.95
1512.63
1167.08
878.214
657.869
499.531
388.652
288.168
7220.17
6862.81
6434.35
5967.4
5492.53
5031.07
4585.91
4158.54
3756.35
3360.82
2964.27
2559.77
2151.38
1758.18
1393.31
1091.14
864.281
716.487
663.923
724.958
6490.26
6264.21
5947.74
5576.38
5174.46
4762.7
4354.22
3966.38
3598.85
3245.42
2885.9
2519.82
2156.87
1802.18
1474.68
1188.67
955.443
763.968
590.322
391.982
5187.65
5087.04
4902.6
4660.02
4367.37
4050.03
3716.65
3391.46
3071.61
2764.37
2455.76
2146.25
1845.01
1559.57
1317.48
1127.6
1009.29
956.794
969.658
1004.77
3592.43
3570.43
3490.75
3366.13
3194.83
2992.83
2760.82
2523.9
2276.31
2034.19
1789.19
1545.38
1312.14
1092.29
908.755
756.473
649.205
575.838
546.085
557.898
2119.69
2120.46
2091.27
2036.06
1950.34
1840.94
1702.99
1553.66
1391.5
1230.8
1071.78
921.707
787.184
669.315
579.959
513.358
476.648
452.129
432.829
390.8
1087.38
1090.02
1075.99
1045.79
999.193
938.559
864.486
781.924
692.082
602.42
516.245
439.84
377.517
329.284
296.319
272.566
256.048
240.497
222.928
198.503
517.445
526.004
526.677
518.638
501.322
475.203
441.21
401.737
359.206
317.306
278.784
246.228
220.685
201.571
187.987
177.894
170.196
163.397
156.977
150.468
241.146
248.256
253.66
256.893
257.218
254.392
247.935
238.333
225.791
211.78
197.402
184.123
172.907
163.888
157.282
152.289
148.84
146.258
144.512
143.261
2703.1
2541.18
2145.01
1941.97
1926.93
2058.73
2327.55
2724.77
3240.98
3843.39
4416.55
4716.09
4637.76
4304.54
4111.75
3979.4
3636.28
3055.8
2237.52
1274.3
4467.31
4317.79
3727.2
3382.93
3322.67
3503.09
3896.24
4466.11
5168.12
5934.87
6627.18
7020.58
6988.01
6695.85
6523.67
6329.01
5608
4275.29
2753.7
1529.7
4132.46
4145.09
3885.23
3735.38
3808.25
4114.22
4639.1
5348.4
6198.57
7137.92
8080.91
8877.65
9445.48
9821.16
10056.2
9822.76
8614.35
6535.34
4146.59
2247.16
3130.25
3190.51
3166.73
3227.02
3459.19
3893.1
4532.89
5367.45
6383.2
7564.33
8872.68
10231.9
11493.2
12533.4
13096.1
12647.3
10814.2
7991.33
4892.53
2468.09
2109.46
2188.06
2284.63
2476.92
2821.22
3350.9
4087.14
5047.09
6252.27
7724.17
9454.39
11339.9
13157.5
14598.2
15098.9
14203.5
11763.8
8397.34
4889.92
2290.52
1341.12
1438.31
1597.09
1863
2277.67
2877.07
3694.75
4766.06
6131.19
7826.08
9838.85
12019.3
14078.4
15560.5
15863.4
14336
11320.3
7582.77
4108.67
1757.13
860.515
978.49
1175.29
1486.83
1950.94
2605.94
3490.11
4641.92
6098
7878.56
9942.36
12099.2
13964.4
15028.8
14723.5
12768.6
9447.44
5803.62
2884.95
1128.94
602.469
741.519
968.204
1317.03
1825.74
2532.4
3471.88
4671.68
6144.93
7870.16
9742.02
11502.7
12730.2
12986.4
11908.2
9546.01
6503.62
3689.01
1742.34
654.498
483.293
640.601
890.901
1268.41
1809.08
2544.77
3495.44
4660.18
6004.95
7442.91
8825.6
9917.01
10406.4
9991.53
8534.91
6303.94
3935.91
2078.09
960.414
378.453
429.693
593.122
846.321
1218.33
1735.71
2414.4
3249.71
4206.99
5215.39
6166.84
6924.08
7329.07
7220.17
6490.26
5187.65
3592.43
2119.69
1087.38
517.445
241.146
142.341
142.341
152.176
142.341
142.341
142.341
142.341
142.341
142.341
142.341
142.341
142.341
884.774
142.341
142.341
1024.08
1015.65
860.259
642.671
248.186
142.341
142.341
142.341
142.341
142.341
142.341
142.341
142.341
142.341
142.341
142.341
142.341
142.341
142.341
142.341
142.341
142.341
142.341
142.341
851.234
142.341
142.341
142.341
142.341
142.341
142.341
142.341
142.341
142.341
142.341
142.341
142.341
142.341
1247.36
142.341
2689.46
142.341
5867.03
142.341
970.047
142.341
142.341
142.341
142.341
142.341
142.341
142.341
142.341
142.341
142.341
142.341
142.341
142.341
142.341
1355.55
142.341
142.341
142.341
3756.24
805.195
142.341
142.341
142.341
142.341
142.341
142.341
142.341
142.341
142.341
142.341
142.341
142.341
142.341
142.341
142.341
142.341
142.341
4476.86
3559.96
639.992
142.341
142.341
142.341
142.341
142.341
142.341
142.341
142.341
142.341
142.341
142.341
142.341
142.341
142.341
3623.72
2448.89
142.341
142.341
142.341
423.855
142.341
142.341
142.341
142.341
142.341
142.341
142.341
142.341
142.341
142.341
142.341
142.341
142.341
142.341
142.341
142.341
142.341
142.341
1143.53
231.249
142.341
142.341
142.341
142.341
142.341
142.341
142.341
142.341
142.341
142.341
142.341
921.867
142.341
142.341
142.341
142.341
142.341
1486.62
335.192
158.525
142.341
142.341
142.341
142.341
142.341
142.341
142.341
142.341
142.341
142.341
142.341
142.341
142.341
142.341
2585.97
142.341
1631.01
388.457
171.322
144.057
142.341
142.341
142.341
143.062
146.035
160.9
142.341
142.341
142.341
142.341
142.341
142.341
941.808
142.341
1000.12
645.75
290.459
165.652
144.309
142.57
)
;
        emissivityMode  lookup;
        emissivity      uniform 1;
    }
    outlet
    {
        type            greyDiffusiveRadiation;
        refValue        nonuniform List<scalar> 
200
(
248.033
251.84
251.199
270.486
281.21
305.661
317.23
327.19
334.768
340.484
340.477
334.791
327.274
317.359
305.785
281.344
270.628
251.341
251.989
248.186
850.931
1210.38
1363.65
2042.19
2414.72
3412.23
3860.33
4321.56
4480.03
4588.83
4588.93
4480.55
4323.59
3863.44
3415.2
2417.23
2044.51
1365.26
1211.8
851.234
969.731
1782.62
2077.01
3274.75
3936.6
5773
6587.12
7526.56
7727.43
7814.04
7814.94
7728.65
7528.91
6590.89
5777.18
3940.59
3278.36
2079.15
1784.56
970.047
804.548
1484.31
1752.01
2740.92
3287.42
4904.29
5659.5
6915.99
7350.85
7838.83
7839.42
7353.95
6920
5661.75
4907.06
3290.36
2743.91
1754.08
1486.06
805.195
638.86
1137.29
1297.86
2058.39
2464.09
3775.85
4440.05
5806.85
6395.62
7005.36
7005.93
6398.88
5816.61
4445.75
3779.86
2467.15
2061.3
1299.8
1138.96
639.992
423.392
632.797
699.861
1077.75
1283.83
2043.15
2466.96
3557.7
4101
4711.16
4711.61
4106.28
3563.98
2469.39
2045.57
1285.91
1079.62
701.044
633.962
423.855
231.051
296.669
319.4
444.657
515.896
767.811
921.982
1299.92
1512.76
1740.89
1741.19
1514.11
1301.12
922.905
768.764
516.629
445.315
319.834
297.065
231.249
158.475
175.684
182.429
211.34
229.342
281.092
315.313
387.371
427.084
466.544
466.613
427.239
387.546
315.511
281.3
229.509
211.496
182.531
175.781
158.525
144.051
147.568
149.555
156.05
161.122
173.003
181.91
198.025
207.456
215.881
215.898
207.487
198.066
181.959
173.054
161.162
156.085
149.576
147.586
144.057
142.57
142.791
143.012
143.649
144.289
145.663
146.857
148.82
150.062
151.068
151.07
150.066
148.825
146.864
145.669
144.293
143.652
143.014
142.792
142.57
)
;
        refGradient     uniform 0;
        valueFraction   uniform 1;
        value           nonuniform List<scalar> 
200
(
248.033
251.84
251.199
270.486
281.21
305.661
317.23
327.19
334.768
340.484
340.477
334.791
327.274
317.359
305.785
281.344
270.628
251.341
251.989
248.186
850.931
1210.38
1363.65
2042.19
2414.72
3412.23
3860.33
4321.56
4480.03
4588.83
4588.93
4480.55
4323.59
3863.44
3415.2
2417.23
2044.51
1365.26
1211.8
851.234
969.731
1782.62
2077.01
3274.75
3936.6
5773
6587.12
7526.56
7727.43
7814.04
7814.94
7728.65
7528.91
6590.89
5777.18
3940.59
3278.36
2079.15
1784.56
970.047
804.548
1484.31
1752.01
2740.92
3287.42
4904.29
5659.5
6915.99
7350.85
7838.83
7839.42
7353.95
6920
5661.75
4907.06
3290.36
2743.91
1754.08
1486.06
805.195
638.86
1137.29
1297.86
2058.39
2464.09
3775.85
4440.05
5806.85
6395.62
7005.36
7005.93
6398.88
5816.61
4445.75
3779.86
2467.15
2061.3
1299.8
1138.96
639.992
423.392
632.797
699.861
1077.75
1283.83
2043.15
2466.96
3557.7
4101
4711.16
4711.61
4106.28
3563.98
2469.39
2045.57
1285.91
1079.62
701.044
633.962
423.855
231.051
296.669
319.4
444.657
515.896
767.811
921.982
1299.92
1512.76
1740.89
1741.19
1514.11
1301.12
922.905
768.764
516.629
445.315
319.834
297.065
231.249
158.475
175.684
182.429
211.34
229.342
281.092
315.313
387.371
427.084
466.544
466.613
427.239
387.546
315.511
281.3
229.509
211.496
182.531
175.781
158.525
144.051
147.568
149.555
156.05
161.122
173.003
181.91
198.025
207.456
215.881
215.898
207.487
198.066
181.959
173.054
161.162
156.085
149.576
147.586
144.057
142.57
142.791
143.012
143.649
144.289
145.663
146.857
148.82
150.062
151.068
151.07
150.066
148.825
146.864
145.669
144.293
143.652
143.014
142.792
142.57
)
;
        emissivityMode  lookup;
        emissivity      uniform 1;
    }
    ground
    {
        type            greyDiffusiveRadiation;
        refValue        uniform 0;
        refGradient     uniform 0;
        valueFraction   uniform 0;
        value           nonuniform List<scalar> 
160
(
4132.46
4086.51
3897.56
3602.72
3259.88
2922.67
2622.17
2368.25
2155.83
1957.24
1745.16
1514.28
1268.49
1017.55
781.076
574.251
402.841
274.204
190.205
148.125
3130.25
2922.51
2665.63
2382.62
2099.14
1835.45
1601.05
1395.5
1211.22
1037.91
870.266
710.615
564.246
437.049
333.921
255.923
201.326
167.388
149.828
143.21
2109.46
1884.19
1654.41
1431.64
1225.61
1042.09
882.23
743.741
622.77
516.1
422.699
343.303
278.736
229.074
193.312
169.372
154.751
146.941
143.533
142.474
1341.12
1156.16
984.344
829.735
694.691
579.592
483.14
403.091
337.073
283.203
240.216
207.142
182.865
166.024
155.081
148.496
144.902
143.194
142.539
142.363
860.515
724.436
605.573
504.255
419.915
351.189
296.216
252.98
219.573
194.348
175.888
162.924
154.254
148.781
145.544
143.775
142.897
142.517
142.381
142.346
602.469
503.219
419.974
351.63
296.736
253.593
220.432
195.539
177.344
164.465
155.691
149.987
146.466
144.423
143.312
142.755
142.499
142.393
142.355
142.343
483.293
405.491
341.488
289.853
249.067
217.564
193.825
176.427
164.071
155.615
150.068
146.606
144.559
143.423
142.833
142.549
142.423
142.371
142.351
142.343
429.693
362.904
308.297
264.491
230.089
203.701
183.989
169.7
159.688
152.942
148.588
145.911
144.345
143.472
142.999
142.739
142.585
142.482
142.409
142.362
)
;
        emissivityMode  lookup;
        emissivity      uniform 1;
    }
    inlet
    {
        type            greyDiffusiveRadiation;
        refValue        uniform 0;
        refGradient     uniform 0;
        valueFraction   uniform 0;
        value           nonuniform List<scalar> 
40
(
2703.1
3182.1
3391.17
3308.52
3047.23
2776.49
2615.21
2494.01
2381.27
2308.18
2241.1
2168.41
2085.19
1955.25
1799.5
1608.18
1315.19
946.721
553.093
241.517
4467.31
4883.41
4930.04
4692.76
4328.67
3946.27
3609.32
3327.96
3139.64
3012.85
2875.53
2704.83
2486.51
2195.38
1850.46
1493.25
1124.44
777.266
445.945
179.876
)
;
        emissivityMode  lookup;
        emissivity      uniform 1;
    }
    region0_to_pyrolysisRegion_coupledWall
    {
        type            greyDiffusiveRadiation;
        refValue        nonuniform List<scalar> 
400
(
579.032
895.53
1122.04
1199.7
1170.75
1092.56
1053.06
1018.51
972.418
960.822
960.851
972.694
1018.56
1053.11
1092.53
1170.78
1199.74
1122.11
895.624
579.089
593.732
801.755
1215.79
1684.69
1884.87
1794.98
1653.34
1551.65
1449.59
1391.78
1391.75
1449.62
1551.57
1653.33
1794.89
1884.87
1684.76
1215.9
801.805
593.751
592.247
703.59
893.637
1239.03
1926.45
2161.06
2113.44
2001.48
1827.75
1738.22
1738.03
1827.39
2001.22
2113.36
2160.95
1926.56
1239.11
893.687
703.636
592.264
624.233
690.41
795.279
968.805
1280.49
1925.9
2270.17
2346.06
2164.9
2016.16
2015.9
2164.32
2345.64
2270.02
1925.8
1280.47
968.766
795.287
690.469
624.263
694.913
733.026
793.818
897.562
1077.69
1404.36
2084.92
2468.09
2486.48
2275.73
2275.37
2485.29
2467.46
2084.58
1404.05
1077.56
897.471
793.815
733.13
694.974
808.132
826.343
858.258
923.552
1045.57
1259.56
1675.71
2379.77
2656.95
2512.29
2511.87
2655.62
2379.02
1675.11
1259.15
1045.4
923.452
858.267
826.499
808.225
969.045
973.431
985.298
1027.48
1122.22
1292.8
1581.99
2199.25
2753.79
2742.99
2742.57
2752.24
2198.28
1581.28
1292.36
1122.04
1027.4
985.333
973.626
969.157
1180.28
1180.38
1182.4
1214.38
1299.23
1458.4
1714.58
2199.52
2912.93
3042.14
3041.77
2911.4
2198.64
1713.85
1458.03
1299.07
1214.36
1182.46
1180.58
1180.39
1439.75
1453.2
1469.67
1506.96
1591.03
1752.61
2014.66
2490.33
3226.71
3414.62
3414.33
3225.33
2489.65
2013.97
1752.34
1590.92
1507
1469.76
1453.38
1439.86
1738.11
1799.78
1894.68
1952.55
2022.22
2181.53
2460.93
2972.99
3695.35
3885.34
3885.13
3694.23
2972.6
2460.39
2181.4
2022.19
1952.66
1894.8
1799.92
1738.24
2058.28
2224.2
2502.26
2538.65
2593.71
2760.41
3073.54
3660.02
4294.39
4477.81
4477.74
4293.59
3660.07
3073.24
2760.44
2593.76
2538.85
2502.42
2224.29
2058.45
2353.55
2627.9
3042.84
3250.3
3325.49
3526.04
3894.61
4468.34
4935.56
5087.19
5087.29
4935.1
4468.57
3894.55
3526.18
3325.58
3250.54
3042.99
2628
2353.78
2679.71
2972.67
3389.55
3874.29
4287.51
4622.34
4958.96
5307.72
5580.45
5672.04
5672.2
5580.27
5307.98
4959.05
4622.49
4287.54
3874.36
3389.75
2972.87
2680
2712.37
3144.72
3601.42
4057.72
4568.94
5128.95
5617.69
5933.2
6122.76
6186.01
6186.14
6122.7
5933.4
5617.73
5128.96
4568.93
4057.9
3601.81
3145.08
2712.8
2792.95
3313.67
3842.86
4300.6
4744.74
5152.38
5512.71
5798.54
6018.39
6125.19
6125.22
6018.28
5798.63
5512.76
5152.54
4744.97
4300.99
3843.41
3314.14
2793.41
3010.93
3541.29
4122.4
4616
5073.54
5457.08
5760.56
5969
6119.36
6190.38
6190.41
6119.35
5969.13
5760.68
5457.46
5073.95
4616.55
4123.02
3541.79
3011.36
3026.27
3608.22
4231.33
4772.03
5271.47
5706.57
6036.78
6279.39
6434.8
6512.03
6512.09
6434.95
6279.7
6037.16
5707.08
5271.99
4772.62
4231.88
3608.59
3026.59
3018.63
3568.65
4118.17
4644.4
5165.26
5660.01
6062.15
6370.63
6574.15
6677.71
6677.82
6574.43
6371.16
6062.8
5660.7
5165.91
4645.02
4118.62
3568.86
3018.75
2817.53
3274.46
3710.1
4191.82
4694.6
5229.82
5682.65
6047.92
6294.08
6421.23
6421.37
6294.48
6048.64
5683.6
5230.8
4695.51
4192.62
3710.63
3274.76
2817.74
2498.33
2812.67
3086.75
3407.06
3757.77
4161.7
4525.21
4838.74
5056.12
5171.28
5171.4
5056.48
4839.38
4526.05
4162.56
3758.56
3407.75
3087.23
2813.03
2498.61
)
;
        refGradient     uniform 0;
        valueFraction   uniform 1;
        value           nonuniform List<scalar> 
400
(
579.032
895.53
1122.04
1199.7
1170.75
1092.56
1053.06
1018.51
972.418
960.822
960.851
972.694
1018.56
1053.11
1092.53
1170.78
1199.74
1122.11
895.624
579.089
593.732
801.755
1215.79
1684.69
1884.87
1794.98
1653.34
1551.65
1449.59
1391.78
1391.75
1449.62
1551.57
1653.33
1794.89
1884.87
1684.76
1215.9
801.805
593.751
592.247
703.59
893.637
1239.03
1926.45
2161.06
2113.44
2001.48
1827.75
1738.22
1738.03
1827.39
2001.22
2113.36
2160.95
1926.56
1239.11
893.687
703.636
592.264
624.233
690.41
795.279
968.805
1280.49
1925.9
2270.17
2346.06
2164.9
2016.16
2015.9
2164.32
2345.64
2270.02
1925.8
1280.47
968.766
795.287
690.469
624.263
694.913
733.026
793.818
897.562
1077.69
1404.36
2084.92
2468.09
2486.48
2275.73
2275.37
2485.29
2467.46
2084.58
1404.05
1077.56
897.471
793.815
733.13
694.974
808.132
826.343
858.258
923.552
1045.57
1259.56
1675.71
2379.77
2656.95
2512.29
2511.87
2655.62
2379.02
1675.11
1259.15
1045.4
923.452
858.267
826.499
808.225
969.045
973.431
985.298
1027.48
1122.22
1292.8
1581.99
2199.25
2753.79
2742.99
2742.57
2752.24
2198.28
1581.28
1292.36
1122.04
1027.4
985.333
973.626
969.157
1180.28
1180.38
1182.4
1214.38
1299.23
1458.4
1714.58
2199.52
2912.93
3042.14
3041.77
2911.4
2198.64
1713.85
1458.03
1299.07
1214.36
1182.46
1180.58
1180.39
1439.75
1453.2
1469.67
1506.96
1591.03
1752.61
2014.66
2490.33
3226.71
3414.62
3414.33
3225.33
2489.65
2013.97
1752.34
1590.92
1507
1469.76
1453.38
1439.86
1738.11
1799.78
1894.68
1952.55
2022.22
2181.53
2460.93
2972.99
3695.35
3885.34
3885.13
3694.23
2972.6
2460.39
2181.4
2022.19
1952.66
1894.8
1799.92
1738.24
2058.28
2224.2
2502.26
2538.65
2593.71
2760.41
3073.54
3660.02
4294.39
4477.81
4477.74
4293.59
3660.07
3073.24
2760.44
2593.76
2538.85
2502.42
2224.29
2058.45
2353.55
2627.9
3042.84
3250.3
3325.49
3526.04
3894.61
4468.34
4935.56
5087.19
5087.29
4935.1
4468.57
3894.55
3526.18
3325.58
3250.54
3042.99
2628
2353.78
2679.71
2972.67
3389.55
3874.29
4287.51
4622.34
4958.96
5307.72
5580.45
5672.04
5672.2
5580.27
5307.98
4959.05
4622.49
4287.54
3874.36
3389.75
2972.87
2680
2712.37
3144.72
3601.42
4057.72
4568.94
5128.95
5617.69
5933.2
6122.76
6186.01
6186.14
6122.7
5933.4
5617.73
5128.96
4568.93
4057.9
3601.81
3145.08
2712.8
2792.95
3313.67
3842.86
4300.6
4744.74
5152.38
5512.71
5798.54
6018.39
6125.19
6125.22
6018.28
5798.63
5512.76
5152.54
4744.97
4300.99
3843.41
3314.14
2793.41
3010.93
3541.29
4122.4
4616
5073.54
5457.08
5760.56
5969
6119.36
6190.38
6190.41
6119.35
5969.13
5760.68
5457.46
5073.95
4616.55
4123.02
3541.79
3011.36
3026.27
3608.22
4231.33
4772.03
5271.47
5706.57
6036.78
6279.39
6434.8
6512.03
6512.09
6434.95
6279.7
6037.16
5707.08
5271.99
4772.62
4231.88
3608.59
3026.59
3018.63
3568.65
4118.17
4644.4
5165.26
5660.01
6062.15
6370.63
6574.15
6677.71
6677.82
6574.43
6371.16
6062.8
5660.7
5165.91
4645.02
4118.62
3568.86
3018.75
2817.53
3274.46
3710.1
4191.82
4694.6
5229.82
5682.65
6047.92
6294.08
6421.23
6421.37
6294.48
6048.64
5683.6
5230.8
4695.51
4192.62
3710.63
3274.76
2817.74
2498.33
2812.67
3086.75
3407.06
3757.77
4161.7
4525.21
4838.74
5056.12
5171.28
5171.4
5056.48
4839.38
4526.05
4162.56
3758.56
3407.75
3087.23
2813.03
2498.61
)
;
        emissivityMode  solidRadiation;
        emissivity      uniform 0;
    }
}


// ************************************************************************* //
