/*--------------------------------*- C++ -*----------------------------------*\
  =========                 |
  \\      /  F ield         | OpenFOAM: The Open Source CFD Toolbox
   \\    /   O peration     | Website:  https://openfoam.org
    \\  /    A nd           | Version:  7
     \\/     M anipulation  |
\*---------------------------------------------------------------------------*/
FoamFile
{
    version     2.0;
    format      ascii;
    class       volScalarField;
    location    "1";
    object      ILambda_1_0;
}
// * * * * * * * * * * * * * * * * * * * * * * * * * * * * * * * * * * * * * //

dimensions      [1 0 -3 0 0 0 0];

internalField   nonuniform List<scalar> 
4000
(
342.873
246.663
197.192
163.991
150.852
145.702
143.695
142.928
142.648
142.554
727.662
661.34
413.921
256.195
189.807
162.138
150.657
145.904
143.951
143.142
1043.75
958.435
623.695
368.597
246.651
190.153
164.025
152.149
146.835
144.46
1164.77
1040.63
735.901
449.562
297.245
219.501
179.915
160.421
151.019
146.526
1107.91
1032.28
767.913
488.931
330.668
242.147
193.972
168.63
155.601
148.99
986.137
973.713
751.102
497.005
346.111
255.473
203.772
175.149
159.648
151.373
919.434
923.05
717.833
488.396
347.879
260.413
208.901
179.286
162.586
153.297
878.056
876.294
685.947
478.142
344.146
260.527
210.619
181.311
164.336
154.606
815.861
830.103
660.922
467.568
338.47
258.355
210.331
181.861
165.12
155.337
790.206
806.681
659.37
463.354
334.807
256.238
209.408
181.681
165.304
155.646
781.987
795.847
654.62
460.122
332.349
254.586
208.461
181.251
165.195
155.703
784.906
791.818
635.731
451.833
328.466
252.501
207.334
180.666
164.931
155.619
834.453
816.551
635.842
446.611
325.472
250.632
206.23
180.038
164.598
155.463
870.119
852.645
652.773
446.506
324.743
249.766
205.523
179.55
164.298
155.297
908.807
885.016
678.907
454.906
327.675
250.717
205.66
179.437
164.155
155.191
1024.69
949.075
716.76
470.604
333.368
253.348
206.73
179.813
164.255
155.199
1158.51
1035.12
763.977
493.717
342.739
257.877
208.842
180.755
164.654
155.363
1183.71
1134.77
806.587
517.503
354.742
263.654
211.758
182.194
165.345
155.691
1000.91
1057.1
767.136
509.589
355.437
265.424
213.281
183.224
165.963
156.043
621.859
653.325
559.69
425.489
322.651
253.074
208.857
181.768
165.557
155.991
386.285
268.939
207.23
173.796
157.038
149.038
145.345
143.683
142.955
142.643
652.269
565.791
405.21
287.242
217.112
179.336
160.141
150.75
146.288
144.211
1139.51
1245.56
795.749
508.468
339.165
244.833
194.351
168.197
155.014
148.509
1829.24
2091.68
1288.91
796.268
505.737
339.61
247.046
196.827
170.238
156.449
2199.51
2408.26
1583.87
1016.37
655.474
435.422
305.643
231.389
190.011
167.467
2153.92
2364.65
1657.28
1118.93
748.684
506.802
355.395
263.939
210.324
179.675
1945.75
2226.38
1615.68
1133.57
785.25
545.699
388.239
288.545
227.39
190.869
1813.31
1951.51
1483.75
1083.8
776.577
554.967
403.022
302.9
239.05
199.442
1689.28
1671.35
1323.55
1002.04
740.103
543.073
403.082
307.74
244.955
204.746
1577.98
1524.57
1213.83
931.475
699.564
522.733
394.868
306.041
246.258
207.066
1539.5
1458.8
1151.06
883.033
666.711
502.782
384.111
301.151
244.733
207.238
1591.29
1462.25
1126.45
855.144
644.017
486.808
374.038
295.449
241.928
206.17
1685.93
1636.7
1187.42
868.373
641.016
479.921
367.757
290.959
239.163
204.695
1779.9
1905.28
1319.04
924.201
661.734
485.568
367.735
289.355
237.553
203.539
1996.01
2114.68
1453.17
997.25
697.883
501.851
374.152
291.319
237.76
203.215
2230.51
2404.81
1621.7
1091.43
748.092
527.568
386.62
296.952
240.064
204.015
2181.97
2605.19
1766.47
1185.23
803.772
559.009
403.589
305.698
244.354
206.003
1675.4
2167.31
1650.28
1176.68
821.836
577.885
417.314
314.322
249.321
208.689
1146.91
1486.35
1333.09
1047.29
777.145
566.968
417.907
317.641
252.408
210.87
790.057
976.77
972.269
840.402
672.388
518.907
398.017
310.512
250.502
210.816
424.727
288.243
217.562
180.567
161.41
151.678
146.838
144.481
143.353
142.824
611.704
491.889
376.81
286.909
225.975
188.441
166.837
154.991
148.731
145.526
848.864
846.545
676.258
500.269
364.486
272.887
215.974
182.518
163.695
153.464
1273.58
1493.41
1165.64
841.386
589.48
414.894
302.259
233.243
192.674
169.611
2213.23
2640.69
1863.04
1286.89
878.864
601.168
419.602
305.332
235.847
194.846
2718.46
3351.07
2408.37
1674.13
1150.67
788.111
544.844
386.904
287.502
226.691
2723.6
3534.78
2639.8
1894.79
1335.76
932.24
651.178
461.938
338.448
260.123
2599.59
3290.69
2570.9
1925.64
1405.64
1009.07
719.965
517.279
379.94
289.636
2422.66
2661.38
2250.58
1787.43
1364.19
1014.48
744.459
546.211
406.406
311.077
2264.72
2262.68
1959.19
1609.1
1269.61
973.486
734.062
551.063
417.27
322.948
2202.47
2090.5
1779.57
1467.27
1174.15
917.189
705.621
540.129
416.089
326.389
2265.36
2151.76
1738.93
1397.09
1109.23
869.03
674.695
522.865
408.156
324.1
2415.1
2681.64
1957.14
1463.45
1113.18
853.012
656.619
508.919
399.341
319.49
2578.88
3171.49
2268.44
1622.63
1182.58
876.572
659.976
505.258
394.594
315.809
2793.31
3483.6
2535.48
1799.32
1284.36
928.657
683.27
513.748
396.439
315.247
2715.66
3483.52
2649.18
1927.28
1381.49
990.787
718.667
531.95
404.816
318.572
1977.95
2768.97
2439.39
1912.49
1422.67
1035.78
752.521
553.568
417.206
325.063
1441.37
2074.42
2064.99
1758.43
1380.63
1039.1
768.621
569.298
428.778
332.456
1079.23
1510.91
1634.06
1503.47
1254.57
987.705
753.827
569.526
433.484
337.308
837.94
1091.28
1229.37
1204.53
1067.32
884.229
702.905
547.64
425.898
335.895
475.81
313.594
230.369
187.468
165.329
153.947
148.141
145.218
143.762
143.271
650.492
494.245
373.99
287.952
230.116
193.328
171.041
158.1
150.784
146.843
794.287
707.907
587.522
463.523
358.442
279.882
226.104
191.544
170.328
157.87
998.272
1038.75
922.537
746.573
573.553
431.796
327.599
256.283
210.106
181.533
1417.59
1672.18
1474.62
1178.67
893.194
658.265
481.983
357.856
274.843
221.61
2311.68
2892.36
2290.76
1746.68
1295.28
941.533
677.998
490.36
362.173
277.714
2910.47
3868.32
3033.74
2284.24
1688.18
1227.68
883.414
634.793
461.326
344.104
3114.61
4267.93
3407.67
2614.18
1964.75
1450.46
1056.64
765.015
556.125
411.041
3024.49
3627.54
3169.18
2589.42
2033.53
1551.33
1159.31
855.62
629.804
467.633
2817.53
3010.44
2759.63
2371.63
1944.57
1537.86
1184.5
896.288
672.708
506.14
2732.73
2728.93
2466.34
2146.5
1800.89
1461.52
1154.85
894.843
685.753
524.723
2855.71
2919.96
2443.9
2044.76
1695.96
1382.19
1105.53
870.237
678.14
527.139
3045.29
3763.71
2848.06
2188.71
1719.29
1361.12
1076.2
846.866
664.054
521.122
3108.54
4128.45
3213.88
2423.03
1837.9
1407.29
1085.68
841.971
656.239
515.081
2881.78
3951.07
3306.37
2584.04
1967.72
1487.62
1126.72
858.824
660.82
514.758
2168.83
3146.87
3045.57
2569.43
2031.04
1555.64
1176.53
888.883
676.419
521.694
1640.17
2436.71
2622.74
2394.69
1994.48
1575.8
1209.96
917.764
696.25
533.525
1280.15
1870.13
2159.14
2113.36
1860.6
1530.72
1207.52
930.554
710.919
545.172
1041.53
1435.96
1718.7
1778.5
1650.8
1419.52
1158.96
915.699
711.168
550.401
882.604
1116.17
1337.93
1437.45
1396.94
1255.13
1064.56
867.729
690.314
543.527
549.387
349.482
247.997
196.296
169.878
156.36
149.449
145.931
144.178
144.541
740.211
541.731
397.559
300.354
237.606
198.405
174.618
160.627
152.6
148.365
854.963
708.482
570.779
450.795
354.207
281.81
230.815
196.863
174.963
161.425
973.49
901.03
795.515
666.32
536.291
422.49
332.559
266.606
220.612
190.137
1175.02
1219.56
1146.76
993.971
812.626
639.489
493.751
380.702
298.149
240.988
1605.48
1852.57
1736.41
1489.31
1208.29
943.937
720.036
543.299
411.337
317.462
2543.47
3162.11
2656.51
2160.4
1709.1
1318.87
997.706
745.126
554.777
416.979
3213.05
4354.81
3560.94
2825.36
2209.6
1698.82
1285.01
959.538
711.774
529.452
3441.48
4469.69
3821.64
3136.79
2513.57
1969.56
1513.01
1143.8
855.495
638.06
3273.43
3710.37
3472.81
3040.93
2550.46
2068.54
1632.87
1261.99
960.447
725.19
3195.02
3354.82
3138.68
2816.3
2434.5
2034.05
1650.07
1306.73
1015.71
780.33
3387.3
3927.13
3270.52
2766.64
2347.85
1966.57
1615.54
1300.88
1029.26
804.229
3467.68
4563.47
3687.09
2953.82
2399.45
1958.95
1593.2
1283.68
1023
807.871
3203.24
4374.05
3815.62
3129.34
2517.67
2015.6
1610.77
1283.59
1018.76
805.716
2422.46
3491.57
3528.04
3118.04
2587.57
2083.47
1654.35
1305.29
1027.16
808.22
1854.07
2736.57
3065.25
2928.72
2553.5
2110.82
1692.9
1335.77
1046.16
818.411
1476.1
2144.81
2565.34
2622.65
2412.23
2069.78
1698.4
1355.8
1065.69
832.664
1228.81
1698.29
2099.2
2262.35
2187.87
1955.92
1654.69
1348.6
1073.28
843.501
1069.47
1370.29
1696.94
1894.65
1912.58
1780.11
1558.03
1304.08
1058.36
842.632
963.489
1133.45
1367.75
1551.48
1618.13
1561.9
1414.84
1220.07
1014.67
823.291
644.348
396.68
271.397
207.922
175.7
159.313
150.969
146.723
144.613
149.976
871.218
621.62
443.035
325.408
251.402
206.183
179.158
163.367
154.545
151.471
987.465
786.562
611.543
471.397
365.599
289.343
236.56
201.544
179.131
165.17
1078.31
929.256
784.641
646.505
521.913
416.735
333.615
271.874
227.484
196.552
1203.47
1113.31
1010.62
883.009
742.146
604.834
484.076
385.776
309.423
252.971
1433.16
1440.45
1376.24
1240.78
1063.96
876.918
702.981
553.961
433.447
341.136
1994.64
2177.29
2040.94
1803.98
1528.42
1251.98
998.472
780.638
602.487
463.671
3002.76
3767.41
3162.23
2611.75
2135.11
1717.2
1356.64
1054.35
808.346
615.406
3616.51
4728.55
3981.98
3282.62
2679.96
2157.23
1708.88
1332.58
1024.25
779.498
3659.34
4232.32
3934.14
3455.4
2935.4
2428.12
1962.94
1555.35
1210.93
930.194
3651.21
3969.23
3722.74
3366.33
2951.3
2512.81
2083.47
1687.41
1338.7
1044.57
3810.92
4719.78
4007.81
3435.27
2959.07
2524.37
2117.47
1742.08
1405.37
1114.5
3663.22
4910.46
4284.6
3617.6
3047.1
2560.45
2136.42
1762.47
1433.26
1149.18
2901.91
3996.7
4020.95
3621.54
3109.87
2612.47
2167.83
1781.27
1448.47
1165.83
2211.49
3137.12
3516.67
3421.76
3071.19
2632.5
2197.72
1804.95
1464.97
1178.41
1759.93
2469.64
2962.32
3086.77
2917.57
2586.03
2199.35
1821.51
1482.05
1192.04
1468.67
1974.16
2449.09
2691.64
2673.46
2463.66
2152.97
1813.85
1489.96
1203.55
1285.29
1617.33
2013.05
2292.3
2375.27
2275.32
2051.68
1769.13
1476.98
1205.19
1170.84
1365.53
1661.05
1922.52
2056.99
2040.53
1899.83
1682.49
1434.45
1188.86
1093.42
1187.66
1385.62
1599.17
1745.1
1781.39
1709.13
1556.15
1358.64
1148.37
757.822
454.275
300.477
222.553
183.053
163.016
152.844
147.679
145.11
145.842
1039.76
728.606
507.068
362.232
272.065
217.653
185.535
166.977
156.937
152.289
1181.91
919.267
695.731
522.128
395.392
306.879
247.158
208.358
184.621
168.96
1276.58
1058.05
859.538
687.011
543.564
429.474
342.61
279.943
235.966
203.213
1383.46
1196.48
1030.18
873.647
726.418
593.58
480.611
390.375
319.193
262.58
1549.86
1398.22
1266.51
1126.57
974.492
820.25
676.463
550.693
443.797
355.105
1875.83
1802.72
1687.36
1529.95
1342.38
1142.9
949.3
773.3
618.724
487.72
2782.21
2933.67
2588.85
2238.9
1908.14
1598.84
1316.23
1065.57
847.396
662.534
3715.43
4503.38
3771.27
3119.88
2588.79
2135.71
1743.33
1405.45
1115.07
869.798
3997.98
4593.86
4147.5
3601.85
3070.37
2574.37
2124.45
1727.28
1380.07
1082.86
4087.3
4585.3
4207.75
3757.37
3292.25
2827.4
2380.95
1969.07
1596.44
1268.66
4192.34
5224.29
4587.15
3975.58
3451.52
2975.08
2531.8
2121.82
1745.11
1406.75
3717.66
4729.17
4546.5
4080.28
3568.56
3079.23
2627.29
2214.31
1837.23
1497.39
2831.65
3764.45
4071.61
3928.84
3564.67
3125.78
2685.15
2272.15
1893.95
1553.75
2236.2
2972.32
3465.69
3586.64
3418.2
3088.32
2696.84
2301.46
1928.2
1589.02
1849.54
2377.4
2881.4
3153.01
3157.73
2960.5
2649.56
2296.05
1941.65
1609.62
1601.77
1949.14
2380.79
2705.65
2829.5
2755.91
2540.2
2247.81
1928.79
1614.51
1447.15
1650.26
1979.92
2292.2
2477.92
2499.15
2375.44
2153.92
1883.32
1598.73
1346.88
1443.96
1671.1
1934.16
2134.97
2216.07
2168.68
2017.94
1802.62
1557.5
1273.79
1298.92
1437.48
1636.52
1820.3
1928.79
1935.91
1847.3
1687.85
1487.61
884.447
519.934
334.302
239.878
191.888
167.51
155.128
148.846
145.811
145.281
1246.16
860.669
587.705
409.741
299.327
233.034
194.118
171.909
160.832
154.436
1455.34
1106.53
818.978
600.089
443.211
335.793
264.514
219.496
194.338
175.055
1581.95
1275.65
1006.88
782.109
603.398
467.363
366.901
298.41
253.13
214.292
1692.47
1413.1
1170.26
958.788
776.78
624.784
502.647
412.005
341.358
277.938
1844.52
1574.04
1352.83
1158.46
980.453
818.957
680.274
566.322
466.871
373.472
2099.09
1842.1
1633.83
1445.51
1260.62
1081.53
917.705
772.954
638.521
508.561
2792.95
2567.25
2265.45
1982.45
1719.11
1472.84
1248.94
1051.9
867.933
690.849
3904.41
4260.62
3516.51
2892.63
2413.57
2020.81
1688.52
1409.47
1155.99
920.337
4390.47
4910.83
4260.56
3614.04
3056.13
2572.65
2152.24
1794.75
1473.9
1178.66
4573.04
5191.25
4628.97
4036.06
3491.96
2993.07
2538.93
2138.65
1772.09
1431.08
4614.3
5591.17
5032.52
4391.78
3816.84
3297.91
2827.21
2407.85
2016.07
1647.09
3869.33
4705.46
4751.28
4425.37
3968.27
3485.67
3022.41
2597.25
2196.13
1813.23
3021.97
3765.55
4153.65
4160.56
3912.58
3538.02
3123.56
2713.66
2315.2
1929.61
2466.82
3019
3498.8
3722.68
3682.75
3454.38
3125.79
2758.86
2379.8
2002.59
2109.23
2470.51
2908.05
3227.94
3341.56
3257.66
3033.2
2732.45
2392.4
2036.99
1884.61
2084.67
2424.84
2751.9
2951.65
2982.92
2862.57
2639.47
2354.97
2035.02
1736.38
1817.17
2050.76
2335.1
2563.02
2668.66
2636.74
2491.21
2269.33
1996.43
1608.18
1622.54
1767.04
1989
2205.78
2347.64
2379.78
2303.54
2143.24
1923.13
1503.88
1478.07
1553.3
1710.12
1893.03
2040.95
2111.38
2089.67
1984.99
1817.34
1017.4
590.339
371.316
259.217
201.928
172.696
157.81
150.275
147.327
146.113
1500.35
1020.37
685.087
467.738
333.025
252.27
205.239
179.181
170.432
159.887
1869.77
1375.86
991.821
709.474
510.922
377.045
291.502
241.32
217.182
188.209
2040.55
1612.98
1244.1
943.765
710.337
537.72
417.646
343.53
295.902
239.186
2149.42
1770.43
1434.7
1147.14
907.36
714.149
571.159
478.274
403.725
315.82
2292.6
1918.9
1602.34
1333.51
1100.89
900.706
746.826
640.331
541.334
420.714
2536.06
2138.69
1820.46
1557.83
1325.34
1120.25
956.653
838.246
718.027
561.7
3187.99
2710.69
2294.74
1962.81
1683.03
1438.32
1238.03
1090.65
940.901
745.373
4316.56
4290.13
3468.54
2809.46
2322.09
1942.9
1641.75
1422.56
1213.86
975.429
4865.79
5277.8
4430.73
3659.91
3041.35
2541.63
2133.6
1819.42
1545.44
1251.85
5094.84
5766.17
5037.04
4291.06
3643.47
3088.91
2615.3
2232.67
1897.95
1549.92
5132.51
5971.68
5439.45
4754.72
4111.17
3535.07
3029.5
2614.79
2230.95
1837.3
4329.95
4996.94
5056.68
4762.28
4309.92
3811.44
3334.13
2918.56
2517.74
2089.55
3453.95
4032.23
4384.31
4430.42
4230.13
3886.53
3494.02
3111.88
2716.92
2282.01
2889.07
3288.47
3693.02
3931.41
3948.86
3779.34
3503.74
3185.38
2821.63
2405.71
2540.74
2761.55
3101.05
3400.74
3554.78
3535.91
3382.4
3147.75
2840.18
2463.19
2342.58
2406.03
2633.7
2909.5
3121.55
3207.42
3161.13
3013.14
2778.1
2456.84
2221.44
2161.1
2274.54
2487.1
2702.05
2843.57
2877.19
2806.26
2645.9
2392.21
1991.98
1934.85
1989.2
2141.07
2330.37
2489.89
2572.57
2561.8
2466.52
2280.73
1790.23
1741.58
1760.98
1861.42
2013.02
2165.34
2271.49
2303.64
2257.11
2132.09
1132.27
655.052
406.995
278.642
212.371
178.271
160.798
152.251
148.834
147.412
1759
1189.11
790.639
533.015
372.151
275.536
219.672
195.375
185.412
168.619
2346.23
1719.83
1213.87
855.609
604.489
439.205
340.779
300.555
269.024
216.095
2644.59
2098
1599.42
1207.65
900.304
679.378
535.004
463.84
400.294
297.379
2758.94
2301.58
1860.57
1483.84
1167.09
914.729
742.262
655.478
565.361
410.72
2895.23
2434.32
2027.06
1682.54
1379.6
1118.65
939.537
851.971
742.376
544.85
3156.5
2642.23
2217.29
1866.19
1567.69
1307.8
1129.41
1042.77
914.029
693.951
3819.99
3174.86
2620.78
2194.39
1846
1558.78
1349.19
1252.87
1114.62
871.92
4877.09
4686.76
3729.23
2968.6
2415.57
2000.03
1690.73
1518.87
1387.01
1103.75
5378.55
5768.32
4767.06
3859.61
3147.47
2594.39
2166.37
1877.14
1698.84
1376.84
5604.95
6343.83
5498.09
4610.86
3846.91
3213.61
2697.36
2316.42
2070.21
1693.89
5683.07
6498.72
5921.34
5152.98
4418.6
3764.87
3205.82
2789.33
2477.85
2037.67
4957.58
5508.09
5505.36
5170.05
4667.9
4122.03
3610.48
3214.19
2829.26
2353.79
4081.17
4528.75
4798.39
4808.32
4595.62
4238.4
3850.32
3508.01
3113.31
2621.37
3490.34
3771.19
4085.74
4290.63
4306.33
4144.78
3900.84
3646.07
3298.5
2816.15
3142.38
3270.48
3510.57
3757.7
3899.81
3895.06
3784.42
3622.91
3346.58
2915.45
2987.21
2956.15
3067.63
3271.6
3449.22
3542.35
3537.62
3461.33
3264.25
2912.73
2842.92
2706.54
2696.44
2819.88
2982.34
3117.3
3186.29
3189.07
3075.84
2819.79
2451.16
2380.75
2363.56
2439.68
2573.89
2714.57
2815.84
2861.1
2818.73
2657.9
2096.83
2079.93
2072.95
2122.82
2227.99
2357.19
2470.24
2538.59
2539.48
2453.16
1202.66
700.998
435.246
295.153
222.359
184.29
164.409
155.547
151.727
149.39
1949.53
1334.59
895.038
599.147
425.831
319.289
252.73
242.857
223.008
187.171
2807.6
2152.46
1555.49
1066.76
772.535
607.886
499.103
477.315
395.912
280.3
3258.06
2710.86
2148.23
1634.96
1260.55
1002.02
846.279
778.928
646.734
433.411
3497.18
2974.68
2493.16
2041.07
1651.76
1341.3
1146.47
1061.75
885.257
605.766
3692.74
3123.39
2651.88
2266.02
1903.81
1579
1370.66
1294.94
1101.09
782.938
3974.76
3339.08
2813.96
2400.33
2045.06
1725.36
1520.18
1478.3
1347.2
981.881
4663.05
3889.29
3199.6
2667.52
2240.38
1892.38
1653.71
1612.52
1548.63
1177.64
5518.24
5352.95
4282.89
3392.75
2744.13
2259.28
1912.04
1766.38
1734.06
1374.72
5888.78
6506.09
5374.62
4300.39
3460.76
2819.18
2338.68
2048.67
1962.77
1603.25
6071.98
7112.09
6169.7
5115.48
4207.26
3465.61
2878.1
2473.79
2306.81
1900.36
6199.39
7169.7
6568.33
5690.29
4839.81
4081.84
3444.87
2999.81
2766.69
2273.56
5701.67
6188.33
6121.14
5707.57
5123.36
4499.63
3928.8
3543.2
3242.55
2672.65
4884.09
5214.77
5392.66
5345.86
5086.13
4679.79
4264.7
3968.94
3629.71
3025.61
4308.55
4463.52
4690.5
4862.67
4849.79
4658.4
4412.83
4207.57
3843.99
3274.87
3945.02
3988.51
4174.41
4379.85
4493.16
4470.22
4376.16
4265.42
3951.86
3426.38
3722.77
3727.73
3805.22
3933.79
4078.1
4155.8
4175.61
4146.77
3917.23
3463.64
3521.46
3483.58
3434.33
3431.94
3546.65
3684.6
3769.51
3829.45
3689.34
3358.66
2894.85
2939.92
2935.34
2947.34
3037.53
3157.32
3257.17
3354.2
3323.01
3136.11
2364.53
2460.83
2494.97
2525.83
2596.93
2699.51
2803.43
2895.97
2922.99
2848.47
1235.12
727.299
454.181
308.208
230.865
189.832
169.148
414.171
256.043
191.568
2045.05
1441.37
992.257
687.292
499.371
381.323
329.9
424.789
363.178
262.919
2978.06
2501.57
1938.27
1416.54
1096.64
936.097
873.953
895.746
681.612
436.154
3603.25
3258.5
2801.43
2299.63
1906.41
1627.89
1491.84
1416.63
1112.12
704.254
3935.56
3541.17
3166.32
2814.85
2452.3
2122.47
1927.12
1835.18
1514.88
997.986
4265.47
3758.49
3322.18
3042.87
2730.68
2378.54
2163.32
2109.17
1840.43
1272.03
4699.47
4067.47
3503.66
3119.84
2788.69
2439.6
2226.11
2234.92
2052.7
1496.19
5443.31
4730.89
3931.38
3337.49
2873.96
2482.06
2220.49
2231.64
2192.44
1679.41
6046.63
6149.31
5015.67
4027.1
3300.65
2752.06
2362.38
2232.52
2274.29
1826.86
6286.37
7253.81
6114.38
4936.74
3989.84
3257.76
2713.29
2407.81
2385.58
1979.9
6415.24
7831.09
6918.16
5773.57
4749.02
3899.11
3228.45
2784.73
2664.99
2221.62
6551.31
7858.32
7290.1
6347.82
5401.31
4541.83
3816.95
3324.91
3142.68
2592.89
6333.29
6949.27
6841.94
6370.98
5712.15
5001.34
4356.48
3959.17
3693.84
3039.2
5623.71
5986.88
6115.26
6042.38
5747.03
5271.45
4810.58
4540.51
4192.04
3476.22
4984.81
5206.94
5413.82
5632.05
5633.67
5394.28
5126.76
4958.27
4588.23
3846.02
4508.68
4680.23
4928.17
5237.34
5401.52
5370.67
5277.85
5188.55
4809.9
4093.35
4229.54
4494.1
4717.12
4930.11
5118.38
5203.2
5248.26
5218.66
4851.52
4199.52
3885.68
4218.55
4343.07
4394.39
4534.85
4704.79
4857.03
4945.04
4641.4
4122
3168.33
3461.5
3613.99
3694.5
3801.57
3930.52
4078.32
4229.96
4140.16
3839.16
2540.51
2805.78
2968.6
3067.17
3160.43
3267.21
3386.86
3511.19
3538.22
3428.55
1521.93
850.18
511.203
335.163
245.206
198.887
175.525
237.504
218.975
450.313
2183.55
1576.7
1144.37
820.36
599.651
471.974
435.961
497.395
451.943
405.145
2917.68
2596.5
2234.9
1835.69
1542.5
1439.3
1450.82
1432.13
1069.98
681.331
3713.7
3578.3
3317.93
3016.48
2765.72
2577.37
2469.96
2353.6
1816.09
1138.45
4380.55
4235.53
3888.28
3653
3523.77
3300.49
3124.29
3009.12
2444.21
1613.37
4862.08
4640.73
4145.22
3921.85
3825.34
3559.94
3364.47
3339.67
2914.75
2028.84
5282.68
5023.23
4383.39
4012.83
3803.35
3498.73
3297.38
3373.46
3162.16
2327.41
5758.2
5675.01
4843.29
4211.67
3770.26
3377.15
3112
3183.31
3163.78
2471.69
6102.75
6775.63
5839.62
4837.78
4089.56
3509.19
3094.69
2991.97
3095.6
2534.67
6241.37
7630.35
6819.13
5680.3
4704.11
3921.57
3331.66
3020.69
3058.68
2584.21
6322.25
8099.84
7544.25
6470.5
5424.24
4515.88
3784.63
3312.24
3238.55
2737.89
6426.01
8164.23
7892.29
7020.44
6065.45
5150.55
4360.49
3833.55
3690.86
3067.06
6376.58
7553.38
7527.23
7082.83
6418.49
5651.31
4941.93
4530.04
4280.06
3526.93
6031.25
6795.55
6901.65
6838.4
6574.99
6050.87
5527.93
5274.82
4944.71
4062.39
5597.99
6162.88
6301.44
6520.93
6641.79
6394.9
6079.52
5931.09
5505.43
4554.48
5151.7
5693.66
5918.32
6259.85
6623.77
6657.71
6543.3
6442.58
5903.12
4938.33
4613.12
5280.02
5713.46
6123.28
6526.27
6739.56
6798.84
6733.75
6141.16
5187.26
3958.69
4684.2
5205.36
5549.94
5878.74
6221.62
6498.42
6560.98
6028.03
5201.89
3286.73
3815.39
4274.85
4576.72
4819.1
5067.95
5332.4
5527.69
5359.71
4865.67
2664.27
3068.08
3421.13
3682.4
3890.02
4082.26
4277.31
4454.94
4478.53
4293.45
1364.98
822.98
876.443
490.118
312.919
229.593
192.089
199.753
197.335
254.31
2149.6
1592.96
1369.04
1043.73
825.844
645.647
597.056
634.523
569.161
430.26
2802.54
2520.66
2479.98
2334.46
2268.44
2205.83
2197.52
2016
1488.03
923.579
3423.7
3487.38
3551.93
3612.79
3767.46
3805.27
3748.99
3438.25
2648.47
1665.48
4079.66
4353.64
4367.69
4434.67
4697.08
4769.67
4680.56
4467.96
3664.65
2439.78
4778.97
5148.67
4950.19
4882.57
5084.23
5074.74
4963.38
4946.75
4369.49
3085.45
5409.69
5862.84
5442.32
5111.3
5071.92
4918.19
4777.03
4911.39
4651.23
3488.39
5849.77
6532.2
6017.52
5372.08
4991.98
4644.77
4401.73
4532.41
4556.43
3622.59
6088.77
7266.6
6904.33
5942.12
5206.09
4617.01
4190.99
4132.7
4298.14
3583.22
6174.89
7824.07
7674.62
6653.03
5690.68
4884.48
4266.36
3976.68
4113.8
3518.7
6225.39
8155.25
8255.6
7330.93
6313.75
5380.6
4611.08
4142.1
4168.72
3561.88
6300.56
8262.17
8590.82
7844.78
6930.54
5987.64
5147.63
4614.73
4526.36
3800.64
6310.81
8013.57
8365.72
7977.58
7352.72
6548.98
5776.76
5349.33
5145.82
4247.85
6115.1
7561.92
7916.94
7870.95
7660.2
7120.61
6524.26
6255.36
5924.73
4846.69
5644.33
6952.53
7408.97
7684.18
7927.12
7740.42
7361.54
7187.24
6700.85
5482.27
5014.96
6250.62
6928
7484.92
8105.31
8316.52
8194.11
8016.51
7332.2
6040.44
4391.98
5550.94
6470.86
7292.91
8150.59
8664.43
8803.88
8585.19
7765.19
6457.7
3819.82
4784.7
5849.57
6716.84
7570
8217.01
8621.51
8540.75
7760.3
6595.69
3253.07
3933.89
4771.55
5443.2
6079.4
6575.88
7019.7
7258.51
6985.55
6244.28
2692.45
3190.64
3757.91
4270.87
4735.61
5131.54
5486.77
5758.13
5782.13
5493.14
1268.91
779.408
603.97
821.843
464.176
1449.18
677.579
384.526
1066.62
820.469
2056.04
1564.98
1384.71
1325.56
1098.64
1479.99
1165.61
991.467
1035.08
804.274
2655.69
2479.84
2753.01
2977.52
3081.56
3269.99
3112.21
2627.03
1994.77
1312.36
3158.61
3359.82
3829.22
4345.08
4870.43
5167.17
5086.53
4448.77
3459.66
2262.33
3640.01
4186.39
4753.71
5342.79
6060.1
6492.58
6493.39
5942.38
4857.5
3334.56
4120.24
4963
5527.16
5973.47
6619.72
6999.34
7025.27
6781.47
5915.55
4279.16
4581.61
5704.14
6194.91
6337.69
6666.55
6820.14
6800.62
6890.36
6392.9
4883.22
4980.14
6346.46
6853.48
6663.59
6573.33
6398.95
6236.81
6422.15
6335.2
5098.71
5282.98
6954.24
7621.54
7167.94
6674.58
6177.78
5796.5
5806.79
5962.77
5011.69
5461.62
7408.87
8268.77
7729.25
6983.19
6232.53
5640.95
5407.27
5609.08
4831.6
5533.65
7676.73
8745.09
8286.27
7474.83
6580.8
5822.65
5394.67
5504.53
4744.04
5521.55
7756.17
9018.17
8769.05
8074.91
7166.62
6315.28
5810.52
5757.7
4876.31
5413.44
7593.98
8911.21
8982.44
8595.47
7833.67
7023.71
6607.11
6364.9
5281.5
5197.48
7271.76
8595.55
9023.21
9080.65
8649.97
8003.38
7678.69
7201.24
5902.61
4866.33
6758.25
8161.41
8979.38
9569.65
9597.73
9201.1
8820.76
8123.4
6644.18
4454.31
6136.11
7636.02
8825.2
9898.47
10421.9
10346.3
9858.34
8925.77
7352.45
4011.57
5454.74
7047.02
8527.98
9941.8
10827.8
11059.2
10568.1
9530.5
7934.9
3573.19
4731.7
6410.77
7967.99
9382.56
10445.6
10922.5
10611.2
9625.91
8195.23
3110.7
3912.1
5135.98
6339.01
7419.43
8526.08
9038.82
9239.1
8830.26
7870.18
2601.47
3183.53
3968.52
4808.92
5618.91
6419.9
6986.11
7355.95
7374.4
6979.16
1574.11
892.175
1407.75
841.734
518.666
1418.1
812.554
491.193
549.738
658.023
2077.32
1698.72
1792.78
1720.15
1481.46
1834.21
1643.31
1275.11
1070.57
866.041
2481.44
2619.47
3315.38
3759.76
3880.84
4027.18
3797.36
2992.23
2230.46
1530.08
2827.23
3423.58
4508.96
5390.74
5986.37
6278.75
6098.14
5082.51
3933.35
2681.68
3159.11
4170.34
5468.62
6563.01
7502.75
8038.04
7972.87
6999.26
5671.28
4036.35
3493.09
4802.03
6222.16
7333.81
8397.66
9071.27
9121.7
8387.06
7167.15
5329.86
3811.7
5409.31
6838.11
7796.28
8713.83
9315.11
9420.64
8994.07
8050.96
6263.36
4091.79
5869.5
7357.32
8128.26
8733.18
9043.41
8997.06
8837.69
8293.66
6731.01
4311.57
6327.78
7969.69
8565.84
8773.56
8648.35
8353.84
8270.25
8033.9
6757.81
4454.91
6679.32
8491.86
9025.65
8883.78
8379.77
7871.35
7697.57
7613.14
6557.87
4521.47
6893.97
8877.79
9480.73
9234.51
8526.85
7822.78
7489.07
7365.71
6371.58
4517.41
6963.82
9100.46
9891.96
9845.41
9175.55
8323.47
7821.38
7499.51
6393.88
4441.35
6857.67
9050.61
10115.9
10438
10063.6
9260.06
8611.35
8034.02
6722.26
4290.7
6699.89
8929.09
10258.7
11011
11046.3
10478.7
9700.98
8834.14
7305.64
4067.76
6347.24
8683.15
10340.3
11536.4
12001.1
11688.9
10837.6
9768.29
8068.17
3788.06
5907.69
8305.65
10250.7
11817.3
12679.7
12678.8
11801
10578.8
8825.53
3488.36
5332.56
7771.63
9939.66
11755.9
12923
13246.4
12445.3
11217.3
9482.08
3194.35
4704.7
7090.59
9295.35
11137.8
12466.3
13043.1
12461.3
11357.2
9817.98
2896.21
3909.76
5547.15
7330.18
8884.85
10281.3
11113.4
11165.9
10623.1
9548.42
2551.84
3166.48
4160.93
5362.73
6561.96
7711.27
8594.97
9058.58
9064.56
8598.27
1541.84
918.457
821.535
623.144
450.037
633.644
545.192
412.457
858.175
615.741
1936.67
1785.97
1868.14
1851.97
1642.35
1713.14
1599.73
1229.36
1098.32
874.699
2231.98
2759.79
3661.63
4163.27
4252.1
4183.06
3798.87
2898.2
2162.48
1560.75
2474.56
3554.35
5047.62
6088.12
6662.92
6784.64
6352.13
5124.49
3913.26
2792.39
2703.36
4238.54
6066.71
7489.95
8508.02
8969.48
8676.32
7349.32
5866.2
4335.39
2933.06
4858.22
6779
8361.14
9722.89
10502.6
10440.5
9257.74
7774.6
5948.08
3155.01
5306.38
7315.43
8944.93
10358.8
11305.4
11411
10453.4
9136.12
7266.62
3354.05
5671.82
7771.78
9361.54
10664.6
11552.6
11659.8
10931.1
9887.74
8125.25
3513.92
5971.44
8184.17
9743.15
10857.6
11492.5
11440.4
10821.6
10017.5
8464
3623.28
6215.12
8561.52
10128.3
11024.8
11323.4
11057.3
10454.1
9816.26
8441.96
3677.3
6375.08
8853.9
10494.4
11319.9
11425.2
10959.3
10238.5
9597.73
8297.43
3676.09
6440
9033.16
10812.3
11786.8
11962
11387.4
10451.2
9629.76
8266.95
3620.37
6418.73
9092.48
11037.6
12256.8
12673.1
12164.8
11065.7
10029
8503.25
3511.25
6311.12
9041.13
11173.9
12692.8
13406.3
13089
11895.2
10651.4
8980.21
3355
6125.69
8925.1
11235.8
13081
14074.2
13987.3
12805.6
11442.4
9655.22
3163.91
5736.49
8700.94
11218.9
13252.8
14486.4
14626.2
13510.5
12090.2
10334.5
2960.75
5241.9
8251.77
10899.1
13074.4
14489.7
14874.6
13956.9
12623.3
10945.2
2762.47
4669.36
7531.8
10156.1
12329.6
13842.8
14464.6
13842.9
12731
11276.4
2560.42
3862.67
5903.91
8088.19
10000.9
11625.7
12636.1
12664.2
12090.1
11057.5
2314.87
3061.18
4297.45
5821.94
7368.21
8823.4
9974.9
10555.3
10596.6
10135.8
1358.83
862.114
2513.66
1233.39
2098.87
1076.4
646.329
864.299
706.772
502.85
1690.96
1704.27
2462.17
2294.91
2426.41
2047.75
1618.53
1287.58
1045.43
817.339
1922.32
2583.41
3746.32
4251.6
4389.96
4071.84
3407.94
2592.09
1963.03
1469.77
2100.04
3316.43
5025.46
6120.25
6632.57
6524.1
5812.49
4608.65
3544.6
2644.14
2258.28
3953
6062.14
7640.58
8613.52
8834.27
8226.84
6843.85
5480.74
4213.29
2413.36
4535.96
6848.36
8727.44
10142.1
10792.3
10465.3
9050.71
7524.1
5972.79
2563.54
4970.62
7404.27
9449.55
11121
12099.3
12029.4
10747.8
9243.98
7585.28
2700.77
5291.27
7831.12
9955.03
11718.8
12876.3
12980.3
11885.9
10494.7
8839.25
2813.92
5530.95
8165.72
10336.1
12088.1
13223.3
13333.3
12378.7
11148.1
9597.59
2893.79
5715.75
8452.54
10677.1
12358.5
13338.7
13356.7
12461.4
11359.7
9921.58
2934.72
5836.25
8674.12
10976.3
12645.6
13517.2
13407.1
12448.2
11362.8
9987.95
2934.94
5885.39
8814.13
11219.4
12993.1
13917.9
13728.3
12613.4
11414.7
10020.7
2895.34
5872.06
8883.32
11407.9
13337.3
14413
14275.1
13037.2
11690.7
10204.5
2818.99
5783.73
8863.03
11511.1
13614.8
14836.8
14806.5
13532.2
12110.2
10559.6
2712.61
5599.75
8770.87
11537
13800.6
15168.2
15303.3
14105.5
12677.9
11084.2
2585.1
5238.54
8513.88
11396.6
13731.6
15180.4
15450.1
14471.3
13166
11633.6
2450.28
4784.65
8039.01
10958
13343.4
14902.5
15375
14668.6
13545.8
12130.1
2316.23
4268.55
7292.66
10119.2
12478.6
14100
14769
14431
13598.9
12403.6
2175.11
3576.91
5868.52
8247.53
10451.5
12175.7
13240.1
13425.1
13043.1
12213.6
2000.44
2823.92
4243.71
5987.2
7819.14
9500.9
10821.2
11547.3
11709.4
11372.9
1115.56
754.318
1074.4
2017.83
2565.75
1375.51
1103.52
784.491
560.512
406.999
1396.33
1437.14
1874.79
2245.17
2565.26
2125.84
1669.7
1271.83
972.402
741.168
1577.87
2054.72
2892.06
3379.19
3624.16
3369.17
2843.62
2252.94
1745.64
1333.98
1707.81
2656.39
4091.81
4977.93
5409.82
5258.92
4669.06
3851.55
3063.26
2369.15
1814.37
3173.83
5116.01
6464.96
7230.68
7285.87
6747.94
5808.84
4796.5
3820.53
1913.59
3753.11
6050.93
7860.33
9079.33
9429.23
8979.98
7944.38
6765.75
5552.59
2008.15
4184.9
6731.45
8825.22
10431.2
11125.8
10859.4
9853.38
8632.6
7294.87
2095.35
4492.51
7236.84
9551.68
11404.1
12499.9
12419.5
11421.8
10204.5
8825.49
2168.82
4706.97
7580.96
10047.6
12050
13302.4
13401.7
12464.5
11307.4
9965.8
2222.26
4858.05
7831.75
10426.7
12510.8
13786.1
13983.3
13070.3
11964.3
10683.9
2250.98
4951.82
8011.51
10703.4
12848.7
14125.4
14319.3
13395.3
12306.1
11069.7
2252.96
4987.4
8122.52
10879.7
13097.3
14435.5
14573.4
13630.4
12521.4
11288.5
2228.86
4966.81
8166.73
10987.3
13282.9
14739.6
14864
13927.1
12782.4
11512.7
2181.46
4873.15
8093.56
10947.3
13321.1
14744.1
14960.8
14178.1
13078.6
11800
2115.88
4680.01
7915.22
10827.2
13237
14697.1
15056.6
14448.8
13437.1
12179.4
2037.65
4275.75
7470.83
10330.9
12709.9
14262
14862.5
14550
13726.8
12568.4
1954.4
3882.24
6896.42
9678.47
12066.9
13733.1
14550
14512.4
13911
12904.7
1868.54
3430.67
6046.91
8659.12
11025.6
12824.7
13888
14170
13850.5
13066
1775.38
2974.76
5037.94
7294.5
9520.03
11382.5
12677.2
13304.4
13337.1
12864.3
1661.68
2432.82
3803.09
5553.11
7471.06
9287.81
10776.5
11755.1
12192.4
12116.7
805.645
809.79
940.328
1197.04
1394.9
1069.95
802.639
584.864
432.456
329.601
1080.79
1099.29
1276.49
1527.59
1775.68
1640.51
1369.99
1081.28
835.138
640.984
1233.38
1426.11
1799.26
2158.17
2442.74
2433.14
2191.07
1836.77
1476.75
1158.21
1329.43
1745.2
2440.72
3069.3
3521.02
3642.56
3440.16
3015.85
2513.16
2019.85
1398.96
2024.33
3050.38
4023.19
4755.12
5084.27
4988.96
4549.43
3932.14
3258.86
1457.5
2310.7
3646.57
4973.33
6055.56
6666.6
6735.49
6325.66
5636.12
4810.12
1510.76
2549.58
4134.36
5752.06
7165.87
8091.53
8385.2
8079.68
7395.56
6487.42
1559.53
2737.88
4518.85
6374.23
8059.96
9298.63
9832.79
9653.31
9020.58
8094.25
1601.29
2876.44
4794.91
6827.15
8715.05
10180.3
10924.2
10882.4
10336.6
9448.76
1632.72
2976.67
4993.5
7163.45
9196.39
10800.7
11686.6
11749.4
11286.5
10460.6
1650.89
3042.37
5133.66
7404.45
9541.01
11231.5
12196.5
12321.2
11914.2
11142.5
1654.3
3073.95
5222.33
7560.31
9774.28
11538
12549.6
12710.1
12330.3
11588
1643.18
3072.63
5261.56
7651.23
9929.54
11772.9
12834.3
13029.8
12663.2
11925.4
1619.14
3030.55
5225.53
7638.65
9966.08
11852.4
12979.3
13259.2
12943.2
12224.5
1585.15
2944.79
5119.09
7548.39
9911.72
11839.1
13045.6
13434.4
13202.2
12528.5
1544
2776.61
4868.77
7263.86
9622.16
11591
12912.4
13466.4
13379.1
12804.5
1498.81
2590.42
4547.39
6858.09
9185.98
11190.1
12624.2
13353.1
13443.2
13012.6
1449.91
2377.13
4109.98
6260.73
8512.18
10538.8
12089.8
13011.4
13313.1
13073.9
1395.36
2158.37
3599.01
5484.12
7568.76
9556.34
11194.7
12309.2
12853
12857.4
1330.01
1905.76
2981.22
4498.39
6301.75
8156.21
9826.8
11114.6
11917.5
12212.8
)
;

boundaryField
{
    side
    {
        type            greyDiffusiveRadiation;
        refValue        nonuniform List<scalar> 
800
(
0
0
0
0
0
0
0
0
0
0
0
0
0
0
0
0
0
0
0
0
0
0
0
0
0
0
0
0
0
0
0
0
0
0
0
0
0
0
0
0
0
0
0
0
0
0
0
0
0
0
0
0
0
0
0
0
0
0
0
0
0
0
0
0
0
0
0
0
0
0
0
0
0
0
0
0
0
0
0
0
0
0
0
0
0
0
0
0
0
0
0
0
0
0
0
0
0
0
0
0
0
0
0
0
0
0
0
0
0
0
0
0
0
0
0
0
0
0
0
0
0
0
0
0
0
0
0
0
0
0
0
0
0
0
0
0
0
0
0
0
0
0
0
0
0
0
0
0
0
0
0
0
0
0
0
0
0
0
0
0
0
0
0
0
0
0
0
0
0
0
0
0
0
0
0
0
0
0
0
0
0
0
0
0
0
0
0
0
0
0
0
0
0
0
0
0
0
0
0
0
0
0
0
0
0
0
0
0
0
0
0
0
0
0
0
0
0
0
0
0
0
0
0
0
0
0
0
0
0
0
0
0
0
0
0
0
0
0
0
0
0
0
0
0
0
0
0
0
0
0
0
0
0
0
0
0
0
0
0
0
0
0
0
0
0
0
0
0
0
0
0
0
0
0
0
0
0
0
0
0
0
0
0
0
0
0
0
0
0
0
0
0
0
0
0
0
0
0
0
0
0
0
0
0
0
0
0
0
0
0
0
0
0
0
0
0
0
0
0
0
0
0
0
0
0
0
0
0
0
0
0
0
0
0
0
0
0
0
0
0
0
0
0
0
0
0
0
0
0
0
0
0
0
0
0
0
0
0
0
0
0
0
0
0
0
0
0
0
0
0
0
0
0
0
0
0
0
0
0
0
0
0
0
0
0
0
0
0
0
0
0
0
0
0
0
0
0
0
0
0
142.341
142.341
152.176
142.341
142.341
142.341
142.341
142.341
142.341
142.341
142.341
142.341
884.964
142.341
142.341
1024.22
1015.94
860.51
642.604
248.033
142.341
142.341
142.341
142.341
142.341
142.341
142.341
142.341
142.341
142.341
142.341
142.341
142.341
142.341
142.341
142.341
142.341
142.341
142.341
850.931
142.341
142.341
142.341
142.341
142.341
142.341
142.341
142.341
142.341
142.341
142.341
142.341
142.341
1245.01
142.341
2690.76
142.341
5878.63
142.341
969.731
142.341
142.341
142.341
142.341
142.341
142.341
142.341
142.341
142.341
142.341
142.341
142.341
142.341
142.341
1356.28
142.341
142.341
142.341
3765.09
804.548
142.341
142.341
142.341
142.341
142.341
142.341
142.341
142.341
142.341
142.341
142.341
142.341
142.341
142.341
142.341
142.341
142.341
4489.2
3572.53
638.86
142.341
142.341
142.341
142.341
142.341
142.341
142.341
142.341
142.341
142.341
142.341
142.341
142.341
142.341
3633.7
2450.27
142.341
142.341
142.341
423.392
142.341
142.341
142.341
142.341
142.341
142.341
142.341
142.341
142.341
142.341
142.341
142.341
142.341
142.341
142.341
142.341
142.341
142.341
1142.24
231.051
142.341
142.341
142.341
142.341
142.341
142.341
142.341
142.341
142.341
142.341
142.341
921.392
142.341
142.341
142.341
142.341
142.341
1485.21
334.708
158.475
142.341
142.341
142.341
142.341
142.341
142.341
142.341
142.341
142.341
142.341
142.341
142.341
142.341
142.341
2598.59
142.341
1629.2
387.819
171.229
144.051
142.341
142.341
142.341
143.062
146.034
160.891
142.341
142.341
142.341
142.341
142.341
142.341
942.186
142.341
1001.13
645.548
290.146
165.582
144.302
142.57
0
0
0
0
0
0
0
0
0
0
0
0
0
0
0
0
0
0
0
0
0
0
0
0
0
0
0
0
0
0
0
0
0
0
0
0
0
0
0
0
0
0
0
0
0
0
0
0
0
0
0
0
0
0
0
0
0
0
0
0
0
0
0
0
0
0
0
0
0
0
0
0
0
0
0
0
0
0
0
0
0
0
0
0
0
0
0
0
0
0
0
0
0
0
0
0
0
0
0
0
0
0
0
0
0
0
0
0
0
0
0
0
0
0
0
0
0
0
0
0
0
0
0
0
0
0
0
0
0
0
0
0
0
0
0
0
0
0
0
0
0
0
0
0
0
0
0
0
0
0
0
0
0
0
0
0
0
0
0
0
0
0
0
0
0
0
0
0
0
0
0
0
0
0
0
0
0
0
0
0
0
0
0
0
0
0
0
0
0
0
0
0
0
0
0
0
0
0
0
0
)
;
        refGradient     uniform 0;
        valueFraction   nonuniform List<scalar> 
800
(
0
0
0
0
0
0
0
0
0
0
0
0
0
0
0
0
0
0
0
0
0
0
0
0
0
0
0
0
0
0
0
0
0
0
0
0
0
0
0
0
0
0
0
0
0
0
0
0
0
0
0
0
0
0
0
0
0
0
0
0
0
0
0
0
0
0
0
0
0
0
0
0
0
0
0
0
0
0
0
0
0
0
0
0
0
0
0
0
0
0
0
0
0
0
0
0
0
0
0
0
0
0
0
0
0
0
0
0
0
0
0
0
0
0
0
0
0
0
0
0
0
0
0
0
0
0
0
0
0
0
0
0
0
0
0
0
0
0
0
0
0
0
0
0
0
0
0
0
0
0
0
0
0
0
0
0
0
0
0
0
0
0
0
0
0
0
0
0
0
0
0
0
0
0
0
0
0
0
0
0
0
0
0
0
0
0
0
0
0
0
0
0
0
0
0
0
0
0
0
0
0
0
0
0
0
0
0
0
0
0
0
0
0
0
0
0
0
0
0
0
0
0
0
0
0
0
0
0
0
0
0
0
0
0
0
0
0
0
0
0
0
0
0
0
0
0
0
0
0
0
0
0
0
0
0
0
0
0
0
0
0
0
0
0
0
0
0
0
0
0
0
0
0
0
0
0
0
0
0
0
0
0
0
0
0
0
0
0
0
0
0
0
0
0
0
0
0
0
0
0
0
0
0
0
0
0
0
0
0
0
0
0
0
0
0
0
0
0
0
0
0
0
0
0
0
0
0
0
0
0
0
0
0
0
0
0
0
0
0
0
0
0
0
0
0
0
0
0
0
0
0
0
0
0
0
0
0
0
0
0
0
0
0
0
0
0
0
0
0
0
0
0
0
0
0
0
0
0
0
0
0
0
0
0
0
0
0
0
0
0
0
0
0
0
0
0
0
0
0
0
1
1
1
1
1
1
1
1
1
1
1
1
1
1
1
1
1
1
1
1
1
1
1
1
1
1
1
1
1
1
1
1
1
1
1
1
1
1
1
1
1
1
1
1
1
1
1
1
1
1
1
1
1
1
1
1
1
1
1
1
1
1
1
1
1
1
1
1
1
1
1
1
1
1
1
1
1
1
1
1
1
1
1
1
1
1
1
1
1
1
1
1
1
1
1
1
1
1
1
1
1
1
1
1
1
1
1
1
1
1
1
1
1
1
1
1
1
1
1
1
1
1
1
1
1
1
1
1
1
1
1
1
1
1
1
1
1
1
1
1
1
1
1
1
1
1
1
1
1
1
1
1
1
1
1
1
1
1
1
1
1
1
1
1
1
1
1
1
1
1
1
1
1
1
1
1
1
1
1
1
1
1
1
1
1
1
1
1
1
1
1
1
1
1
1
1
1
1
1
1
0
0
0
0
0
0
0
0
0
0
0
0
0
0
0
0
0
0
0
0
0
0
0
0
0
0
0
0
0
0
0
0
0
0
0
0
0
0
0
0
0
0
0
0
0
0
0
0
0
0
0
0
0
0
0
0
0
0
0
0
0
0
0
0
0
0
0
0
0
0
0
0
0
0
0
0
0
0
0
0
0
0
0
0
0
0
0
0
0
0
0
0
0
0
0
0
0
0
0
0
0
0
0
0
0
0
0
0
0
0
0
0
0
0
0
0
0
0
0
0
0
0
0
0
0
0
0
0
0
0
0
0
0
0
0
0
0
0
0
0
0
0
0
0
0
0
0
0
0
0
0
0
0
0
0
0
0
0
0
0
0
0
0
0
0
0
0
0
0
0
0
0
0
0
0
0
0
0
0
0
0
0
0
0
0
0
0
0
0
0
0
0
0
0
0
0
0
0
0
0
)
;
        value           nonuniform List<scalar> 
800
(
142.554
143.142
144.46
146.526
148.99
151.373
153.297
154.606
155.337
155.646
155.703
155.619
155.463
155.297
155.191
155.199
155.363
155.691
156.043
155.991
142.643
144.211
148.509
156.449
167.467
179.675
190.869
199.442
204.746
207.066
207.238
206.17
204.695
203.539
203.215
204.015
206.003
208.689
210.87
210.816
142.824
145.526
153.464
169.611
194.846
226.691
260.123
289.636
311.077
322.948
326.389
324.1
319.49
315.809
315.247
318.572
325.063
332.456
337.308
335.895
143.271
146.843
157.87
181.533
221.61
277.714
344.104
411.041
467.633
506.14
524.723
527.139
521.122
515.081
514.758
521.694
533.525
545.172
550.401
543.527
144.541
148.365
161.425
190.137
240.988
317.462
416.979
529.452
638.06
725.19
780.33
804.229
807.871
805.716
808.22
818.411
832.664
843.501
842.632
823.291
149.976
151.471
165.17
196.552
252.971
341.136
463.671
615.406
779.498
930.194
1044.57
1114.5
1149.18
1165.83
1178.41
1192.04
1203.55
1205.19
1188.86
1148.37
145.842
152.289
168.96
203.213
262.58
355.105
487.72
662.534
869.798
1082.86
1268.66
1406.75
1497.39
1553.75
1589.02
1609.62
1614.51
1598.73
1557.5
1487.61
145.281
154.436
175.055
214.292
277.938
373.472
508.561
690.849
920.337
1178.66
1431.08
1647.09
1813.23
1929.61
2002.59
2036.99
2035.02
1996.43
1923.13
1817.34
146.113
159.887
188.209
239.186
315.82
420.714
561.7
745.373
975.429
1251.85
1549.92
1837.3
2089.55
2282.01
2405.71
2463.19
2456.84
2392.21
2280.73
2132.09
147.412
168.619
216.095
297.379
410.72
544.85
693.951
871.92
1103.75
1376.84
1693.89
2037.67
2353.79
2621.37
2816.15
2915.45
2912.73
2819.79
2657.9
2453.16
149.39
187.171
280.3
433.411
605.766
782.938
981.881
1177.64
1374.72
1603.25
1900.36
2273.56
2672.65
3025.61
3274.87
3426.38
3463.64
3358.66
3136.11
2848.47
191.568
262.919
436.154
704.254
997.986
1272.03
1496.19
1679.41
1826.86
1979.9
2221.62
2592.89
3039.2
3476.22
3846.02
4093.35
4199.52
4122
3839.16
3428.55
450.313
405.145
681.331
1138.45
1613.37
2028.84
2327.41
2471.69
2534.67
2584.21
2737.89
3067.06
3526.93
4062.39
4554.48
4938.33
5187.26
5201.89
4865.67
4293.45
254.31
430.26
923.579
1665.48
2439.78
3085.45
3488.39
3622.59
3583.22
3518.7
3561.88
3800.64
4247.85
4846.69
5482.27
6040.44
6457.7
6595.69
6244.28
5493.14
820.469
804.274
1312.36
2262.33
3334.56
4279.16
4883.22
5098.71
5011.69
4831.6
4744.04
4876.31
5281.5
5902.61
6644.18
7352.45
7934.9
8195.23
7870.18
6979.16
658.023
866.041
1530.08
2681.68
4036.35
5329.86
6263.36
6731.01
6757.81
6557.87
6371.58
6393.88
6722.26
7305.64
8068.17
8825.53
9482.08
9817.98
9548.42
8598.27
615.741
874.699
1560.75
2792.39
4335.39
5948.08
7266.62
8125.25
8464
8441.96
8297.43
8266.95
8503.25
8980.21
9655.22
10334.5
10945.2
11276.4
11057.5
10135.8
502.85
817.339
1469.77
2644.14
4213.29
5972.79
7585.28
8839.25
9597.59
9921.58
9987.95
10020.7
10204.5
10559.6
11084.2
11633.6
12130.1
12403.6
12213.6
11372.9
406.999
741.168
1333.98
2369.15
3820.53
5552.59
7294.87
8825.49
9965.8
10683.9
11069.7
11288.5
11512.7
11800
12179.4
12568.4
12904.7
13066
12864.3
12116.7
329.601
640.984
1158.21
2019.85
3258.86
4810.12
6487.42
8094.25
9448.76
10460.6
11142.5
11588
11925.4
12224.5
12528.5
12804.5
13012.6
13073.9
12857.4
12212.8
142.341
142.341
152.176
142.341
142.341
142.341
142.341
142.341
142.341
142.341
142.341
142.341
884.964
142.341
142.341
1024.22
1015.94
860.51
642.604
248.033
142.341
142.341
142.341
142.341
142.341
142.341
142.341
142.341
142.341
142.341
142.341
142.341
142.341
142.341
142.341
142.341
142.341
142.341
142.341
850.931
142.341
142.341
142.341
142.341
142.341
142.341
142.341
142.341
142.341
142.341
142.341
142.341
142.341
1245.01
142.341
2690.76
142.341
5878.63
142.341
969.731
142.341
142.341
142.341
142.341
142.341
142.341
142.341
142.341
142.341
142.341
142.341
142.341
142.341
142.341
1356.28
142.341
142.341
142.341
3765.09
804.548
142.341
142.341
142.341
142.341
142.341
142.341
142.341
142.341
142.341
142.341
142.341
142.341
142.341
142.341
142.341
142.341
142.341
4489.2
3572.53
638.86
142.341
142.341
142.341
142.341
142.341
142.341
142.341
142.341
142.341
142.341
142.341
142.341
142.341
142.341
3633.7
2450.27
142.341
142.341
142.341
423.392
142.341
142.341
142.341
142.341
142.341
142.341
142.341
142.341
142.341
142.341
142.341
142.341
142.341
142.341
142.341
142.341
142.341
142.341
1142.24
231.051
142.341
142.341
142.341
142.341
142.341
142.341
142.341
142.341
142.341
142.341
142.341
921.392
142.341
142.341
142.341
142.341
142.341
1485.21
334.708
158.475
142.341
142.341
142.341
142.341
142.341
142.341
142.341
142.341
142.341
142.341
142.341
142.341
142.341
142.341
2598.59
142.341
1629.2
387.819
171.229
144.051
142.341
142.341
142.341
143.062
146.034
160.891
142.341
142.341
142.341
142.341
142.341
142.341
942.186
142.341
1001.13
645.548
290.146
165.582
144.302
142.57
621.859
790.057
837.94
882.604
963.489
1093.42
1273.79
1503.88
1790.23
2096.83
2364.53
2540.51
2664.27
2692.45
2601.47
2551.84
2314.87
2000.44
1661.68
1330.01
653.325
976.77
1091.28
1116.17
1133.45
1187.66
1298.92
1478.07
1741.58
2079.93
2460.83
2805.78
3068.08
3190.64
3183.53
3166.48
3061.18
2823.92
2432.82
1905.76
559.69
972.269
1229.37
1337.93
1367.75
1385.62
1437.48
1553.3
1760.98
2072.95
2494.97
2968.6
3421.13
3757.91
3968.52
4160.93
4297.45
4243.71
3803.09
2981.22
425.489
840.402
1204.53
1437.45
1551.48
1599.17
1636.52
1710.12
1861.42
2122.82
2525.83
3067.17
3682.4
4270.87
4808.92
5362.73
5821.94
5987.2
5553.11
4498.39
322.651
672.388
1067.32
1396.94
1618.13
1745.1
1820.3
1893.03
2013.02
2227.99
2596.93
3160.43
3890.02
4735.61
5618.91
6561.96
7368.21
7819.14
7471.06
6301.75
253.074
518.907
884.229
1255.13
1561.9
1781.39
1928.79
2040.95
2165.34
2357.19
2699.51
3267.21
4082.26
5131.54
6419.9
7711.27
8823.4
9500.9
9287.81
8156.21
208.857
398.017
702.905
1064.56
1414.84
1709.13
1935.91
2111.38
2271.49
2470.24
2803.43
3386.86
4277.31
5486.77
6986.11
8594.97
9974.9
10821.2
10776.5
9826.8
181.768
310.512
547.64
867.729
1220.07
1556.15
1847.3
2089.67
2303.64
2538.59
2895.97
3511.19
4454.94
5758.13
7355.95
9058.58
10555.3
11547.3
11755.1
11114.6
165.557
250.502
425.898
690.314
1014.67
1358.64
1687.85
1984.99
2257.11
2539.48
2922.99
3538.22
4478.53
5782.13
7374.4
9064.56
10596.6
11709.4
12192.4
11917.5
155.991
210.816
335.895
543.527
823.291
1148.37
1487.61
1817.34
2132.09
2453.16
2848.47
3428.55
4293.45
5493.14
6979.16
8598.27
10135.8
11372.9
12116.7
12212.8
)
;
        emissivityMode  lookup;
        emissivity      uniform 1;
    }
    outlet
    {
        type            greyDiffusiveRadiation;
        refValue        uniform 0;
        refGradient     uniform 0;
        valueFraction   uniform 0;
        value           nonuniform List<scalar> 
200
(
805.645
1080.79
1233.38
1329.43
1398.96
1457.5
1510.76
1559.53
1601.29
1632.72
1650.89
1654.3
1643.18
1619.14
1585.15
1544
1498.81
1449.91
1395.36
1330.01
809.79
1099.29
1426.11
1745.2
2024.33
2310.7
2549.58
2737.88
2876.44
2976.67
3042.37
3073.95
3072.63
3030.55
2944.79
2776.61
2590.42
2377.13
2158.37
1905.76
940.328
1276.49
1799.26
2440.72
3050.38
3646.57
4134.36
4518.85
4794.91
4993.5
5133.66
5222.33
5261.56
5225.53
5119.09
4868.77
4547.39
4109.98
3599.01
2981.22
1197.04
1527.59
2158.17
3069.3
4023.19
4973.33
5752.06
6374.23
6827.15
7163.45
7404.45
7560.31
7651.23
7638.65
7548.39
7263.86
6858.09
6260.73
5484.12
4498.39
1394.9
1775.68
2442.74
3521.02
4755.12
6055.56
7165.87
8059.96
8715.05
9196.39
9541.01
9774.28
9929.54
9966.08
9911.72
9622.16
9185.98
8512.18
7568.76
6301.75
1069.95
1640.51
2433.14
3642.56
5084.27
6666.6
8091.53
9298.63
10180.3
10800.7
11231.5
11538
11772.9
11852.4
11839.1
11591
11190.1
10538.8
9556.34
8156.21
802.639
1369.99
2191.07
3440.16
4988.96
6735.49
8385.2
9832.79
10924.2
11686.6
12196.5
12549.6
12834.3
12979.3
13045.6
12912.4
12624.2
12089.8
11194.7
9826.8
584.864
1081.28
1836.77
3015.85
4549.43
6325.66
8079.68
9653.31
10882.4
11749.4
12321.2
12710.1
13029.8
13259.2
13434.4
13466.4
13353.1
13011.4
12309.2
11114.6
432.456
835.138
1476.75
2513.16
3932.14
5636.12
7395.56
9020.58
10336.6
11286.5
11914.2
12330.3
12663.2
12943.2
13202.2
13379.1
13443.2
13313.1
12853
11917.5
329.601
640.984
1158.21
2019.85
3258.86
4810.12
6487.42
8094.25
9448.76
10460.6
11142.5
11588
11925.4
12224.5
12528.5
12804.5
13012.6
13073.9
12857.4
12212.8
)
;
        emissivityMode  lookup;
        emissivity      uniform 1;
    }
    ground
    {
        type            greyDiffusiveRadiation;
        refValue        nonuniform List<scalar> 
160
(
191.605
319.813
400.53
442.277
438.134
423.147
395.09
385.411
397.613
453.344
453.355
397.622
385.421
395.102
423.156
438.137
442.272
400.514
319.795
191.594
142.825
143.416
144.014
145.553
147.345
153.979
160.398
178.246
187.34
186.74
186.74
187.34
178.247
160.399
153.98
147.345
145.554
144.014
143.416
142.824
142.41
142.506
142.864
144.174
149.629
154.637
155.084
154.075
152.96
152.371
152.371
152.959
154.075
155.084
154.638
149.63
144.174
142.865
142.506
142.41
142.423
142.654
143.996
145.419
145.425
145.11
144.817
144.722
144.782
144.872
144.872
144.782
144.722
144.817
145.11
145.425
145.419
143.996
142.653
142.423
142.469
142.736
143.154
143.283
143.324
143.347
143.37
143.398
143.416
143.419
143.419
143.416
143.398
143.37
143.347
143.324
143.283
143.154
142.736
142.469
142.538
142.733
142.855
142.895
142.923
142.949
142.978
143.002
143.018
143.03
143.03
143.018
143.002
142.978
142.949
142.923
142.895
142.855
142.733
142.538
142.614
142.74
142.778
142.79
142.798
142.804
142.807
142.809
142.81
142.81
142.81
142.81
142.809
142.807
142.804
142.798
142.79
142.778
142.74
142.614
142.668
142.694
142.683
142.668
142.653
142.639
142.628
142.618
142.612
142.609
142.609
142.612
142.618
142.628
142.639
142.653
142.668
142.683
142.694
142.668
)
;
        refGradient     uniform 0;
        valueFraction   uniform 1;
        value           nonuniform List<scalar> 
160
(
191.605
319.813
400.53
442.277
438.134
423.147
395.09
385.411
397.613
453.344
453.355
397.622
385.421
395.102
423.156
438.137
442.272
400.514
319.795
191.594
142.825
143.416
144.014
145.553
147.345
153.979
160.398
178.246
187.34
186.74
186.74
187.34
178.247
160.399
153.98
147.345
145.554
144.014
143.416
142.824
142.41
142.506
142.864
144.174
149.629
154.637
155.084
154.075
152.96
152.371
152.371
152.959
154.075
155.084
154.638
149.63
144.174
142.865
142.506
142.41
142.423
142.654
143.996
145.419
145.425
145.11
144.817
144.722
144.782
144.872
144.872
144.782
144.722
144.817
145.11
145.425
145.419
143.996
142.653
142.423
142.469
142.736
143.154
143.283
143.324
143.347
143.37
143.398
143.416
143.419
143.419
143.416
143.398
143.37
143.347
143.324
143.283
143.154
142.736
142.469
142.538
142.733
142.855
142.895
142.923
142.949
142.978
143.002
143.018
143.03
143.03
143.018
143.002
142.978
142.949
142.923
142.895
142.855
142.733
142.538
142.614
142.74
142.778
142.79
142.798
142.804
142.807
142.809
142.81
142.81
142.81
142.81
142.809
142.807
142.804
142.798
142.79
142.778
142.74
142.614
142.668
142.694
142.683
142.668
142.653
142.639
142.628
142.618
142.612
142.609
142.609
142.612
142.618
142.628
142.639
142.653
142.668
142.683
142.694
142.668
)
;
        emissivityMode  lookup;
        emissivity      uniform 1;
    }
    inlet
    {
        type            greyDiffusiveRadiation;
        refValue        uniform 142.341;
        refGradient     uniform 0;
        valueFraction   uniform 1;
        value           uniform 142.341;
        emissivityMode  lookup;
        emissivity      uniform 1;
    }
    region0_to_pyrolysisRegion_coupledWall
    {
        type            greyDiffusiveRadiation;
        refValue        nonuniform List<scalar> 
400
(
581.108
837.034
1051.87
1181.66
1176.72
1127.35
1064.69
1017.31
962.499
943.254
943.368
962.524
1017.35
1064.6
1127.2
1176.58
1181.49
1051.76
837.004
581.077
615.081
734.148
939.024
1381.96
1655.24
1792.4
1717.74
1601.67
1474.59
1389.56
1389.42
1473.5
1601.32
1717.47
1792.15
1655.06
1381.81
938.934
734.158
615.09
681.515
742.932
838.647
1013.85
1305.94
1899.68
2141.45
2096.03
1901.33
1754.24
1753.95
1899.48
2095.41
2141.08
1899.37
1305.73
1013.67
838.56
742.991
681.57
792.898
829.759
883.584
980.279
1147.04
1483.1
2116.21
2380.43
2324.35
2111.65
2111.4
2322.64
2379.79
2115.74
1482.72
1146.81
980.124
883.535
829.864
792.991
944.376
970.182
1002.95
1065.47
1181.68
1388.69
1790.62
2427.25
2622.26
2458.77
2458.62
2620.84
2426.69
1790.07
1388.39
1181.48
1065.38
1002.95
970.323
944.497
1134.47
1162.09
1189.36
1240.66
1341.29
1512.37
1797.25
2381.38
2860.04
2839.47
2839.45
2858.87
2380.81
1796.8
1512.15
1341.15
1240.63
1189.41
1162.24
1134.6
1356.63
1405.14
1451.69
1510.53
1615.07
1785.64
2045.94
2548.59
3178.26
3268.98
3269.1
3177.5
2548.18
2045.61
1785.5
1614.99
1510.54
1451.77
1405.28
1356.77
1599.16
1707.03
1839.15
1917.96
2018.66
2194.98
2466.73
2980.17
3624.19
3769.15
3769.35
3623.76
2979.9
2466.54
2194.93
2018.64
1918.03
1839.25
1707.14
1599.32
1848.42
2097.64
2477.25
2503.91
2568.53
2741.34
3041.47
3622.3
4171.99
4323.42
4323.68
4171.88
3622.14
3041.42
2741.4
2568.62
2504.11
2477.45
2097.7
1848.59
2046.58
2472
3060.7
3201.8
3256.53
3439.52
3789.48
4319.5
4705.02
4813.35
4813.63
4705.18
4319.63
3789.57
3439.71
3256.8
3202.22
3060.96
2472
2046.74
2142.11
2647.39
3288.36
3833.43
4148.03
4388.77
4676.81
4969.36
5168.16
5205.66
5205.94
5168.49
4969.71
4677.15
4389.1
4148.44
3833.61
3288.26
2647.32
2142.18
2173
2705.54
3252
3748.68
4244.3
4719.72
5083.61
5321.28
5439.36
5450.96
5451.19
5439.71
5321.63
5083.87
4719.76
4244.3
3748.66
3251.94
2705.4
2172.95
2260.6
2802.28
3293.54
3702.23
4072
4386.08
4627.56
4816.43
4941.16
4990.25
4990.33
4941.3
4816.61
4627.75
4386.2
4072.1
3702.29
3293.49
2802.1
2260.46
2274.25
2776.88
3251.75
3638.72
3984.95
4262.98
4458.48
4594.43
4675.55
4707.52
4707.6
4675.74
4594.66
4458.72
4263.16
3985.1
3638.82
3251.74
2776.66
2274.09
2139.95
2646.81
3056.91
3394.02
3710.39
3990.77
4203.15
4352.61
4441.02
4479.29
4479.37
4441.2
4352.85
4203.4
3990.97
3710.53
3394.1
3056.88
2646.63
2139.82
2252.72
2513.9
2700.52
2891.01
3103.56
3332.95
3531.24
3686.37
3783.63
3830.86
3830.92
3783.81
3686.61
3531.48
3333.15
3103.68
2891.05
2700.47
2513.76
2252.56
1961.29
2168.13
2304.99
2433.86
2577.21
2734.32
2881.1
3003.37
3086.74
3129.11
3129.16
3086.87
3003.54
2881.28
2734.48
2577.32
2433.94
2305.06
2168.23
1961.42
1646.29
1795.83
1900.23
1990.09
2082.73
2182.37
2279.05
2363.02
2423.2
2454.7
2454.72
2423.27
2363.11
2279.16
2182.48
2082.85
1990.23
1900.4
1796.04
1646.52
1339.59
1427.36
1493.33
1547.49
1598.67
1651.34
1703.07
1749.23
1783.43
1801.7
1801.7
1783.45
1749.25
1703.11
1651.41
1598.79
1547.66
1493.57
1427.66
1339.89
1054.98
1096.03
1128.92
1154.98
1177
1197.79
1217.86
1236.12
1250.03
1257.6
1257.59
1250
1236.09
1217.84
1197.8
1177.09
1155.14
1129.17
1096.33
1055.31
)
;
        refGradient     uniform 0;
        valueFraction   uniform 1;
        value           nonuniform List<scalar> 
400
(
581.108
837.034
1051.87
1181.66
1176.72
1127.35
1064.69
1017.31
962.499
943.254
943.368
962.524
1017.35
1064.6
1127.2
1176.58
1181.49
1051.76
837.004
581.077
615.081
734.148
939.024
1381.96
1655.24
1792.4
1717.74
1601.67
1474.59
1389.56
1389.42
1473.5
1601.32
1717.47
1792.15
1655.06
1381.81
938.934
734.158
615.09
681.515
742.932
838.647
1013.85
1305.94
1899.68
2141.45
2096.03
1901.33
1754.24
1753.95
1899.48
2095.41
2141.08
1899.37
1305.73
1013.67
838.56
742.991
681.57
792.898
829.759
883.584
980.279
1147.04
1483.1
2116.21
2380.43
2324.35
2111.65
2111.4
2322.64
2379.79
2115.74
1482.72
1146.81
980.124
883.535
829.864
792.991
944.376
970.182
1002.95
1065.47
1181.68
1388.69
1790.62
2427.25
2622.26
2458.77
2458.62
2620.84
2426.69
1790.07
1388.39
1181.48
1065.38
1002.95
970.323
944.497
1134.47
1162.09
1189.36
1240.66
1341.29
1512.37
1797.25
2381.38
2860.04
2839.47
2839.45
2858.87
2380.81
1796.8
1512.15
1341.15
1240.63
1189.41
1162.24
1134.6
1356.63
1405.14
1451.69
1510.53
1615.07
1785.64
2045.94
2548.59
3178.26
3268.98
3269.1
3177.5
2548.18
2045.61
1785.5
1614.99
1510.54
1451.77
1405.28
1356.77
1599.16
1707.03
1839.15
1917.96
2018.66
2194.98
2466.73
2980.17
3624.19
3769.15
3769.35
3623.76
2979.9
2466.54
2194.93
2018.64
1918.03
1839.25
1707.14
1599.32
1848.42
2097.64
2477.25
2503.91
2568.53
2741.34
3041.47
3622.3
4171.99
4323.42
4323.68
4171.88
3622.14
3041.42
2741.4
2568.62
2504.11
2477.45
2097.7
1848.59
2046.58
2472
3060.7
3201.8
3256.53
3439.52
3789.48
4319.5
4705.02
4813.35
4813.63
4705.18
4319.63
3789.57
3439.71
3256.8
3202.22
3060.96
2472
2046.74
2142.11
2647.39
3288.36
3833.43
4148.03
4388.77
4676.81
4969.36
5168.16
5205.66
5205.94
5168.49
4969.71
4677.15
4389.1
4148.44
3833.61
3288.26
2647.32
2142.18
2173
2705.54
3252
3748.68
4244.3
4719.72
5083.61
5321.28
5439.36
5450.96
5451.19
5439.71
5321.63
5083.87
4719.76
4244.3
3748.66
3251.94
2705.4
2172.95
2260.6
2802.28
3293.54
3702.23
4072
4386.08
4627.56
4816.43
4941.16
4990.25
4990.33
4941.3
4816.61
4627.75
4386.2
4072.1
3702.29
3293.49
2802.1
2260.46
2274.25
2776.88
3251.75
3638.72
3984.95
4262.98
4458.48
4594.43
4675.55
4707.52
4707.6
4675.74
4594.66
4458.72
4263.16
3985.1
3638.82
3251.74
2776.66
2274.09
2139.95
2646.81
3056.91
3394.02
3710.39
3990.77
4203.15
4352.61
4441.02
4479.29
4479.37
4441.2
4352.85
4203.4
3990.97
3710.53
3394.1
3056.88
2646.63
2139.82
2252.72
2513.9
2700.52
2891.01
3103.56
3332.95
3531.24
3686.37
3783.63
3830.86
3830.92
3783.81
3686.61
3531.48
3333.15
3103.68
2891.05
2700.47
2513.76
2252.56
1961.29
2168.13
2304.99
2433.86
2577.21
2734.32
2881.1
3003.37
3086.74
3129.11
3129.16
3086.87
3003.54
2881.28
2734.48
2577.32
2433.94
2305.06
2168.23
1961.42
1646.29
1795.83
1900.23
1990.09
2082.73
2182.37
2279.05
2363.02
2423.2
2454.7
2454.72
2423.27
2363.11
2279.16
2182.48
2082.85
1990.23
1900.4
1796.04
1646.52
1339.59
1427.36
1493.33
1547.49
1598.67
1651.34
1703.07
1749.23
1783.43
1801.7
1801.7
1783.45
1749.25
1703.11
1651.41
1598.79
1547.66
1493.57
1427.66
1339.89
1054.98
1096.03
1128.92
1154.98
1177
1197.79
1217.86
1236.12
1250.03
1257.6
1257.59
1250
1236.09
1217.84
1197.8
1177.09
1155.14
1129.17
1096.33
1055.31
)
;
        emissivityMode  solidRadiation;
        emissivity      uniform 0;
    }
}


// ************************************************************************* //
