/*--------------------------------*- C++ -*----------------------------------*\
  =========                 |
  \\      /  F ield         | OpenFOAM: The Open Source CFD Toolbox
   \\    /   O peration     | Website:  https://openfoam.org
    \\  /    A nd           | Version:  7
     \\/     M anipulation  |
\*---------------------------------------------------------------------------*/
FoamFile
{
    version     2.0;
    format      ascii;
    class       volScalarField;
    location    "1";
    object      ILambda_10_0;
}
// * * * * * * * * * * * * * * * * * * * * * * * * * * * * * * * * * * * * * //

dimensions      [1 0 -3 0 0 0 0];

internalField   nonuniform List<scalar> 
4000
(
1024.65
1538.57
1860.25
2132.91
2392.71
2656.97
2931.41
3213.82
3497.73
3775.68
1635.37
2389.7
2569.19
2759.72
2956.34
3160.25
3369.13
3576.74
3775.86
3961.06
2106.39
3020.16
3178.06
3316.92
3451.32
3585.01
3714.44
3833.18
3936.16
4022.06
2307.75
3333.54
3551.87
3680.74
3774.12
3846.91
3900.24
3932.08
3942.79
3937.08
2236.07
3342.24
3634.33
3788.49
3869.57
3902.34
3895.9
3855.91
3790.58
3711.74
2020.82
3153.24
3496.48
3678.15
3760.72
3771.1
3723.28
3630.39
3509.18
3378.72
1899.18
2943.53
3263.49
3447.42
3530.63
3526.05
3446.75
3313.01
3150.63
2985.3
1819.75
2711.34
3006.96
3199.18
3282.57
3256.69
3139.67
2963.85
2765.28
2574.47
1736.01
2558.58
2857.87
3050.14
3103.6
3022.83
2843.99
2615.59
2381.41
2171.65
1725.78
2568.7
2871.14
3018.32
2986.35
2808.82
2548.24
2265.58
2004.15
1786.42
1756.42
2651.35
2939.14
2995.13
2839.55
2552.15
2218.91
1902.16
1634.53
1425.27
1814.68
2763.03
2981.88
2895.79
2602.32
2223.93
1851.93
1534.23
1285.08
1099.54
1897.55
2863.07
2930.39
2672.33
2263.8
1840.29
1473.7
1186.5
973.929
820.835
1941.92
2844.7
2718.83
2318.29
1854.81
1442.11
1118.57
881.615
713.544
595.079
1984.86
2697.8
2378.41
1890.74
1432.31
1071.59
811.511
631.373
507.855
422.33
1986.02
2426.8
1941.42
1434
1033.51
751.543
562.771
438.176
355.269
299.01
1785.91
1977.7
1430.11
989.305
689.259
497.411
376.879
300.61
251.379
218.88
1412.67
1443.02
933.3
615.073
427.286
317.494
252.492
213.104
188.62
173.096
910.456
855.635
515.5
344.381
255.706
207.974
181.328
165.964
156.87
151.422
411.819
312.875
231.33
189.561
167.884
156.402
150.201
146.793
144.891
143.84
854.445
1203.55
1517.98
1823.95
2144.81
2491.35
2862.49
3249.46
3640.47
4024.24
1266.51
1841.39
2154.69
2428.68
2710.8
3011.34
3324.5
3638.59
3942.31
4227.86
2023.59
2943.01
3018.97
3150.52
3329.36
3536.07
3751.21
3959.03
4149.86
4320.61
2841.28
4000.86
3826.23
3807.45
3866.94
3958.96
4055.88
4142.11
4212.23
4268.83
3215.74
4401.04
4272.83
4208.6
4186.16
4177.57
4164.1
4137.84
4100.8
4061.74
2995.36
4298.81
4316.33
4275.88
4219.18
4145.39
4051.2
3940.6
3825.15
3719.82
2714.92
4006.43
4073.91
4064.11
4006.44
3902.79
3760.45
3596.35
3432.61
3289.67
2579.53
3511.23
3652.11
3706.07
3672.75
3556.3
3380.5
3179.62
2986.64
2825.2
2453
3090.8
3314.8
3416.57
3375.6
3216.88
2991.6
2752.09
2536.98
2366.91
2389.06
3038.97
3267.56
3310.27
3169.78
2911.74
2613.63
2334.07
2104.7
1934.5
2430.97
3162.82
3345.79
3246.86
2951.22
2578.39
2219.1
1920.45
1695.3
1536.65
2534.13
3371.9
3403.38
3090
2632.89
2179.85
1803.15
1520.15
1320.13
1182.87
2618.41
3613.11
3324.36
2772.03
2207.43
1741.75
1397.94
1158.41
995.04
882.438
2675.48
3605.5
2986.12
2295.92
1728.32
1318.49
1040.26
854.477
728.273
639.002
2764.05
3312.84
2477.8
1770.93
1276.74
954.967
748.48
612.735
519.235
451.436
2589.33
2831.01
1884.07
1263.13
888.13
662.635
521.977
429.028
363.949
316.399
1924.29
2075.1
1257.5
821.226
582.752
443.921
356.811
298.392
257.394
227.998
1159.05
1140.33
712.581
491.589
368.422
294.007
246.122
214.027
192.096
177.129
637.611
506.734
371.318
287.784
235.453
202.197
180.889
167.176
158.356
152.818
393.669
283.495
221.06
186.748
167.663
156.917
150.798
147.282
145.249
144.15
744.103
964.021
1244.13
1581.8
1975.53
2419.21
2900.48
3402.96
3909.8
4406.09
928.669
1259.32
1624.03
2016.18
2436.44
2879
3331.05
3777.27
4204.69
4604.73
1275.54
1804.38
2231.63
2626.96
3016.21
3400.76
3770.66
4114.75
4426.74
4706.24
1953.37
2796.65
3111.29
3383.97
3651.52
3909.17
4144.37
4349.01
4523.29
4673.96
3081.32
4194.81
4098.68
4120.03
4196.52
4283.63
4357.71
4411.66
4450.48
4485.39
3412.68
4885.52
4686.5
4549.19
4469.47
4405.14
4336.77
4263.41
4195.4
4146.28
3285.33
4910.49
4727.21
4547.83
4392.63
4237.2
4076.59
3921.57
3789.32
3694.6
3117.32
4403.95
4308.18
4192.25
4043.91
3857.4
3652.2
3457.13
3297.4
3187.48
2930.48
3594.24
3743.68
3749.32
3623.05
3411.24
3172.75
2955.27
2787.12
2677.51
2842.71
3372.88
3553.79
3506.4
3287.26
2992.55
2703.65
2467.11
2299.19
2195.79
2872.94
3515.19
3593.27
3350.9
2961.8
2566.57
2239.77
2002.64
1847.48
1754.67
2954.31
3820.32
3599.02
3077.06
2534.3
2093
1778.3
1571.28
1441.7
1361.56
2996.93
4113.36
3367.38
2600.75
2011.09
1610.92
1355.84
1196.07
1093.61
1023.24
2927.01
3753.01
2747.65
1977.63
1485.93
1188.16
1006.55
889.186
806.417
742.439
2726.03
3034.6
2017.07
1398.49
1055.54
858.476
733.9
645.379
576.464
519.931
2077.54
2024.79
1289.31
924.894
730.378
610.198
524.097
456.324
401.137
356.15
1056.25
969.585
743.523
603.749
505.37
429.098
367.523
317.683
278.15
247.655
739.476
620.445
512.327
424.717
354.531
299.305
256.846
224.938
201.59
185.13
570.473
452.079
359.032
290.906
242.723
209.403
186.756
171.586
161.576
155.377
399.666
288.708
226.473
191.137
170.845
159.084
152.22
148.198
145.842
144.755
754.412
945.358
1217.21
1579.21
2029.01
2553.52
3131.83
3740.25
4356.47
4960.56
854.021
1108.47
1457.48
1892.67
2397.41
2948.32
3519.02
4085.6
4630.23
5140.8
1028.4
1395.69
1845.88
2348.8
2879.84
3414.05
3928.34
4406.28
4840.5
5230.55
1346.47
1906.76
2451.86
2971.88
3461.55
3909.96
4306.88
4649.1
4942.64
5198.51
1946.01
2810.33
3322.3
3726.44
4065.87
4346.85
4571.1
4746.93
4890.3
5018.8
3031.47
4256.51
4346.09
4443.61
4532.98
4595.67
4628.57
4642.5
4655.95
4686
3543.55
5158.95
4971.14
4797.63
4666.06
4543.73
4425.12
4321.97
4251.53
4225.8
3571.48
5163.85
4880.33
4627.16
4404.39
4190.03
3993.7
3835.46
3732.41
3690.4
3339.6
4220.59
4236.57
4112.64
3906.09
3666.98
3445.43
3275.79
3173.84
3137.59
3157.22
3710.03
3820.5
3685.91
3419.88
3131.27
2889.53
2723.19
2634.05
2607.46
3171.64
3822.84
3754.86
3390.2
2967.08
2610.39
2359.93
2209.79
2137.56
2116.23
3246.7
4134.48
3613.61
2954.25
2426.15
2072.09
1860.68
1746.6
1692.26
1669
3141.91
4100.36
3065.92
2294.67
1828.98
1569.04
1428.36
1350.67
1304.19
1270.32
2710.13
3096.27
2154.35
1602.65
1321.04
1173.68
1086.21
1023.73
972.036
924.645
1970.82
1934.27
1365.99
1102.55
969.444
884.475
815.158
751.686
693.075
639.412
1086.7
992.747
880.647
800.88
730.549
661.329
593.192
529.112
472.307
423.881
854.912
774.798
699.724
624.87
550.186
478.827
414.389
359.277
314.591
279.833
715.54
631.612
545.233
463.195
390.491
329.611
281.03
243.909
216.617
197.563
588.532
480.009
386.964
314.414
260.796
222.557
196.019
178.077
166.24
159.322
422.141
306.056
238.705
199.306
176.112
162.401
154.276
149.479
146.675
146.085
834.05
1040.35
1341.68
1752.63
2271.26
2880.96
3555.85
4268.04
4991.51
5700.13
895.253
1151.08
1522.3
2008.74
2591.12
3237.88
3914
4589.84
5243.78
5857.68
1002.54
1340.6
1806.6
2374.16
3004.06
3653.93
4287.64
4882.68
5428.78
5921.4
1196
1667.71
2248.48
2879.85
3512.42
4107.43
4641.33
5108.26
5514.96
5871.94
1547.84
2227.47
2904.86
3529.23
4076.99
4536.29
4908.75
5209.69
5462.41
5687.82
2196.91
3166.98
3793.8
4252.15
4590.92
4833.25
5002.35
5127.39
5238.91
5358.44
3312.67
4631.98
4766.58
4842.94
4876.33
4872.01
4847.62
4829.37
4842.14
4898.29
3792.82
5462.39
5204.75
4959.27
4757.23
4579.36
4434.44
4340.89
4312.76
4349.61
3734.42
5007.78
4777.01
4514.69
4257.31
4025.65
3848.39
3745.63
3722.62
3767.34
3452.23
4076.02
4108.93
3909.67
3636.86
3391.79
3222
3140.71
3139.42
3194.68
3417.38
4097.31
3878.17
3446.98
3056.11
2784.64
2633.94
2581.1
2596.92
2649.47
3419.71
4371.36
3536.59
2848.71
2423.02
2198.07
2101.51
2080.88
2100.93
2133.71
2982.33
3552.34
2605.84
2055.41
1798.07
1691.89
1655.03
1647.69
1650.72
1649.94
2182.96
2156.43
1644.07
1435.44
1357.58
1323.59
1298.09
1271.39
1242.25
1207.42
1250.71
1173.43
1124.63
1101.94
1077.28
1039.58
989.82
934.58
879.757
825.978
999.327
967.8
943.198
907.234
854.056
787.13
714.579
644.894
583.244
529.774
865.192
833.795
785.043
718.043
639.789
559.264
484.336
420.511
369.521
329.792
762.379
699.483
616.468
527.891
444.57
372.629
314.437
270.255
238.452
216.527
648.156
537.014
433.959
350.107
286.545
240.542
208.382
186.717
172.803
165.362
469.693
336.961
258.281
211.462
183.551
166.91
157.006
151.167
147.828
148.835
972.944
1220.34
1580.2
2065.95
2672.55
3379.81
4158.99
4980.73
5816.03
6628.86
1014.04
1310.98
1741.82
2305.88
2979.92
3727
4507.77
5291.19
6053.37
6765.44
1088.16
1459.3
1981.18
2628.99
3356.52
4111.87
4852.18
5553.89
6205.35
6791.49
1226.3
1708.96
2342.83
3066.66
3812.92
4525.6
5172.28
5747.81
6258.59
6706.94
1475.66
2124.5
2875.85
3632.88
4328.1
4925.25
5419.6
5831.6
6187.45
6503.17
1917.66
2797.54
3609.55
4289.95
4824.14
5223.09
5517.93
5751.54
5962.83
6170.74
2705.22
3851.38
4500.07
4907.51
5156.99
5301.24
5388.77
5467.93
5573.83
5715.52
3752.09
5279.37
5284.23
5225.66
5147.75
5062.98
4999.31
4988.17
5047.21
5167.95
3992.6
5480.12
5211.03
4936.39
4700.29
4515.73
4403.12
4379.14
4444.38
4573.98
3749.34
4512.31
4470.01
4241.11
3997.68
3817.88
3729.95
3739.31
3832.51
3972.58
3622.3
4317.34
4008.01
3600
3299.68
3137.14
3091.94
3139.15
3248.86
3378.09
3413.42
4244.51
3399.33
2855.84
2596.56
2511.47
2524.65
2596.03
2695.31
2786.54
2648.55
2878.71
2284.74
2037.95
1981.56
2001.92
2048.75
2106.49
2163.14
2197.32
1610.48
1546.75
1522.05
1555.82
1599.4
1629.79
1643.78
1649.17
1647.15
1626.24
1216.6
1240.13
1283.77
1316.73
1322.17
1298.7
1256.81
1210.19
1163.84
1110.57
1058.21
1091.62
1108.94
1093.2
1043.99
971.795
891.626
817.862
754.763
696.149
953.834
960.01
926.335
857.56
767.732
672.201
583.474
510.603
455.026
410.011
864.05
811.92
722.348
618.611
517.907
430.199
359.634
307.364
271.819
246.892
747.172
622.088
499.864
398.106
320.199
263.694
224.343
198.292
182.445
174.491
541.16
381.148
285.158
227.612
193.181
172.652
160.471
153.408
149.499
153.558
1174.49
1485.57
1928.51
2510.28
3220.9
4038
4932.62
5875.93
6832.63
7747.81
1210.04
1580.51
2102.67
2768.28
3548.69
4404.32
5295.69
6194.01
7070.12
7873.77
1270.3
1717.94
2332.24
3082.1
3914.97
4774.7
5618.1
6426.24
7183.54
7851.96
1383.61
1935.69
2658.55
3485.35
4337.98
5152.68
5896.64
6572.73
7184.12
7710.45
1591.31
2291.94
3132.75
4003.02
4813.52
5515.7
6106.38
6617.41
7072.06
7465.77
1950.64
2852.91
3781.86
4610.61
5282.2
5795.43
6189.07
6521.17
6830.93
7118.21
2560.74
3696.03
4577.59
5204.74
5619.46
5883.78
6068.18
6242.67
6446.14
6668.49
3576.51
4877.39
5360.18
5579.75
5659.85
5678.74
5699.26
5776.61
5931.92
6134.77
4210.11
5775.11
5658.3
5452.9
5277.51
5155.55
5111.97
5173.2
5336.28
5550.23
4053.87
5074.45
4978.6
4744.36
4543.6
4429.38
4418.55
4521.46
4718.47
4943.45
3842.12
4636.64
4301.54
3957.87
3757.2
3694.91
3745.36
3895.98
4111.19
4318.26
3416.15
4053.17
3433.35
3094.16
2996.3
3031.29
3142.68
3313.21
3506.92
3658.39
2389.48
2389.84
2261.59
2288.06
2384.25
2499.98
2621.93
2756.95
2884.98
2955.4
1585.09
1666.45
1785.55
1910.43
2013.48
2086.63
2141.41
2195.41
2237.57
2230.1
1352.92
1461.95
1571.05
1647.69
1678.29
1669.71
1643.05
1620.06
1595.21
1539.78
1215.5
1310.76
1365.95
1365.54
1315.76
1236.51
1151.6
1082.67
1026.34
959.195
1117.84
1158.25
1133.13
1054.48
945.745
830.983
728.027
650.107
594.943
542.412
1023.52
973.907
867.877
739.743
614.607
506.933
422.46
363.474
326.876
298.1
888.421
737.043
585.69
459.051
362.38
292.856
245.08
214.81
198.046
187.638
638.69
439.407
319.583
247.833
205.068
179.735
164.843
156.588
152.315
150.479
1444
1841.13
2386.59
3078.13
3903.39
4842.3
5868.26
6952.02
8041.06
9045.63
1495.33
1972.13
2611.3
3394.4
4291.33
5265.63
6281.5
7312.94
8312.51
9188.54
1562.89
2127.23
2862.34
3728.77
4672.58
5640.18
6593.61
7521.45
8389.5
9115.54
1667.72
2334.3
3175.16
4114.42
5070.16
5978.98
6816.12
7599.07
8312.52
8891.1
1860.25
2666.56
3619.09
4596.6
5502.12
6286.29
6958.93
7571.03
8125.92
8574.65
2196.01
3190.53
4232.8
5172.01
5936.92
6526.47
6998.04
7429.8
7842.36
8189.64
2746.01
3959.49
4988.9
5749.87
6264.49
6605.82
6866.86
7140.27
7450.28
7737.65
3626.11
4998.79
5753.99
6142.87
6327.99
6421.63
6514.17
6688.01
6952.69
7225.45
4510.65
6106.47
6187.94
6091
5987.92
5927.48
5950.17
6105.54
6381.39
6671.09
4456.3
5730.04
5629.99
5417.93
5262.94
5206.74
5266.08
5468.37
5786.75
6089.32
4193.41
5134.58
4824.99
4551.43
4431.05
4448.02
4583.48
4847.83
5189.52
5466.9
3602.68
4166.8
3783.73
3610.2
3627.93
3754.41
3958.38
4251.01
4563.54
4765.64
2423.52
2521.92
2636.29
2806.07
2996.09
3187.53
3393.66
3640.41
3866.8
3959.95
1834.21
2022.45
2230.91
2426.53
2585.66
2710.58
2829.88
2969.72
3079.53
3068.94
1617.42
1814.85
1990.87
2112.83
2174.29
2191.32
2200.84
2231.83
2244.41
2168.42
1481.11
1645.52
1739.16
1751.33
1700.37
1619.23
1542.74
1499.47
1459.69
1367.5
1374.72
1451.07
1427.75
1329.64
1195.59
1061.34
950.158
879.868
831.847
760.865
1253.16
1197.7
1062.88
899.192
742.474
612.575
515.988
456.927
424.586
388.293
1075.34
883.488
692.214
533.71
414.347
330.034
273.448
241.169
226.62
215.238
762.75
511.545
361.316
272.056
219.329
188.464
170.585
161.859
157.948
156.439
1782.7
2283.18
2939.58
3744.27
4691.21
5768.15
6949.55
8198.01
9420.67
10474.8
1888.18
2500.87
3270.08
4175
5195.97
6306.96
7475
8669.64
9793.16
10689.8
2004.61
2721.13
3588.77
4573.43
5631.6
6720.33
7808.85
8885.52
9857.84
10581.1
2106.5
2926.32
3900.21
4953.99
6010.27
7014.8
7959.5
8871.12
9679.26
10251.5
2286.43
3235.48
4308.08
5384.55
6371.74
7226.42
7985.13
8718.75
9372.9
9825.98
2624.62
3746.6
4891.21
5912.6
6741.18
7383.58
7929.2
8481.59
9003.18
9368.4
3184.93
4510.32
5634.31
6466.17
7032.95
7421.84
7753.3
8147.11
8577.1
8893.39
4065.1
5527.01
6393.59
6864.42
7104.7
7247.78
7407
7694.53
8088.88
8399.94
4958.52
6596.34
6851.64
6849.64
6802.09
6792.87
6878.71
7137.37
7552.78
7891.26
4924.93
6430.75
6393.88
6226.23
6112.92
6107.76
6235.48
6541.65
7010.4
7363.72
4670.35
5789.53
5553.33
5342.97
5279.64
5361.08
5579.52
5968.68
6467.87
6785.53
4070.4
4646.28
4433.2
4364.45
4456.64
4660.42
4963.61
5408.7
5869.95
6086.03
2866.34
3081.47
3290.59
3534.92
3795.51
4067.19
4384.44
4792.38
5140.02
5209.36
2251.58
2545.5
2837.74
3104.76
3334.14
3535.21
3758.91
4038.83
4231.2
4164.84
2020.82
2315.42
2560.07
2736.98
2847.49
2915.28
2999.94
3131.71
3187.64
3037.04
1881.76
2127.94
2259.73
2285.36
2242.05
2177.31
2141.27
2159.43
2135.84
1969.57
1761.29
1876.81
1843.29
1715.67
1553.94
1409.48
1311.1
1273.62
1230.81
1106.05
1581.69
1507.24
1323.8
1110.46
916.721
768.03
669.56
627.73
602.038
541.06
1310.92
1062.29
819.984
623.741
479.333
380.204
316.282
289.236
281.89
265.257
911.23
596.134
409.747
300.376
236.493
199.762
178.938
172.717
170.415
168.823
2176.55
2778.45
3536.52
4449.6
5529.99
6772.42
8140.79
9571.97
10895.7
11916.8
2399.39
3154.17
4045.43
5067.18
6229.96
7516.68
8880.94
10271.7
11474.4
12289.3
2656.34
3533.63
4513.77
5604.07
6791.52
8043.78
9315.03
10574.3
11591.5
12192.7
2741.47
3739.34
4841.68
6008.63
7176.14
8302.56
9387.6
10449.4
11301.1
11755.1
2884.61
4002.29
5186.32
6353.07
7422
8358.42
9225.78
10106.1
10827.3
11189.7
3226.83
4484.78
5706.88
6786.87
7665.72
8359.69
8995.81
9698.21
10313.6
10620.8
3814.28
5248.9
6418.46
7270.5
7865.69
8295.87
8710.27
9250.74
9797.87
10088.2
4718.38
6259.4
7167.75
7660.2
7920.19
8107.21
8338.98
8759.94
9295.33
9595.74
5521.07
7310.15
7651.33
7681.32
7663.87
7702.51
7858.11
8223.44
8819.96
9138.9
5474.45
7227.83
7266.27
7123.13
7037.25
7082.86
7286.09
7695.05
8345.68
8681.15
5260.29
6615.67
6454.68
6273.42
6245.92
6389.8
6698.38
7212.79
7900.22
8183.05
4734.05
5459.43
5324.67
5293.52
5436.3
5720.99
6137.03
6747.91
7387.95
7533.32
3568.68
3882.57
4140.09
4430.45
4759.51
5135.17
5593.35
6200.08
6657.95
6627.1
2844.81
3246.75
3604.57
3940.48
4269.95
4588.26
4967.07
5431.67
5679.57
5467.03
2576.78
2969.3
3278.85
3531.14
3729.78
3898.85
4115.96
4393.68
4456.27
4127.54
2437.04
2771.63
2937.59
2991.81
2991.35
2991.75
3048.2
3163.81
3114.27
2776.04
2322.33
2468
2405.4
2248.26
2078.19
1959.63
1912.74
1935.99
1858.17
1604.8
2063.32
1938.54
1672.21
1393.69
1167.94
1021.83
944.692
949.244
905.045
779.7
1598.62
1272.92
969.81
733.258
565.767
455.718
388.818
385.358
379.919
349.955
1079.42
690.975
464.679
333.939
258.318
216.219
193.03
199.857
197.27
194.429
2574.79
3241.44
4080.01
5103.17
6345.42
7789.95
9368.53
10963
12300.2
13154.7
2974.55
3827.86
4830.76
5974.88
7334.8
8863.09
10470.5
12053.3
13220.3
13787.3
3485.95
4489.68
5579.38
6749.56
8133.33
9643.48
11155.4
12581.4
13491.6
13786.6
3525.84
4720.23
5959.77
7229.13
8562.84
9871.97
11148
12341.8
13110.4
13280.7
3665.97
4928.86
6209.26
7464.78
8648.9
9710.71
10721.5
11739.1
12426.7
12575.2
4030.97
5390.48
6631.3
7755.08
8700.81
9472.88
10220.6
11074.7
11726
11879
4650.78
6126.16
7259.89
8100.01
8728.99
9223.42
9740
10448.7
11123
11268
5561.36
7093.59
7961.57
8428.1
8713.3
8968.5
9297.68
9861.84
10559.8
10738.5
6128.2
8090.42
8458.22
8481.47
8499.62
8610.73
8859.96
9328.35
10062.1
10287.6
6075.04
8145.01
8185.22
8021.24
7964.2
8082.2
8379.75
8886.33
9654.06
9895.63
5920.25
7595.67
7448.59
7253.13
7261.07
7485.79
7898.4
8523.2
9329.94
9490.73
5525.88
6449.87
6348.75
6316.66
6512.85
6897.95
7439.58
8193.19
8962.51
8929.74
4552.09
4909.77
5146.92
5446.72
5860.36
6370.4
6987.67
7785.09
8349.33
8065.67
3664.93
4132.45
4501.19
4909.59
5382.24
5870.09
6433.78
7086.95
7343.64
6835.47
3300.7
3747.59
4097.64
4462.14
4823.56
5168.44
5566.99
5980.09
5937.9
5315.8
3111.86
3487.07
3709.12
3842.23
3972.6
4123.6
4334.42
4537.03
4339.37
3708.46
2976.5
3146.63
3089.93
2925.69
2825.75
2805.61
2867.43
2943.55
2725.91
2231.75
2686.4
2466.4
2125.25
1766.89
1554.83
1469.9
1446.97
1503.77
1365.33
1108.57
1934.46
1507.3
1145.03
871.601
694.144
583.696
522.547
569.17
546.234
483.39
1262.89
794.615
528.507
377.029
289.399
244.551
220.357
276.317
254.596
247.063
2880.28
3557
4463.68
5627.61
7064.76
8726.35
10492.6
12150.5
13347.8
13875.2
3378.44
4291
5429.26
6788.99
8413.69
10229.8
12103.4
13773.5
14719.6
14849.8
4057.17
5221.49
6484.09
7888.46
9576.15
11418.2
13222.2
14700.2
15272.9
15056.9
4435.59
5711.89
7049.12
8492.98
10091.7
11670.9
13160.4
14394.3
14894.2
14591.4
4660.19
5969.83
7244.2
8615.04
10010.2
11273.3
12448.9
13552.2
14101.1
13838.8
5066.14
6438.43
7585.26
8748.71
9833.92
10735.4
11618.8
12602.6
13228.5
13037.5
5672.25
7084.42
8086.14
8911.2
9630.12
10234.4
10877.4
11726.8
12396
12294.6
6387.86
7891.97
8647.2
9106.88
9477.3
9852.98
10305.5
10991.1
11730.6
11700.2
6657.95
8708.99
9072.18
9140.37
9266.22
9510.67
9881.13
10438.1
11225.8
11250.3
6608.5
8786.99
8874.85
8778.68
8831.93
9079.63
9492.69
10072.8
10863
10891.7
6512.84
8367.96
8284.34
8147.92
8259.46
8612.21
9138.01
9830.76
10638.2
10547.3
6272.5
7435.85
7345.84
7334.01
7628.67
8149.98
8812.64
9643.56
10394.7
10053
5633.86
6081.99
6222.49
6521.88
7058.76
7730.28
8492.7
9395.19
9881.93
9233.01
4766.35
5209.8
5485.26
5955.06
6631.53
7328.02
8068.96
8828.33
8937.53
8009.91
4235.8
4639.15
4932.87
5446.48
6082.77
6672.61
7259.47
7739.58
7510.58
6414.09
3897.44
4183.49
4417.14
4746.52
5154.38
5552.08
5934.67
6142.3
5669.78
4606.88
3601.94
3699.48
3711.01
3709.43
3801.65
3960.03
4161.84
4208.42
3700.79
2871.37
3038.36
2821.14
2531.31
2254.95
2119.57
2133.41
2223.6
2279.17
1934.36
1484.69
2232.52
1723.56
1338.49
1065.93
875.79
778.945
753.113
848.91
768.812
664.989
1467.74
907.442
610.876
441.979
338.312
300.75
277.307
508.57
348.91
354.046
3088.07
3717.22
4696.85
6018.45
7650.68
9482.39
11302.9
12817.7
13681.7
13744.2
3561.01
4458.78
5799.45
7444.9
9385.38
11483.4
13485.1
14987.9
15518
15065.6
4193.77
5430.59
7004.14
8829.42
10957.1
13185.7
15168.3
16424
16462.5
15577.5
4993.39
6316.83
7778.61
9526.17
11573.3
13528.5
15156.8
16243.8
16266.8
15314.7
5695.56
6981.6
8157.86
9632.74
11413.6
12978.8
14280.1
15325.5
15502.9
14658.1
6233.25
7503.17
8469.7
9668.82
11038
12163
13160.8
14171.3
14576
13866.6
6677.34
7999.18
8832.15
9697.72
10619.4
11399.5
12152.3
13063.4
13632.2
13073.8
6980.63
8513.78
9209.47
9748.05
10302.6
10847.5
11414
12152.6
12806.7
12393.9
7069.91
8966.07
9498.2
9718.59
10043.3
10463.3
10945
11534.3
12248.8
11901.4
7018.55
8979.54
9330.56
9421.87
9677.36
10098.2
10612.2
11197.6
11891.6
11531.9
6954.78
8696.62
8893.88
8936.22
9244.19
9763.94
10375.6
11045.6
11708.6
11187
6823.12
8089.87
8181.83
8290.76
8770.47
9453.57
10188.1
10973.9
11524.9
10702.7
6477.26
7153.19
7228.56
7587.89
8324.24
9170.99
10002.3
10847.1
11078.6
9908.33
5931.93
6331.75
6456.59
7005.08
7964.72
8886.48
9704.2
10392.8
10205.4
8708.02
5318.23
5588.22
5748.75
6391.9
7425.92
8303.9
8978.12
9343.62
8716.69
7077.31
4660.44
4827.91
5029.19
5585.25
6442.46
7154.21
7618.46
7654.11
6743.46
5204.05
3886.82
3928.12
4109.27
4449.2
4901.6
5328.02
5594.65
5449.18
4565.74
3358.51
3101.34
2889.01
2836.07
2806.95
2833.82
3011.81
3176.81
3060.61
2481.66
1818.42
2462.79
1875.92
1560.7
1317.88
1121.7
1090.73
1089.66
1063
977.028
872.783
1785.79
1021.58
745.488
555.893
420.61
432.283
397.535
342.379
353.052
603.863
3154.4
3793.37
4864.39
6326.05
8067.13
9904.44
11531
12646.6
12994.8
12541
3640.65
4519.24
6094.67
8039.04
10260.6
12446.1
14244.9
15256.4
15165.1
14096.1
4151.65
5362.63
7354.62
9690.22
12296.5
14680.4
16477.8
17105.7
16454
14912.4
4719.73
6185.83
8073.64
10329
12894
15140.1
16720.3
17282.6
16665.4
15009.8
5420.6
6984.97
8642.31
10544.7
12753.1
14632.1
15940.5
16623.3
16234.5
14654.7
6184.63
7731.31
9075.12
10567.7
12297.4
13710.5
14743.3
15532.4
15462.8
14038.1
6777.64
8288.2
9403.18
10501
11737.7
12750.8
13551.1
14326.9
14512.6
13295.3
7062.47
8618.78
9667.9
10441.1
11288
12021.1
12631.2
13271.3
13632.7
12602.9
7153.3
8808.32
9852.83
10348.1
10945.3
11532.9
12047.4
12542.8
12972.8
12042.1
7126.31
8769.03
9683.73
10074.7
10591.9
11168.4
11700.2
12160.2
12580.4
11614.8
7050.14
8550.05
9344.16
9697.44
10271.9
10939.1
11539.2
12031
12350.7
11197.6
6897.99
8137.65
8809.14
9209.74
9960.97
10778.3
11460.2
12002.3
12107.2
10645.5
6580.27
7510.75
8012.98
8632.49
9644.5
10620.5
11364.9
11895.9
11642
9825.64
6037.01
6757.27
7249.99
8082.27
9342.09
10423
11130.5
11449.3
10725
8628.08
5247.91
5835.72
6427.37
7416.57
8798.84
9876.15
10429.5
10376.4
9233.89
7063.86
4437.35
4871.48
5514.78
6489.47
7740.53
8667.26
9020.61
8601.18
7227.69
5264.37
3769.48
3932.38
4455.74
5207.73
6067.9
6682.56
6846.55
6252.1
4996.2
3488.86
3177.41
2946.1
3203.96
3484.33
3766.55
4055.06
4108.13
3664.6
2854.39
1991.97
2501.57
1924.43
1795.23
1633.1
1472.81
1601.06
1552.13
1416.87
1299.72
1026.53
1593.65
972.173
1056.52
772.762
551.19
783.37
639.596
478.34
591.172
556.037
3256.08
3902.3
5008.4
6486.93
8097.71
9703.47
10856.8
11375.4
11161.3
10307.1
3774.99
4701.03
6455.94
8582.3
10686.9
12748.9
13878.9
14113.1
13357.4
11866.4
4276.68
5555.23
7937.71
10586.9
13160
15256.7
16411.2
16142.6
14835.9
12875.9
4727.1
6245.22
8586.45
11220
13892.3
15983.2
17111
16815.8
15502.5
13345.3
5155.17
6855.06
9109.58
11491.2
13937.6
15864.8
16897
16745.5
15565.4
13385.8
5545.05
7355.66
9466.98
11480.4
13545.9
15147.3
16023.3
16127.9
15235.3
13115.4
5900.56
7768.48
9708.28
11333.3
12948.4
14176.3
14874.7
15162.4
14552.3
12592.6
6194.84
8032.91
9887.68
11191.6
12422.5
13321.1
13836.1
14114.9
13782.9
11995.6
6399.02
8208.66
9995.75
11045.4
11992.3
12687
13092
13269.9
13080.3
11404.2
6454.77
8188.52
9868.7
10777.3
11603
12241.9
12640.8
12762.2
12580
10882.5
6357.98
7989.63
9581.87
10468.8
11346.6
12056.1
12477
12557.3
12219.8
10349.9
6118.14
7625.43
9139.84
10108.6
11160
12000
12434.8
12460
11822.5
9688.6
5763.68
7122.35
8537.32
9664.92
10930.6
11895
12324.3
12225.6
11183.4
8796.48
5355.85
6556.11
7905.62
9200.85
10646.4
11681.9
12015.6
11599.3
10118.8
7609.41
4909.79
5848.54
7155.71
8562.69
10069.4
11051
11197
10343.3
8602.36
6185.75
4439.83
5075.96
6232.87
7570.4
8894.43
9677.65
9630.8
8477.6
6696.62
4623.35
3928.7
4195.69
5099.33
6141.33
7048.59
7531.36
7330.97
6187.83
4702.5
3141.46
3362
3211.82
3743.87
4266.54
4559.27
4868.68
4605.97
3759.72
2809.04
1902.86
2664.07
2099.16
2000.07
2011.41
1820.05
2353.55
2004.36
1641.99
1518.22
1168.4
1726.25
1064.75
946.736
1099.67
704.657
1858.73
1005.98
609.186
1245.08
981.284
3350.89
3932.34
4944.59
6222.61
7472.4
8518.24
9129.56
9067.21
8448.44
7455.66
3880.82
4874.71
6627.76
8597.72
10262.5
11542.6
12068.7
11507.2
10312.5
8767.59
4406.67
5834.2
8388.29
10847.8
12859.3
14182.5
14517.8
13403.5
11726.9
9766.36
4868.93
6547.46
9177.73
11700.3
13857.2
15291.1
15660.6
14485
12683.7
10452.4
5284.31
7152.11
9694.9
12085
14242.4
15731.1
16126.2
15025.8
13201.2
10823.8
5625.36
7564.44
9967.97
12149.2
14200.6
15657.4
16066
15121.2
13398.6
10920.6
5882.98
7844.51
10082.7
12042.2
13859.7
15152.7
15507.6
14728.4
13156.6
10707.4
6055.65
7961.12
10120.2
11892.7
13439.9
14459.1
14643.1
14049.7
12697.3
10318.8
6154.6
8053.33
10158.6
11746.4
13004.6
13721.9
13789
13298
12091.7
9791.61
6168.88
8017.75
10044.4
11513.7
12564.4
13132.7
13181.2
12689
11517.4
9224.55
6100.99
7864.04
9809.82
11229.8
12294.5
12890.9
12902.4
12295.7
10973.5
8588.17
5951.88
7596.51
9457.83
10887.5
12111.6
12826.8
12760.7
11934.2
10337.8
7828.03
5723.2
7223.64
8987.97
10461.3
11794.9
12600.9
12467.5
11330.2
9465.14
6905.67
5424.49
6802.39
8497.99
9978.96
11328.1
12069.5
11814.3
10340.7
8278.78
5815.65
5045.96
6183.39
7837.19
9306.03
10536.5
11070
10596.4
8918.65
6865.85
4650.65
4598.32
5450.67
6955.27
8269.72
9213.15
9473.9
8857.66
7134.41
5254.92
3456.15
4090.33
4554.28
5788.44
6782.43
7348.77
7375.63
6747.75
5208.35
3717.4
2386.09
3524.67
3534.34
4295.57
4776.4
4928.12
4857.06
4340.85
3226.4
2256.51
1474.7
2862.46
2324.53
2429.53
2320.39
2176.16
2297.95
2002.16
1531.25
1182.52
871.486
2089.91
1205.08
1708.82
1008.04
787.185
1378.2
797.046
545.441
538.127
582.997
3256.6
3684.54
4445.15
5316.17
6071.68
6564.36
6653.28
6231.09
5504.31
4645.29
3787.58
4676.44
6148.88
7564.04
8576.82
9113.72
8970.69
8014.72
6794.24
5554.47
4316.23
5668.12
7846.5
9669
10932.7
11424.9
10983.8
9530.44
7907.33
6349.62
4797.25
6426.14
8771.92
10739.6
12188.7
12820.6
12377.2
10730.6
8861.5
7018.53
5238.83
7081.24
9380.28
11359
12928.8
13713.1
13334.8
11592.9
9568.33
7507.43
5613.59
7603.59
9721.38
11620.2
13286.3
14205.4
13923.4
12187.3
10091.6
7809.95
5895.25
7854.61
9883.51
11717.8
13309.6
14279.7
14024.6
12324.7
10214.2
7841.97
6088.36
8013.43
9967.75
11702
13194
14107.6
13818.4
12188.4
10108.9
7674.12
6191.85
8052.93
9926.05
11574.7
12944.2
13697.3
13317.5
11737.2
9707.09
7291.06
6208.55
8011.17
9818.17
11383.9
12611.1
13194.9
12736.4
11179.8
9184.12
6781.23
6138.42
7866.29
9602.22
11093.4
12253.5
12779.2
12238.5
10579.2
8523.57
6146.4
5983.07
7622.65
9282.93
10704.7
11838.6
12354.4
11709.8
9864.94
7715.91
5407.85
5744.84
7289.9
8873.62
10214.6
11262.8
11673.1
10911.1
8923.27
6767.11
4596.35
5424.77
6827.89
8317.77
9572.85
10504.2
10712.1
9806.73
7736.42
5662.65
3742.42
5028.9
6247.63
7655.24
8776.54
9533.39
9496.55
8477.55
6453.5
4564.9
2935.95
4563.08
5442.87
6804.53
7760.44
8215.89
7964.54
6890.65
5030.53
3417.82
2177.67
4050.53
4577.69
5694.82
6361.79
6586.96
6222.56
5240.35
3709.61
2472.23
1566.79
3485.75
3568.6
4246.33
4552.91
4605.87
4238.11
3478.46
2405.39
1627.21
1069.47
2829.1
2343.91
2441.5
2392.95
2440.75
2217.82
1822.83
1344.4
1090.25
753.443
2056.07
1178.21
1248.58
995.69
1197.27
927.241
678.223
602.161
948.277
566.138
3003.88
3129
3524.8
3944.17
4270.54
4342.18
4106.66
3610.72
3022.72
2449.56
3464.35
3938.98
4910.22
5664.88
6126.35
6069.5
5525.87
4635.18
3754.28
2967.39
3921.18
4722.43
6203.81
7281.47
7827.75
7678.77
6836.42
5614.29
4470.63
3475.33
4372.92
5430.95
7176.87
8465.5
9167.54
9063.32
8115.21
6589.58
5170.95
3955.41
4813.63
6090.82
7920.83
9346.75
10211.9
10196.7
9191.56
7438.07
5780.65
4360.03
5215.57
6673.92
8477.55
9971.02
11012
11162.1
10177.8
8195.65
6284.75
4658.41
5532.94
7025.84
8758.47
10248.8
11365.8
11643.1
10681.1
8611.92
6557.23
4791.04
5760.28
7228.14
8905.47
10381
11514.6
11876.9
10933.7
8814.48
6644.07
4762.95
5888.49
7305.33
8909.35
10337.2
11426.8
11723.5
10742.8
8625.54
6444.25
4542.01
5917.87
7279.42
8821.74
10193.9
11192.7
11377
10344.3
8223.68
6057.69
4178.82
5846.89
7141.37
8621.96
9907.28
10800.1
10881
9755.76
7599.1
5471.28
3689.21
5678.74
6893.82
8305.48
9478.42
10251.4
10227
8987.5
6792.38
4743.93
3127.24
5419.86
6540.03
7867.55
8909.93
9520.54
9328.03
8005.53
5839.71
3949.96
2548.64
5077.17
6057.6
7273.78
8157.8
8574.23
8148.18
6773.74
4750.68
3128.7
1996.95
4667.3
5436.88
6552.2
7267.75
7467.18
6887.73
5557.42
3767.51
2427.41
1535.86
4207.46
4683.86
5667.36
6172.23
6154.73
5485.21
4257.1
2820.4
1809.73
1154.48
3733.42
3936.23
4710.03
5004.9
4910.6
4294.57
3259.2
2131.02
1364.75
875.936
3231.65
3107.93
3607.76
3703.3
3670.02
3134.24
2303.71
1533.21
1006.23
657.632
2655.62
2143.58
2571.54
2423.08
2721.01
2181.78
1579.44
1153.99
772.924
498.31
1922.11
1101.55
2580.39
1581.18
2686.27
1420.04
877.369
987.34
604.266
351.366
2482.16
2317.86
2396.19
2497.61
2528.98
2394.04
2096.7
1731.41
1380.89
1077.38
2822
2813.27
3211.62
3455.54
3505.86
3247.07
2749
2209.31
1722
1313.97
3160.67
3279.76
3974.19
4383.62
4465.45
4107.86
3448.94
2735.34
2096.97
1569.62
3528.96
3855.32
4924.01
5532.72
5666
5179.78
4288.32
3333.34
2503.45
1834.38
3907.96
4399.72
5701.02
6502
6727.57
6188
5113.83
3925.19
2896.96
2080.48
4282.6
5004.28
6471.01
7485.51
7876.36
7315.07
6005.68
4509.68
3253.82
2284.56
4590.76
5363.6
6881.83
7974.42
8503.35
8043.43
6645.89
4935.46
3499.87
2408.26
4822.96
5593.66
7143.22
8338.07
8967.84
8677.87
7200.94
5236.95
3626.86
2437.99
4960.77
5692.11
7195.63
8415.47
9087.69
8776.22
7308.61
5242.76
3562.48
2346.91
5001.88
5689.98
7146.88
8366.27
9013.57
8642.75
7161.03
5033.66
3342.03
2155.13
4942.83
5582.44
6992.42
8117.66
8646.07
8175.23
6640.28
4558.98
2962.86
1877.41
4787.48
5371.35
6717.92
7675.06
8023.85
7438.61
5841.07
3908.53
2493.3
1560.04
4545.25
5055.33
6289.79
7053.69
7204.13
6495.19
4897.1
3191.51
2003.76
1245.43
4226.9
4614.94
5654.43
6180.55
6137.04
5233.48
3796.88
2450.95
1537.85
962.767
3857.53
4062.63
4899.33
5234.36
5021.77
4129.41
2915.41
1861.68
1169.19
740.905
3457.76
3391
3979.01
4059.41
3735.8
2982.2
2088.41
1358.02
873.055
569.114
3075.56
2864.2
3195.92
3154.74
2874.47
2278.68
1591.29
1041.47
677.954
450.871
2685.66
2284.04
2291.74
2232.14
2086.15
1663.15
1187.87
798.058
529.131
359.245
2247.64
1725.19
1563.51
1752.03
1835.81
1377.91
998.7
658.056
424.657
287.204
1632.24
985.305
737.406
1782.89
2090.98
1042.42
892.703
527.722
313.783
214.401
1643.02
1438.08
1472.66
1456.78
1365.87
1163.58
904.687
677.902
508.89
389.566
1823.45
1691.37
1939.03
1996.99
1880.65
1559.31
1176.8
855.973
622.458
460.569
1996.06
1929.13
2343.42
2491.4
2370.22
1967.71
1478.02
1060.26
753.892
541.807
2197.19
2316.69
3039.75
3285.2
3135.86
2573.99
1891.8
1319.41
910.048
632.982
2412.44
2661.78
3650.48
4008.97
3857.32
3178.14
2321.27
1591.74
1072.03
724.525
2642.04
3131.65
4524.89
5013.38
4843.53
3982.82
2850
1895.44
1237.33
810.163
2839.34
3412.08
4999.87
5609.36
5503.28
4591.79
3279.61
2145.62
1368.85
872.974
2997.48
3638.56
5392.44
6191.49
6224.61
5292.98
3728.57
2366.47
1463.69
906.46
3096.85
3731.8
5488.51
6384.8
6515.28
5611.32
3924.39
2439.66
1474.59
893.278
3133.55
3758.86
5496.05
6477.34
6649.98
5745.66
3952.46
2392.96
1411.36
838.445
3102.41
3701.93
5412.58
6317.68
6405.32
5442.14
3672.07
2179.82
1265.56
745.106
3006.44
3564.21
5223.57
5926.55
5844.54
4802.95
3175.24
1862.19
1074.11
633.829
2854.85
3351.71
4881.85
5384.05
5135.88
4062.86
2621.35
1519.85
875.813
523.352
2657.05
3019.31
4261.22
4512.53
4130.28
3133.91
2000.5
1170.36
687.178
423.806
2435.33
2646.99
3589.84
3705.41
3317.7
2461.21
1550.81
908.71
542.894
346.886
2201.97
2167.33
2703.34
2710.05
2382.52
1748.38
1116.94
676.805
422.608
285.384
1993.19
1861.7
2203.18
2156.36
1869.72
1360.78
868.629
533.127
342.961
242.527
1783.63
1505.62
1621.79
1541.91
1320.53
970.906
636.121
406.708
275.784
207.341
1542.67
1268.24
1328.1
1232.17
1049.62
772.127
503.524
324.124
227.446
180.712
1131.34
964.507
972.168
873.431
734.281
547.075
355.723
235.997
180.134
157.304
)
;

boundaryField
{
    side
    {
        type            greyDiffusiveRadiation;
        refValue        nonuniform List<scalar> 
800
(
0
0
0
0
0
0
0
0
0
0
0
0
0
0
0
0
0
0
0
0
0
0
0
0
0
0
0
0
0
0
0
0
0
0
0
0
0
0
0
0
0
0
0
0
0
0
0
0
0
0
0
0
0
0
0
0
0
0
0
0
0
0
0
0
0
0
0
0
0
0
0
0
0
0
0
0
0
0
0
0
0
0
0
0
0
0
0
0
0
0
0
0
0
0
0
0
0
0
0
0
0
0
0
0
0
0
0
0
0
0
0
0
0
0
0
0
0
0
0
0
0
0
0
0
0
0
0
0
0
0
0
0
0
0
0
0
0
0
0
0
0
0
0
0
0
0
0
0
0
0
0
0
0
0
0
0
0
0
0
0
0
0
0
0
0
0
0
0
0
0
0
0
0
0
0
0
0
0
0
0
0
0
0
0
0
0
0
0
0
0
0
0
0
0
0
0
0
0
0
0
0
0
0
0
0
0
0
0
0
0
0
0
0
0
0
0
0
0
0
0
0
0
0
0
0
0
0
0
0
0
0
0
0
0
0
0
0
0
0
0
0
0
0
0
0
0
0
0
0
0
0
0
0
0
0
0
0
0
0
0
0
0
0
0
0
0
0
0
0
0
0
0
0
0
0
0
0
0
0
0
0
0
0
0
0
0
0
0
0
0
0
0
0
0
0
0
0
0
0
0
0
0
0
0
0
0
0
0
0
0
0
0
0
0
0
0
0
0
0
0
0
0
0
0
0
0
0
0
0
0
0
0
0
0
0
0
0
0
0
0
0
0
0
0
0
0
0
0
0
0
0
0
0
0
0
0
0
0
0
0
0
0
0
0
0
0
0
0
0
0
0
0
0
0
0
0
0
0
0
0
0
0
0
0
0
0
0
0
0
0
0
0
0
0
0
0
0
0
0
0
0
0
0
0
0
0
0
0
0
0
0
0
0
0
0
0
0
0
0
0
0
0
0
0
0
0
0
0
0
0
0
0
0
0
0
0
0
0
0
0
0
0
0
0
0
0
0
0
0
0
0
0
0
0
0
0
0
0
0
0
0
0
0
0
0
0
0
0
0
0
0
0
0
0
0
0
0
0
0
0
0
0
0
0
0
0
0
0
0
0
0
0
0
0
0
0
0
0
0
0
0
0
0
0
0
0
0
0
0
0
0
0
0
0
0
0
0
0
0
0
0
0
0
0
0
0
0
0
0
0
0
0
0
0
0
0
0
0
0
0
0
0
0
0
0
0
0
0
0
0
0
0
0
0
0
0
0
0
0
0
0
0
0
0
0
0
0
0
0
0
0
0
0
0
0
0
0
0
0
0
0
0
0
0
0
0
0
0
0
0
0
0
0
0
0
0
0
0
0
0
142.341
142.341
152.176
142.341
142.341
142.341
142.341
142.341
142.341
142.341
142.341
142.341
884.774
142.341
142.341
1024.08
1015.65
860.259
642.671
248.186
142.341
142.341
142.341
142.341
142.341
142.341
142.341
142.341
142.341
142.341
142.341
142.341
142.341
142.341
142.341
142.341
142.341
142.341
142.341
851.234
142.341
142.341
142.341
142.341
142.341
142.341
142.341
142.341
142.341
142.341
142.341
142.341
142.341
1247.36
142.341
2689.46
142.341
5867.03
142.341
970.047
142.341
142.341
142.341
142.341
142.341
142.341
142.341
142.341
142.341
142.341
142.341
142.341
142.341
142.341
1355.55
142.341
142.341
142.341
3756.24
805.195
142.341
142.341
142.341
142.341
142.341
142.341
142.341
142.341
142.341
142.341
142.341
142.341
142.341
142.341
142.341
142.341
142.341
4476.86
3559.96
639.992
142.341
142.341
142.341
142.341
142.341
142.341
142.341
142.341
142.341
142.341
142.341
142.341
142.341
142.341
3623.72
2448.89
142.341
142.341
142.341
423.855
142.341
142.341
142.341
142.341
142.341
142.341
142.341
142.341
142.341
142.341
142.341
142.341
142.341
142.341
142.341
142.341
142.341
142.341
1143.53
231.249
142.341
142.341
142.341
142.341
142.341
142.341
142.341
142.341
142.341
142.341
142.341
921.867
142.341
142.341
142.341
142.341
142.341
1486.62
335.192
158.525
142.341
142.341
142.341
142.341
142.341
142.341
142.341
142.341
142.341
142.341
142.341
142.341
142.341
142.341
2585.97
142.341
1631.01
388.457
171.322
144.057
142.341
142.341
142.341
143.062
146.035
160.9
142.341
142.341
142.341
142.341
142.341
142.341
941.808
142.341
1000.12
645.75
290.459
165.652
144.309
142.57
)
;
        refGradient     uniform 0;
        valueFraction   nonuniform List<scalar> 
800
(
0
0
0
0
0
0
0
0
0
0
0
0
0
0
0
0
0
0
0
0
0
0
0
0
0
0
0
0
0
0
0
0
0
0
0
0
0
0
0
0
0
0
0
0
0
0
0
0
0
0
0
0
0
0
0
0
0
0
0
0
0
0
0
0
0
0
0
0
0
0
0
0
0
0
0
0
0
0
0
0
0
0
0
0
0
0
0
0
0
0
0
0
0
0
0
0
0
0
0
0
0
0
0
0
0
0
0
0
0
0
0
0
0
0
0
0
0
0
0
0
0
0
0
0
0
0
0
0
0
0
0
0
0
0
0
0
0
0
0
0
0
0
0
0
0
0
0
0
0
0
0
0
0
0
0
0
0
0
0
0
0
0
0
0
0
0
0
0
0
0
0
0
0
0
0
0
0
0
0
0
0
0
0
0
0
0
0
0
0
0
0
0
0
0
0
0
0
0
0
0
0
0
0
0
0
0
0
0
0
0
0
0
0
0
0
0
0
0
0
0
0
0
0
0
0
0
0
0
0
0
0
0
0
0
0
0
0
0
0
0
0
0
0
0
0
0
0
0
0
0
0
0
0
0
0
0
0
0
0
0
0
0
0
0
0
0
0
0
0
0
0
0
0
0
0
0
0
0
0
0
0
0
0
0
0
0
0
0
0
0
0
0
0
0
0
0
0
0
0
0
0
0
0
0
0
0
0
0
0
0
0
0
0
0
0
0
0
0
0
0
0
0
0
0
0
0
0
0
0
0
0
0
0
0
0
0
0
0
0
0
0
0
0
0
0
0
0
0
0
0
0
0
0
0
0
0
0
0
0
0
0
0
0
0
0
0
0
0
0
0
0
0
0
0
0
0
0
0
0
0
0
0
0
0
0
0
0
0
0
0
0
0
0
0
0
0
0
0
0
0
0
0
0
0
0
0
0
0
0
0
0
0
0
0
0
0
0
0
0
0
0
0
0
0
0
0
0
0
0
0
0
0
0
0
0
0
0
0
0
0
0
0
0
0
0
0
0
0
0
0
0
0
0
0
0
0
0
0
0
0
0
0
0
0
0
0
0
0
0
0
0
0
0
0
0
0
0
0
0
0
0
0
0
0
0
0
0
0
0
0
0
0
0
0
0
0
0
0
0
0
0
0
0
0
0
0
0
0
0
0
0
0
0
0
0
0
0
0
0
0
0
0
0
0
0
0
0
0
0
0
0
0
0
0
0
0
0
0
0
0
0
0
0
0
0
0
0
0
0
0
0
0
0
0
0
0
0
0
0
0
0
0
0
0
0
0
0
0
0
0
0
0
0
0
0
0
0
0
0
0
0
0
0
0
0
0
0
0
0
0
0
0
0
0
0
0
0
0
0
0
1
1
1
1
1
1
1
1
1
1
1
1
1
1
1
1
1
1
1
1
1
1
1
1
1
1
1
1
1
1
1
1
1
1
1
1
1
1
1
1
1
1
1
1
1
1
1
1
1
1
1
1
1
1
1
1
1
1
1
1
1
1
1
1
1
1
1
1
1
1
1
1
1
1
1
1
1
1
1
1
1
1
1
1
1
1
1
1
1
1
1
1
1
1
1
1
1
1
1
1
1
1
1
1
1
1
1
1
1
1
1
1
1
1
1
1
1
1
1
1
1
1
1
1
1
1
1
1
1
1
1
1
1
1
1
1
1
1
1
1
1
1
1
1
1
1
1
1
1
1
1
1
1
1
1
1
1
1
1
1
1
1
1
1
1
1
1
1
1
1
1
1
1
1
1
1
1
1
1
1
1
1
1
1
1
1
1
1
1
1
1
1
1
1
1
1
1
1
1
1
)
;
        value           nonuniform List<scalar> 
800
(
3775.68
3961.06
4022.06
3937.08
3711.74
3378.72
2985.3
2574.47
2171.65
1786.42
1425.27
1099.54
820.835
595.079
422.33
299.01
218.88
173.096
151.422
143.84
4024.24
4227.86
4320.61
4268.83
4061.74
3719.82
3289.67
2825.2
2366.91
1934.5
1536.65
1182.87
882.438
639.002
451.436
316.399
227.998
177.129
152.818
144.15
4406.09
4604.73
4706.24
4673.96
4485.39
4146.28
3694.6
3187.48
2677.51
2195.79
1754.67
1361.56
1023.24
742.439
519.931
356.15
247.655
185.13
155.377
144.755
4960.56
5140.8
5230.55
5198.51
5018.8
4686
4225.8
3690.4
3137.59
2607.46
2116.23
1669
1270.32
924.645
639.412
423.881
279.833
197.563
159.322
146.085
5700.13
5857.68
5921.4
5871.94
5687.82
5358.44
4898.29
4349.61
3767.34
3194.68
2649.47
2133.71
1649.94
1207.42
825.978
529.774
329.792
216.527
165.362
148.835
6628.86
6765.44
6791.49
6706.94
6503.17
6170.74
5715.52
5167.95
4573.98
3972.58
3378.09
2786.54
2197.32
1626.24
1110.57
696.149
410.011
246.892
174.491
153.558
7747.81
7873.77
7851.96
7710.45
7465.77
7118.21
6668.49
6134.77
5550.23
4943.45
4318.26
3658.39
2955.4
2230.1
1539.78
959.195
542.412
298.1
187.638
150.479
9045.63
9188.54
9115.54
8891.1
8574.65
8189.64
7737.65
7225.45
6671.09
6089.32
5466.9
4765.64
3959.95
3068.94
2168.42
1367.5
760.865
388.293
215.238
156.439
10474.8
10689.8
10581.1
10251.5
9825.98
9368.4
8893.39
8399.94
7891.26
7363.72
6785.53
6086.03
5209.36
4164.84
3037.04
1969.57
1106.05
541.06
265.257
168.823
11916.8
12289.3
12192.7
11755.1
11189.7
10620.8
10088.2
9595.74
9138.9
8681.15
8183.05
7533.32
6627.1
5467.03
4127.54
2776.04
1604.8
779.7
349.955
194.429
13154.7
13787.3
13786.6
13280.7
12575.2
11879
11268
10738.5
10287.6
9895.63
9490.73
8929.74
8065.67
6835.47
5315.8
3708.46
2231.75
1108.57
483.39
247.063
13875.2
14849.8
15056.9
14591.4
13838.8
13037.5
12294.6
11700.2
11250.3
10891.7
10547.3
10053
9233.01
8009.91
6414.09
4606.88
2871.37
1484.69
664.989
354.046
13744.2
15065.6
15577.5
15314.7
14658.1
13866.6
13073.8
12393.9
11901.4
11531.9
11187
10702.7
9908.33
8708.02
7077.31
5204.05
3358.51
1818.42
872.783
603.863
12541
14096.1
14912.4
15009.8
14654.7
14038.1
13295.3
12602.9
12042.1
11614.8
11197.6
10645.5
9825.64
8628.08
7063.86
5264.37
3488.86
1991.97
1026.53
556.037
10307.1
11866.4
12875.9
13345.3
13385.8
13115.4
12592.6
11995.6
11404.2
10882.5
10349.9
9688.6
8796.48
7609.41
6185.75
4623.35
3141.46
1902.86
1168.4
981.284
7455.66
8767.59
9766.36
10452.4
10823.8
10920.6
10707.4
10318.8
9791.61
9224.55
8588.17
7828.03
6905.67
5815.65
4650.65
3456.15
2386.09
1474.7
871.486
582.997
4645.29
5554.47
6349.62
7018.53
7507.43
7809.95
7841.97
7674.12
7291.06
6781.23
6146.4
5407.85
4596.35
3742.42
2935.95
2177.67
1566.79
1069.47
753.443
566.138
2449.56
2967.39
3475.33
3955.41
4360.03
4658.41
4791.04
4762.95
4542.01
4178.82
3689.21
3127.24
2548.64
1996.95
1535.86
1154.48
875.936
657.632
498.31
351.366
1077.38
1313.97
1569.62
1834.38
2080.48
2284.56
2408.26
2437.99
2346.91
2155.13
1877.41
1560.04
1245.43
962.767
740.905
569.114
450.871
359.245
287.204
214.401
389.566
460.569
541.807
632.982
724.525
810.163
872.974
906.46
893.278
838.445
745.106
633.829
523.352
423.806
346.886
285.384
242.527
207.341
180.712
157.304
1024.65
854.445
744.103
754.412
834.05
972.944
1174.49
1444
1782.7
2176.55
2574.79
2880.28
3088.07
3154.4
3256.08
3350.89
3256.6
3003.88
2482.16
1643.02
1538.57
1203.55
964.021
945.358
1040.35
1220.34
1485.57
1841.13
2283.18
2778.45
3241.44
3557
3717.22
3793.37
3902.3
3932.34
3684.54
3129
2317.86
1438.08
1860.25
1517.98
1244.13
1217.21
1341.68
1580.2
1928.51
2386.59
2939.58
3536.52
4080.01
4463.68
4696.85
4864.39
5008.4
4944.59
4445.15
3524.8
2396.19
1472.66
2132.91
1823.95
1581.8
1579.21
1752.63
2065.95
2510.28
3078.13
3744.27
4449.6
5103.17
5627.61
6018.45
6326.05
6486.93
6222.61
5316.17
3944.17
2497.61
1456.78
2392.71
2144.81
1975.53
2029.01
2271.26
2672.55
3220.9
3903.39
4691.21
5529.99
6345.42
7064.76
7650.68
8067.13
8097.71
7472.4
6071.68
4270.54
2528.98
1365.87
2656.97
2491.35
2419.21
2553.52
2880.96
3379.81
4038
4842.3
5768.15
6772.42
7789.95
8726.35
9482.39
9904.44
9703.47
8518.24
6564.36
4342.18
2394.04
1163.58
2931.41
2862.49
2900.48
3131.83
3555.85
4158.99
4932.62
5868.26
6949.55
8140.79
9368.53
10492.6
11302.9
11531
10856.8
9129.56
6653.28
4106.66
2096.7
904.687
3213.82
3249.46
3402.96
3740.25
4268.04
4980.73
5875.93
6952.02
8198.01
9571.97
10963
12150.5
12817.7
12646.6
11375.4
9067.21
6231.09
3610.72
1731.41
677.902
3497.73
3640.47
3909.8
4356.47
4991.51
5816.03
6832.63
8041.06
9420.67
10895.7
12300.2
13347.8
13681.7
12994.8
11161.3
8448.44
5504.31
3022.72
1380.89
508.89
3775.68
4024.24
4406.09
4960.56
5700.13
6628.86
7747.81
9045.63
10474.8
11916.8
13154.7
13875.2
13744.2
12541
10307.1
7455.66
4645.29
2449.56
1077.38
389.566
142.341
142.341
152.176
142.341
142.341
142.341
142.341
142.341
142.341
142.341
142.341
142.341
884.774
142.341
142.341
1024.08
1015.65
860.259
642.671
248.186
142.341
142.341
142.341
142.341
142.341
142.341
142.341
142.341
142.341
142.341
142.341
142.341
142.341
142.341
142.341
142.341
142.341
142.341
142.341
851.234
142.341
142.341
142.341
142.341
142.341
142.341
142.341
142.341
142.341
142.341
142.341
142.341
142.341
1247.36
142.341
2689.46
142.341
5867.03
142.341
970.047
142.341
142.341
142.341
142.341
142.341
142.341
142.341
142.341
142.341
142.341
142.341
142.341
142.341
142.341
1355.55
142.341
142.341
142.341
3756.24
805.195
142.341
142.341
142.341
142.341
142.341
142.341
142.341
142.341
142.341
142.341
142.341
142.341
142.341
142.341
142.341
142.341
142.341
4476.86
3559.96
639.992
142.341
142.341
142.341
142.341
142.341
142.341
142.341
142.341
142.341
142.341
142.341
142.341
142.341
142.341
3623.72
2448.89
142.341
142.341
142.341
423.855
142.341
142.341
142.341
142.341
142.341
142.341
142.341
142.341
142.341
142.341
142.341
142.341
142.341
142.341
142.341
142.341
142.341
142.341
1143.53
231.249
142.341
142.341
142.341
142.341
142.341
142.341
142.341
142.341
142.341
142.341
142.341
921.867
142.341
142.341
142.341
142.341
142.341
1486.62
335.192
158.525
142.341
142.341
142.341
142.341
142.341
142.341
142.341
142.341
142.341
142.341
142.341
142.341
142.341
142.341
2585.97
142.341
1631.01
388.457
171.322
144.057
142.341
142.341
142.341
143.062
146.035
160.9
142.341
142.341
142.341
142.341
142.341
142.341
941.808
142.341
1000.12
645.75
290.459
165.652
144.309
142.57
)
;
        emissivityMode  lookup;
        emissivity      uniform 1;
    }
    outlet
    {
        type            greyDiffusiveRadiation;
        refValue        nonuniform List<scalar> 
200
(
248.033
251.84
251.199
270.486
281.21
305.661
317.23
327.19
334.768
340.484
340.477
334.791
327.274
317.359
305.785
281.344
270.628
251.341
251.989
248.186
850.931
1210.38
1363.65
2042.19
2414.72
3412.23
3860.33
4321.56
4480.03
4588.83
4588.93
4480.55
4323.59
3863.44
3415.2
2417.23
2044.51
1365.26
1211.8
851.234
969.731
1782.62
2077.01
3274.75
3936.6
5773
6587.12
7526.56
7727.43
7814.04
7814.94
7728.65
7528.91
6590.89
5777.18
3940.59
3278.36
2079.15
1784.56
970.047
804.548
1484.31
1752.01
2740.92
3287.42
4904.29
5659.5
6915.99
7350.85
7838.83
7839.42
7353.95
6920
5661.75
4907.06
3290.36
2743.91
1754.08
1486.06
805.195
638.86
1137.29
1297.86
2058.39
2464.09
3775.85
4440.05
5806.85
6395.62
7005.36
7005.93
6398.88
5816.61
4445.75
3779.86
2467.15
2061.3
1299.8
1138.96
639.992
423.392
632.797
699.861
1077.75
1283.83
2043.15
2466.96
3557.7
4101
4711.16
4711.61
4106.28
3563.98
2469.39
2045.57
1285.91
1079.62
701.044
633.962
423.855
231.051
296.669
319.4
444.657
515.896
767.811
921.982
1299.92
1512.76
1740.89
1741.19
1514.11
1301.12
922.905
768.764
516.629
445.315
319.834
297.065
231.249
158.475
175.684
182.429
211.34
229.342
281.092
315.313
387.371
427.084
466.544
466.613
427.239
387.546
315.511
281.3
229.509
211.496
182.531
175.781
158.525
144.051
147.568
149.555
156.05
161.122
173.003
181.91
198.025
207.456
215.881
215.898
207.487
198.066
181.959
173.054
161.162
156.085
149.576
147.586
144.057
142.57
142.791
143.012
143.649
144.289
145.663
146.857
148.82
150.062
151.068
151.07
150.066
148.825
146.864
145.669
144.293
143.652
143.014
142.792
142.57
)
;
        refGradient     uniform 0;
        valueFraction   uniform 1;
        value           nonuniform List<scalar> 
200
(
248.033
251.84
251.199
270.486
281.21
305.661
317.23
327.19
334.768
340.484
340.477
334.791
327.274
317.359
305.785
281.344
270.628
251.341
251.989
248.186
850.931
1210.38
1363.65
2042.19
2414.72
3412.23
3860.33
4321.56
4480.03
4588.83
4588.93
4480.55
4323.59
3863.44
3415.2
2417.23
2044.51
1365.26
1211.8
851.234
969.731
1782.62
2077.01
3274.75
3936.6
5773
6587.12
7526.56
7727.43
7814.04
7814.94
7728.65
7528.91
6590.89
5777.18
3940.59
3278.36
2079.15
1784.56
970.047
804.548
1484.31
1752.01
2740.92
3287.42
4904.29
5659.5
6915.99
7350.85
7838.83
7839.42
7353.95
6920
5661.75
4907.06
3290.36
2743.91
1754.08
1486.06
805.195
638.86
1137.29
1297.86
2058.39
2464.09
3775.85
4440.05
5806.85
6395.62
7005.36
7005.93
6398.88
5816.61
4445.75
3779.86
2467.15
2061.3
1299.8
1138.96
639.992
423.392
632.797
699.861
1077.75
1283.83
2043.15
2466.96
3557.7
4101
4711.16
4711.61
4106.28
3563.98
2469.39
2045.57
1285.91
1079.62
701.044
633.962
423.855
231.051
296.669
319.4
444.657
515.896
767.811
921.982
1299.92
1512.76
1740.89
1741.19
1514.11
1301.12
922.905
768.764
516.629
445.315
319.834
297.065
231.249
158.475
175.684
182.429
211.34
229.342
281.092
315.313
387.371
427.084
466.544
466.613
427.239
387.546
315.511
281.3
229.509
211.496
182.531
175.781
158.525
144.051
147.568
149.555
156.05
161.122
173.003
181.91
198.025
207.456
215.881
215.898
207.487
198.066
181.959
173.054
161.162
156.085
149.576
147.586
144.057
142.57
142.791
143.012
143.649
144.289
145.663
146.857
148.82
150.062
151.068
151.07
150.066
148.825
146.864
145.669
144.293
143.652
143.014
142.792
142.57
)
;
        emissivityMode  lookup;
        emissivity      uniform 1;
    }
    ground
    {
        type            greyDiffusiveRadiation;
        refValue        uniform 0;
        refGradient     uniform 0;
        valueFraction   uniform 0;
        value           nonuniform List<scalar> 
160
(
1860.25
2569.19
3178.06
3551.87
3634.33
3496.48
3263.49
3006.96
2857.87
2871.14
2939.14
2981.88
2930.39
2718.83
2378.41
1941.42
1430.11
933.3
515.5
231.33
2132.91
2759.72
3316.92
3680.74
3788.49
3678.15
3447.42
3199.18
3050.14
3018.32
2995.13
2895.79
2672.33
2318.29
1890.74
1434
989.305
615.073
344.381
189.561
2392.71
2956.34
3451.32
3774.12
3869.57
3760.72
3530.63
3282.57
3103.6
2986.35
2839.55
2602.32
2263.8
1854.81
1432.31
1033.51
689.259
427.286
255.706
167.884
2656.97
3160.25
3585.01
3846.91
3902.34
3771.1
3526.05
3256.69
3022.83
2808.82
2552.15
2223.93
1840.29
1442.11
1071.59
751.543
497.411
317.494
207.974
156.402
2931.41
3369.13
3714.44
3900.24
3895.9
3723.28
3446.75
3139.67
2843.99
2548.24
2218.91
1851.93
1473.7
1118.57
811.511
562.771
376.879
252.492
181.328
150.201
3213.82
3576.74
3833.18
3932.08
3855.91
3630.39
3313.01
2963.85
2615.59
2265.58
1902.16
1534.23
1186.5
881.615
631.373
438.176
300.61
213.104
165.964
146.793
3497.73
3775.86
3936.16
3942.79
3790.58
3509.18
3150.63
2765.28
2381.41
2004.15
1634.53
1285.08
973.929
713.544
507.855
355.269
251.379
188.62
156.87
144.891
3775.68
3961.06
4022.06
3937.08
3711.74
3378.72
2985.3
2574.47
2171.65
1786.42
1425.27
1099.54
820.835
595.079
422.33
299.01
218.88
173.096
151.422
143.84
)
;
        emissivityMode  lookup;
        emissivity      uniform 1;
    }
    inlet
    {
        type            greyDiffusiveRadiation;
        refValue        uniform 0;
        refGradient     uniform 0;
        valueFraction   uniform 0;
        value           nonuniform List<scalar> 
40
(
1024.65
1635.37
2106.39
2307.75
2236.07
2020.82
1899.18
1819.75
1736.01
1725.78
1756.42
1814.68
1897.55
1941.92
1984.86
1986.02
1785.91
1412.67
910.456
411.819
1538.57
2389.7
3020.16
3333.54
3342.24
3153.24
2943.53
2711.34
2558.58
2568.7
2651.35
2763.03
2863.07
2844.7
2697.8
2426.8
1977.7
1443.02
855.635
312.875
)
;
        emissivityMode  lookup;
        emissivity      uniform 1;
    }
    region0_to_pyrolysisRegion_coupledWall
    {
        type            greyDiffusiveRadiation;
        refValue        nonuniform List<scalar> 
400
(
579.032
895.53
1122.04
1199.7
1170.75
1092.56
1053.06
1018.51
972.418
960.822
960.851
972.694
1018.56
1053.11
1092.53
1170.78
1199.74
1122.11
895.624
579.089
593.732
801.755
1215.79
1684.69
1884.87
1794.98
1653.34
1551.65
1449.59
1391.78
1391.75
1449.62
1551.57
1653.33
1794.89
1884.87
1684.76
1215.9
801.805
593.751
592.247
703.59
893.637
1239.03
1926.45
2161.06
2113.44
2001.48
1827.75
1738.22
1738.03
1827.39
2001.22
2113.36
2160.95
1926.56
1239.11
893.687
703.636
592.264
624.233
690.41
795.279
968.805
1280.49
1925.9
2270.17
2346.06
2164.9
2016.16
2015.9
2164.32
2345.64
2270.02
1925.8
1280.47
968.766
795.287
690.469
624.263
694.913
733.026
793.818
897.562
1077.69
1404.36
2084.92
2468.09
2486.48
2275.73
2275.37
2485.29
2467.46
2084.58
1404.05
1077.56
897.471
793.815
733.13
694.974
808.132
826.343
858.258
923.552
1045.57
1259.56
1675.71
2379.77
2656.95
2512.29
2511.87
2655.62
2379.02
1675.11
1259.15
1045.4
923.452
858.267
826.499
808.225
969.045
973.431
985.298
1027.48
1122.22
1292.8
1581.99
2199.25
2753.79
2742.99
2742.57
2752.24
2198.28
1581.28
1292.36
1122.04
1027.4
985.333
973.626
969.157
1180.28
1180.38
1182.4
1214.38
1299.23
1458.4
1714.58
2199.52
2912.93
3042.14
3041.77
2911.4
2198.64
1713.85
1458.03
1299.07
1214.36
1182.46
1180.58
1180.39
1439.75
1453.2
1469.67
1506.96
1591.03
1752.61
2014.66
2490.33
3226.71
3414.62
3414.33
3225.33
2489.65
2013.97
1752.34
1590.92
1507
1469.76
1453.38
1439.86
1738.11
1799.78
1894.68
1952.55
2022.22
2181.53
2460.93
2972.99
3695.35
3885.34
3885.13
3694.23
2972.6
2460.39
2181.4
2022.19
1952.66
1894.8
1799.92
1738.24
2058.28
2224.2
2502.26
2538.65
2593.71
2760.41
3073.54
3660.02
4294.39
4477.81
4477.74
4293.59
3660.07
3073.24
2760.44
2593.76
2538.85
2502.42
2224.29
2058.45
2353.55
2627.9
3042.84
3250.3
3325.49
3526.04
3894.61
4468.34
4935.56
5087.19
5087.29
4935.1
4468.57
3894.55
3526.18
3325.58
3250.54
3042.99
2628
2353.78
2679.71
2972.67
3389.55
3874.29
4287.51
4622.34
4958.96
5307.72
5580.45
5672.04
5672.2
5580.27
5307.98
4959.05
4622.49
4287.54
3874.36
3389.75
2972.87
2680
2712.37
3144.72
3601.42
4057.72
4568.94
5128.95
5617.69
5933.2
6122.76
6186.01
6186.14
6122.7
5933.4
5617.73
5128.96
4568.93
4057.9
3601.81
3145.08
2712.8
2792.95
3313.67
3842.86
4300.6
4744.74
5152.38
5512.71
5798.54
6018.39
6125.19
6125.22
6018.28
5798.63
5512.76
5152.54
4744.97
4300.99
3843.41
3314.14
2793.41
3010.93
3541.29
4122.4
4616
5073.54
5457.08
5760.56
5969
6119.36
6190.38
6190.41
6119.35
5969.13
5760.68
5457.46
5073.95
4616.55
4123.02
3541.79
3011.36
3026.27
3608.22
4231.33
4772.03
5271.47
5706.57
6036.78
6279.39
6434.8
6512.03
6512.09
6434.95
6279.7
6037.16
5707.08
5271.99
4772.62
4231.88
3608.59
3026.59
3018.63
3568.65
4118.17
4644.4
5165.26
5660.01
6062.15
6370.63
6574.15
6677.71
6677.82
6574.43
6371.16
6062.8
5660.7
5165.91
4645.02
4118.62
3568.86
3018.75
2817.53
3274.46
3710.1
4191.82
4694.6
5229.82
5682.65
6047.92
6294.08
6421.23
6421.37
6294.48
6048.64
5683.6
5230.8
4695.51
4192.62
3710.63
3274.76
2817.74
2498.33
2812.67
3086.75
3407.06
3757.77
4161.7
4525.21
4838.74
5056.12
5171.28
5171.4
5056.48
4839.38
4526.05
4162.56
3758.56
3407.75
3087.23
2813.03
2498.61
)
;
        refGradient     uniform 0;
        valueFraction   uniform 1;
        value           nonuniform List<scalar> 
400
(
579.032
895.53
1122.04
1199.7
1170.75
1092.56
1053.06
1018.51
972.418
960.822
960.851
972.694
1018.56
1053.11
1092.53
1170.78
1199.74
1122.11
895.624
579.089
593.732
801.755
1215.79
1684.69
1884.87
1794.98
1653.34
1551.65
1449.59
1391.78
1391.75
1449.62
1551.57
1653.33
1794.89
1884.87
1684.76
1215.9
801.805
593.751
592.247
703.59
893.637
1239.03
1926.45
2161.06
2113.44
2001.48
1827.75
1738.22
1738.03
1827.39
2001.22
2113.36
2160.95
1926.56
1239.11
893.687
703.636
592.264
624.233
690.41
795.279
968.805
1280.49
1925.9
2270.17
2346.06
2164.9
2016.16
2015.9
2164.32
2345.64
2270.02
1925.8
1280.47
968.766
795.287
690.469
624.263
694.913
733.026
793.818
897.562
1077.69
1404.36
2084.92
2468.09
2486.48
2275.73
2275.37
2485.29
2467.46
2084.58
1404.05
1077.56
897.471
793.815
733.13
694.974
808.132
826.343
858.258
923.552
1045.57
1259.56
1675.71
2379.77
2656.95
2512.29
2511.87
2655.62
2379.02
1675.11
1259.15
1045.4
923.452
858.267
826.499
808.225
969.045
973.431
985.298
1027.48
1122.22
1292.8
1581.99
2199.25
2753.79
2742.99
2742.57
2752.24
2198.28
1581.28
1292.36
1122.04
1027.4
985.333
973.626
969.157
1180.28
1180.38
1182.4
1214.38
1299.23
1458.4
1714.58
2199.52
2912.93
3042.14
3041.77
2911.4
2198.64
1713.85
1458.03
1299.07
1214.36
1182.46
1180.58
1180.39
1439.75
1453.2
1469.67
1506.96
1591.03
1752.61
2014.66
2490.33
3226.71
3414.62
3414.33
3225.33
2489.65
2013.97
1752.34
1590.92
1507
1469.76
1453.38
1439.86
1738.11
1799.78
1894.68
1952.55
2022.22
2181.53
2460.93
2972.99
3695.35
3885.34
3885.13
3694.23
2972.6
2460.39
2181.4
2022.19
1952.66
1894.8
1799.92
1738.24
2058.28
2224.2
2502.26
2538.65
2593.71
2760.41
3073.54
3660.02
4294.39
4477.81
4477.74
4293.59
3660.07
3073.24
2760.44
2593.76
2538.85
2502.42
2224.29
2058.45
2353.55
2627.9
3042.84
3250.3
3325.49
3526.04
3894.61
4468.34
4935.56
5087.19
5087.29
4935.1
4468.57
3894.55
3526.18
3325.58
3250.54
3042.99
2628
2353.78
2679.71
2972.67
3389.55
3874.29
4287.51
4622.34
4958.96
5307.72
5580.45
5672.04
5672.2
5580.27
5307.98
4959.05
4622.49
4287.54
3874.36
3389.75
2972.87
2680
2712.37
3144.72
3601.42
4057.72
4568.94
5128.95
5617.69
5933.2
6122.76
6186.01
6186.14
6122.7
5933.4
5617.73
5128.96
4568.93
4057.9
3601.81
3145.08
2712.8
2792.95
3313.67
3842.86
4300.6
4744.74
5152.38
5512.71
5798.54
6018.39
6125.19
6125.22
6018.28
5798.63
5512.76
5152.54
4744.97
4300.99
3843.41
3314.14
2793.41
3010.93
3541.29
4122.4
4616
5073.54
5457.08
5760.56
5969
6119.36
6190.38
6190.41
6119.35
5969.13
5760.68
5457.46
5073.95
4616.55
4123.02
3541.79
3011.36
3026.27
3608.22
4231.33
4772.03
5271.47
5706.57
6036.78
6279.39
6434.8
6512.03
6512.09
6434.95
6279.7
6037.16
5707.08
5271.99
4772.62
4231.88
3608.59
3026.59
3018.63
3568.65
4118.17
4644.4
5165.26
5660.01
6062.15
6370.63
6574.15
6677.71
6677.82
6574.43
6371.16
6062.8
5660.7
5165.91
4645.02
4118.62
3568.86
3018.75
2817.53
3274.46
3710.1
4191.82
4694.6
5229.82
5682.65
6047.92
6294.08
6421.23
6421.37
6294.48
6048.64
5683.6
5230.8
4695.51
4192.62
3710.63
3274.76
2817.74
2498.33
2812.67
3086.75
3407.06
3757.77
4161.7
4525.21
4838.74
5056.12
5171.28
5171.4
5056.48
4839.38
4526.05
4162.56
3758.56
3407.75
3087.23
2813.03
2498.61
)
;
        emissivityMode  solidRadiation;
        emissivity      uniform 0;
    }
}


// ************************************************************************* //
