/*--------------------------------*- C++ -*----------------------------------*\
  =========                 |
  \\      /  F ield         | OpenFOAM: The Open Source CFD Toolbox
   \\    /   O peration     | Website:  https://openfoam.org
    \\  /    A nd           | Version:  7
     \\/     M anipulation  |
\*---------------------------------------------------------------------------*/
FoamFile
{
    version     2.0;
    format      ascii;
    class       volScalarField;
    location    "1";
    object      ILambda_9_0;
}
// * * * * * * * * * * * * * * * * * * * * * * * * * * * * * * * * * * * * * //

dimensions      [1 0 -3 0 0 0 0];

internalField   nonuniform List<scalar> 
4000
(
411.758
312.824
231.309
189.592
167.968
156.525
150.348
146.945
145.029
143.949
910.33
855.533
515.516
344.504
255.926
208.267
181.657
166.285
157.146
151.622
1412.54
1442.95
933.277
615.124
427.414
317.683
252.713
213.321
188.795
173.192
1785.82
1977.57
1429.98
989.186
689.168
497.358
376.856
300.593
251.33
218.755
1985.96
2426.69
1941.24
1433.79
1033.26
751.267
562.464
437.834
354.884
298.571
1984.88
2697.74
2378.25
1890.49
1431.94
1071.13
810.954
630.756
507.211
421.683
1941.91
2844.67
2718.72
2318.08
1854.46
1441.62
1117.95
880.883
712.755
594.297
1897.48
2863.07
2930.36
2672.2
2263.54
1839.85
1473.08
1185.74
973.102
820.047
1814.38
2763.02
2981.94
2895.82
2602.26
2223.71
1851.54
1533.67
1284.42
1098.9
1756.34
2651.46
2939.38
2995.39
2839.76
2552.23
2218.81
1901.88
1634.12
1424.85
1725.88
2568.89
2871.46
3018.71
2986.75
2809.19
2548.52
2265.76
2004.24
1786.49
1736.35
2558.78
2858.13
3050.52
3104.12
3023.44
2844.66
2616.27
2382.06
2172.3
1819.9
2711.39
3007.05
3199.43
3283.03
3257.38
3140.59
2964.96
2766.53
2575.82
1899.2
2943.48
3263.45
3447.52
3530.98
3526.74
3447.81
3314.42
3152.33
2987.21
2020.74
3153.11
3496.36
3678.11
3760.88
3771.56
3724.13
3631.67
3510.86
3380.69
2236.02
3342.13
3634.18
3788.34
3869.51
3902.49
3896.38
3856.8
3791.87
3713.35
2307.76
3333.5
3551.76
3680.55
3773.89
3846.73
3900.21
3932.29
3943.27
3937.77
2106.48
3020.19
3177.99
3316.71
3450.95
3584.54
3713.92
3832.68
3935.71
4021.63
1635.51
2389.8
2569.18
2759.54
2955.96
3159.64
3368.3
3575.71
3774.62
3959.55
1024.77
1538.69
1860.26
2132.76
2392.34
2656.32
2930.42
3212.46
3495.92
3773.33
393.658
283.489
221.056
186.788
167.746
157.024
150.91
147.379
145.314
144.172
637.577
506.713
371.373
287.915
235.648
202.424
181.103
167.335
158.428
152.781
1158.89
1140.25
712.567
491.641
368.528
294.137
246.238
214.087
192.063
176.971
1924.14
2074.9
1257.36
821.126
582.686
443.884
356.779
298.326
257.245
227.719
2589.24
2830.85
1883.88
1262.93
887.927
662.425
521.753
428.778
363.659
316.045
2764.1
3312.76
2477.62
1770.67
1276.43
954.6
748.095
612.371
518.921
451.179
2675.54
3605.47
2985.98
2295.69
1728.01
1318.1
1039.83
854.056
727.938
638.816
2618.53
3613.21
3324.36
2771.92
2207.18
1741.39
1397.49
1157.97
994.723
882.372
2534.45
3372.23
3403.66
3090.15
2632.89
2179.7
1802.88
1519.85
1319.92
1182.9
2431.31
3163.32
3346.33
3247.33
2951.55
2578.55
2219.09
1920.36
1695.24
1536.8
2389.21
3039.37
3268.11
3310.88
3170.37
2912.27
2614.08
2334.45
2105.08
1935.02
2452.83
3090.84
3315.08
3417.09
3376.31
3217.71
2992.49
2752.99
2537.89
2367.89
2579.28
3510.98
3652.06
3706.32
3673.32
3557.18
3381.63
3180.94
2988.07
2826.7
2714.7
4006.13
4073.7
4064.14
4006.81
3903.58
3761.64
3597.88
3434.35
3291.5
2995.13
4298.52
4316.06
4275.72
4219.25
4145.8
4052.01
3941.76
3826.58
3721.35
3215.65
4400.86
4272.57
4208.29
4185.92
4177.5
4164.31
4138.34
4101.52
4062.52
2841.33
4000.86
3826.07
3807.13
3866.5
3958.49
4055.45
4141.74
4211.87
4268.36
2023.74
2943.1
3018.87
3150.19
3328.8
3535.28
3750.23
3957.85
4148.42
4318.8
1266.59
1841.43
2154.62
2428.4
2710.24
3010.46
3323.24
3636.89
3940.07
4224.92
854.485
1203.59
1517.92
1823.71
2144.31
2490.49
2861.15
3247.51
3637.74
4020.53
399.653
288.698
226.467
191.172
170.909
159.149
152.263
148.201
145.793
144.648
570.436
452.049
359.075
291
242.838
209.49
186.769
171.486
161.342
155.003
739.432
620.428
512.322
424.743
354.572
299.319
256.784
224.755
201.25
184.608
1056.13
969.408
743.427
603.692
505.338
429.074
367.465
317.532
277.843
247.14
2077.33
2024.55
1289.14
924.76
730.263
610.097
523.997
456.204
400.961
355.875
2726.05
3034.4
2016.85
1398.28
1055.33
858.294
733.79
645.377
576.576
520.126
2927.1
3752.92
2747.48
1977.43
1485.71
1187.96
1006.42
889.215
806.677
742.971
2997.24
4113.55
3367.42
2600.67
2010.92
1610.7
1355.67
1196.09
1093.96
1024.04
2955.32
3821.06
3599.53
3077.35
2534.41
2092.98
1778.26
1571.36
1442.09
1362.44
2873.81
3516.12
3594.12
3351.57
2962.26
2566.85
2239.93
2002.83
1847.91
1755.56
2842.82
3373.44
3554.56
3507.22
3288.04
2993.24
2704.27
2467.74
2299.96
2196.9
2929.7
3594.03
3743.94
3749.94
3623.92
3412.25
3173.82
2956.38
2788.31
2678.91
3116.66
4403.4
4307.97
4192.47
4044.54
3858.38
3653.45
3458.56
3298.96
3189.17
3284.9
4909.99
4726.84
4547.75
4392.96
4237.99
4077.78
3923.07
3791
3696.38
3412.38
4885.21
4686.15
4548.92
4469.43
4405.43
4337.41
4264.36
4196.54
4147.49
3081.34
4194.72
4098.36
4119.59
4196.09
4283.33
4357.62
4411.77
4450.72
4485.64
1953.43
2796.64
3111.04
3383.49
3650.88
3908.43
4143.58
4348.19
4522.37
4672.84
1275.57
1804.34
2231.4
2626.47
3015.44
3399.69
3769.31
4113.1
4424.74
4703.8
928.697
1259.29
1623.87
2015.78
2435.72
2877.9
3329.51
3775.21
4201.99
4601.29
744.128
964.034
1244.02
1581.49
1974.93
2418.21
2898.96
3400.77
3906.77
4402.07
422.119
306.041
238.696
199.327
176.136
162.393
154.214
149.35
146.475
145.817
588.478
479.965
386.978
314.435
260.771
222.43
195.746
177.634
165.625
158.552
715.507
631.587
545.193
463.158
390.423
329.453
280.727
243.419
215.915
196.639
854.923
774.76
699.7
624.862
550.189
478.812
414.296
359.031
314.125
279.097
1086.71
992.714
880.614
800.858
730.561
661.382
593.274
529.189
472.328
423.779
1970.86
1934
1365.85
1102.46
969.416
884.568
815.435
752.176
693.757
640.21
2710.28
3096.17
2154.23
1602.56
1320.99
1173.75
1086.5
1024.35
973.053
926.061
3142.43
4100.62
3066.02
2294.68
1828.93
1569.04
1428.58
1351.28
1305.36
1272.14
3248.13
4135.58
3614.36
2954.69
2426.38
2072.25
1860.93
1747.16
1693.35
1670.81
3172.84
3824.13
3755.98
3391.06
2967.69
2610.82
2360.32
2210.34
2138.54
2117.88
3157.36
3710.71
3821.44
3686.9
3420.81
3132.1
2890.32
2724.05
2635.16
2609.04
3338.48
4220.15
4236.77
4113.31
3907.04
3668.06
3446.57
3276.97
3175.14
3139.15
3570.48
5163.07
4879.98
4627.32
4405
4190.98
3994.87
3836.74
3733.76
3691.85
3542.95
5158.32
4970.65
4797.44
4666.29
4544.38
4426.09
4323.12
4252.71
4226.94
3031.13
4256.28
4345.64
4443.2
4532.77
4595.73
4628.86
4642.92
4656.35
4686.26
1945.8
2810.05
3321.8
3725.8
4065.2
4346.25
4570.59
4746.42
4889.67
5017.91
1346.32
1906.49
2451.39
2971.2
3460.68
3908.92
4305.67
4647.64
4940.83
5196.22
1028.33
1395.51
1845.49
2348.14
2878.87
3412.74
3926.63
4404.08
4837.71
5227.05
854.029
1108.38
1457.24
1892.17
2396.58
2947.07
3517.23
4083.14
4626.92
5136.5
754.444
945.366
1217.08
1578.87
2028.39
2552.47
3130.19
3737.81
4353.01
4955.88
469.655
336.937
258.267
211.458
183.512
166.8
156.805
150.872
147.445
148.381
648.071
536.951
433.923
350.015
286.326
240.134
207.75
185.858
171.739
164.136
762.334
699.428
616.375
527.766
444.353
372.246
313.828
269.383
237.304
215.111
865.217
833.766
785.041
718.064
639.813
559.229
484.155
420.091
368.789
328.705
999.408
967.857
943.237
907.306
854.194
787.332
714.813
645.101
583.344
529.677
1250.94
1173.54
1124.7
1102.02
1077.46
1039.97
990.469
935.491
880.857
827.14
2183.32
2156.48
1644.15
1435.52
1357.73
1323.94
1298.78
1272.52
1243.85
1209.44
2983.03
3552.74
2606.07
2055.53
1798.16
1692.11
1655.6
1648.81
1652.53
1652.47
3421.96
4372.99
3537.6
2849.31
2423.38
2198.4
2102.04
2081.85
2102.58
2136.18
3418.93
4098.95
3879.52
3447.99
3056.84
2785.19
2634.52
2581.96
2598.34
2651.69
3452.39
4076.8
4109.98
3910.75
3637.86
3392.68
3222.87
3141.7
3140.75
3196.6
3732.56
5006.92
4777.07
4515.3
4258.21
4026.68
3849.46
3746.75
3723.91
3769
3791.5
5461.35
5204.23
4959.3
4757.72
4580.16
4435.4
4341.93
4313.88
4350.88
3311.8
4631.21
4765.9
4842.59
4876.38
4872.42
4848.27
4830.13
4842.92
4899.08
2196.3
3166.28
3793.06
4251.52
4590.5
4833.06
5002.32
5127.41
5238.89
5358.32
1547.48
2226.9
2904.12
3528.4
4076.15
4535.49
4907.98
5208.88
5461.46
5686.67
1195.78
1667.31
2247.89
2879.04
3511.43
4106.29
4640
5106.69
5513.07
5869.69
1002.44
1340.37
1806.14
2373.45
3003.07
3652.61
4285.96
4880.58
5426.19
5918.29
895.28
1150.98
1522.06
2008.25
2590.34
3236.74
3912.39
4587.66
5240.93
5854.09
834.108
1040.38
1341.58
1752.36
2270.75
2880.09
3554.48
4266.01
4988.68
5696.42
541.107
381.117
285.141
227.572
193.062
172.421
160.119
152.943
148.941
152.933
747.057
622.009
499.761
397.874
319.752
262.978
223.343
197.031
180.975
172.875
863.985
811.824
722.196
618.383
517.522
429.579
358.729
306.15
270.301
245.097
953.849
959.984
926.352
857.608
767.77
672.147
583.225
510.062
454.126
408.722
1058.31
1091.7
1109.03
1093.36
1044.26
972.16
892.042
818.255
755.033
696.19
1216.86
1240.29
1283.89
1316.92
1322.56
1299.39
1257.85
1211.54
1165.4
1112.16
1611.04
1547.1
1522.28
1556.03
1599.74
1630.44
1644.89
1650.82
1649.35
1628.87
2649.36
2879.3
2285.1
2038.17
1981.79
2002.39
2049.7
2108.11
2165.55
2200.48
3415.62
4246.19
3400.42
2856.51
2597.02
2511.97
2525.45
2597.39
2697.43
2789.53
3623.87
4319.04
4009.4
3601.05
3300.45
3137.77
3092.67
3140.25
3250.58
3380.64
3749.43
4513.01
4471.01
4242.14
3998.61
3818.7
3730.75
3740.27
3833.84
3974.51
3990.81
5479.24
5210.99
4936.87
4701.01
4516.52
4403.91
4379.96
4445.36
4575.32
3750.73
5278.24
5283.57
5225.53
5148.02
5063.46
4999.85
4988.69
5047.74
5168.6
2704.14
3850.27
4499.2
4907
5156.83
5301.32
5388.93
5468.06
5573.85
5715.49
1916.97
2796.69
3608.69
4289.22
4823.58
5222.65
5517.5
5751.01
5962.1
6169.83
1475.26
2123.88
2875.08
3632.03
4327.22
4924.35
5418.61
5830.42
6186.01
6501.45
1226.07
1708.56
2342.25
3065.89
3811.99
4524.49
5170.94
5746.14
6256.51
6704.45
1088.08
1459.09
1980.77
2628.37
3355.65
4110.7
4850.65
5551.92
6202.88
6788.51
1014.09
1310.92
1741.63
2305.48
2979.28
3726.06
4506.42
5289.3
6050.85
6762.28
973.033
1220.4
1580.15
2065.77
2672.18
3379.13
4157.87
4979.03
5813.63
6625.75
638.629
439.373
319.564
247.751
204.864
179.385
164.349
155.969
151.604
149.717
888.288
736.956
585.517
458.674
361.71
291.851
243.748
213.2
196.232
185.707
1023.43
973.772
867.671
739.41
614.05
506.081
421.273
361.941
325.016
295.964
1117.83
1158.23
1133.15
1054.53
945.759
830.857
727.644
649.374
593.803
540.858
1215.6
1310.83
1366.07
1365.77
1316.11
1236.94
1152.06
1083.06
1026.55
959.122
1353.17
1462.1
1571.21
1647.98
1678.83
1670.58
1644.26
1621.54
1596.81
1541.33
1585.6
1666.77
1785.8
1910.71
2013.95
2087.45
2142.7
2197.23
2239.86
2232.72
2390.48
2390.59
2262
2288.32
2384.58
2500.59
2623.05
2758.71
2887.44
2958.49
3418.36
4055.03
3434.5
3094.84
2996.78
3031.82
3143.53
3314.59
3509
3661.22
3843.61
4638.26
4302.86
3958.82
3757.87
3695.48
3746.04
3897
4112.77
4320.56
4053.94
5075.08
4979.45
4745.2
4544.32
4429.98
4419.12
4522.14
4719.48
4944.98
4208.34
5774
5658.04
5453.13
5277.93
5155.98
5112.36
5173.6
5336.82
5551.09
3574.98
4876.02
5359.36
5579.44
5659.86
5678.87
5699.37
5776.66
5931.96
6134.94
2559.69
3694.9
4576.7
5204.16
5619.13
5883.59
6067.98
6242.39
6445.76
6668.09
1949.97
2852.11
3781.07
4609.92
5281.63
5794.91
6188.5
6520.47
6830.06
7117.22
1590.94
2291.39
3132.1
4002.32
4812.81
5514.94
6105.52
6616.38
7070.83
7464.37
1383.42
1935.37
2658.09
3484.77
4337.3
5151.88
5895.66
6571.52
7182.64
7708.74
1270.25
1717.78
2331.95
3081.67
3914.39
4773.94
5617.11
6424.98
7181.99
7850.16
1210.13
1580.5
2102.55
2768.02
3548.3
4403.75
5294.88
6192.9
7068.68
7872.03
1174.6
1485.64
1928.5
2510.19
3220.69
4037.62
4931.99
5874.99
6831.35
7746.23
762.687
511.51
361.295
271.936
219.052
188.021
169.993
161.146
157.155
155.613
1075.21
883.403
691.979
533.209
413.501
328.824
271.908
239.369
224.649
213.194
1253.06
1197.54
1062.63
898.766
741.773
611.56
514.644
455.258
422.619
386.087
1374.67
1451.05
1427.76
1329.67
1195.56
1061.15
949.71
879.086
830.689
759.333
1481.18
1645.57
1739.3
1751.58
1700.73
1619.68
1543.23
1499.91
1459.97
1367.51
1617.62
1814.98
1991.03
2113.16
2174.9
2192.27
2202.14
2233.38
2246.06
2169.99
1834.68
2022.73
2231.14
2426.84
2586.2
2711.5
2831.26
2971.58
3081.81
3071.49
2424.35
2522.46
2636.59
2806.32
2996.46
3188.23
3394.84
3642.17
3869.15
3962.81
3604.54
4168.35
3784.66
3610.74
3628.34
3754.9
3959.17
4252.25
4565.35
4768.06
4194.61
5135.93
4826.06
4552.15
4431.53
4448.41
4583.96
4848.58
5190.71
5468.66
4456.35
5730.47
5630.58
5418.49
5263.37
5207.02
5266.29
5468.63
5787.24
6090.21
4509.13
6105.41
6187.56
6091
5988.02
5927.53
5950.12
6105.43
6381.35
6671.28
3624.84
4997.69
5753.27
6142.49
6327.79
6421.43
6513.86
6687.58
6952.2
7225.03
2745.1
3958.57
4988.17
5749.34
6264.08
6605.41
6866.34
7139.62
7449.5
7736.85
2195.46
3189.91
4232.18
5171.47
5936.44
6525.95
6997.4
7429
7841.39
8188.59
1859.96
2666.14
3618.64
4596.14
5501.64
6285.74
6958.25
7570.19
8124.92
8573.56
1667.6
2334.11
3174.87
4114.09
5069.79
5978.53
6815.52
7598.3
8311.59
8890.08
1562.9
2127.14
2862.19
3728.56
4672.33
5639.82
6593.12
7520.81
8388.74
9114.73
1495.44
1972.17
2611.25
3394.29
4291.18
5265.41
6281.15
7312.46
8311.92
9187.92
1444.12
1841.2
2386.61
3078.09
3903.31
4842.15
5867.99
6951.63
8040.61
9045.21
911.164
596.096
409.723
300.224
236.166
199.269
178.306
171.976
169.613
168.009
1310.8
1062.21
819.699
623.151
478.381
378.899
314.679
287.413
279.943
263.285
1581.59
1507.06
1323.53
1109.96
915.907
766.939
668.187
626.084
600.149
538.984
1761.2
1876.78
1843.28
1715.65
1553.8
1409.19
1310.59
1272.84
1229.72
1104.67
1881.78
2127.94
2259.85
2285.56
2242.31
2177.64
2141.65
2159.78
2136.08
1969.6
2020.92
2315.5
2560.2
2737.28
2848
2916.08
3001.02
3132.97
3189.01
3038.34
2251.96
2545.68
2837.92
3105.03
3334.6
3535.94
3759.99
4040.25
4232.97
4166.81
2866.9
3081.81
3290.77
3535.09
3795.79
4067.7
4385.28
4793.59
5141.65
5211.35
4071.85
4647.35
4433.82
4364.8
4456.87
4660.68
4964.02
5409.32
5870.92
6087.41
4671.25
5790.56
5554.09
5343.43
5279.88
5361.19
5579.61
5968.84
6468.23
6786.2
4924.96
6430.96
6394.19
6226.51
6113.08
6107.75
6235.31
6541.38
7010.15
7363.63
4957.26
6595.49
6851.24
6849.49
6801.97
6792.66
6878.33
7136.85
7552.17
7890.68
4064.15
5526.19
6393.01
6864.03
7104.39
7247.41
7406.48
7693.85
8088.04
8399.03
3184.23
4509.67
5633.78
6465.75
7032.56
7421.39
7752.71
8146.39
8576.2
8892.38
2624.24
3746.19
4890.8
5912.24
6740.83
7383.17
7928.67
8480.94
9002.37
9367.46
2286.26
3235.23
4307.85
5384.33
6371.52
7226.14
7984.76
8718.28
9372.3
9825.28
2106.48
2926.27
3900.11
4953.91
6010.21
7014.7
7959.33
8870.87
9678.92
10251.1
2004.68
2721.12
3588.76
4573.44
5631.67
6720.36
7808.84
8885.48
9857.78
10581.1
1888.29
2500.95
3270.11
4175.04
5196.1
6307.11
7475.14
8669.77
9793.3
10690
1782.82
2283.24
2939.64
3744.33
4691.33
5768.31
6949.73
8198.23
9420.94
10475.2
1079.34
690.93
464.647
333.765
257.973
215.732
192.433
199.17
196.547
193.721
1598.53
1272.85
969.487
732.618
564.791
454.46
387.343
383.729
378.229
348.287
2063.22
1938.38
1671.91
1393.12
1166.99
1020.79
943.482
947.87
903.517
778.045
2322.18
2467.94
2405.3
2248.09
2077.81
1959.23
1912.25
1935.37
1857.41
1603.83
2437
2771.57
2937.62
2991.87
2991.34
2991.83
3048.37
3164.06
3114.56
2776.23
2576.77
2969.31
3278.9
3531.3
3730.04
3899.29
4116.61
4394.48
4457.25
4128.54
2845.05
3246.81
3604.65
3940.62
4270.16
4588.58
4967.57
5432.34
5680.58
5468.25
3568.91
3882.66
4140.1
4430.46
4759.55
5135.26
5593.54
6200.35
6658.53
6627.95
4735.06
5460.03
5324.98
5293.65
5436.29
5720.88
6136.84
6747.6
7387.78
7533.42
5260.93
6616.35
6455.16
6273.65
6245.94
6389.6
6697.99
7212.18
7899.55
8182.5
5474.42
7227.86
7266.36
7123.23
7037.22
7082.62
7285.59
7694.26
8344.69
8680.12
5520.09
7309.51
7650.95
7681.09
7663.64
7702.15
7857.55
8222.67
8818.95
9137.74
4717.82
6258.91
7167.33
7659.86
7919.85
8106.8
8338.41
8759.26
9294.39
9594.63
3813.86
5248.54
6418.16
7270.2
7865.36
8295.47
8709.75
9250.19
9797.13
10087.3
3226.66
4484.61
5706.68
6786.69
7665.52
8359.44
8995.51
9697.92
10313.2
10620.3
2884.57
4002.22
5186.28
6353.06
7422.01
8358.41
9225.76
10106.2
10827.3
11189.7
2741.56
3739.43
4841.76
6008.77
7176.4
8302.81
9387.88
10449.7
11301.5
11755.5
2656.46
3533.68
4513.9
5604.3
6791.99
8044.18
9315.52
10574.9
11592.3
12193.7
2399.48
3154.27
4045.52
5067.41
6230.43
7517.24
8881.61
10272.6
11475.5
12290.5
2176.67
2778.52
3536.64
4449.82
5530.39
6772.96
8141.49
9572.87
10896.8
11918.3
1262.79
794.558
528.456
376.842
289.072
244.136
219.882
275.752
254.042
246.56
1934.39
1507.23
1144.66
870.923
693.222
582.64
521.403
567.954
545.035
482.256
2686.31
2466.29
2124.9
1766.15
1553.52
1469.24
1446.14
1502.92
1364.45
1107.62
2976.28
3146.51
3089.71
2925.22
2824.9
2805.17
2867.02
2943.24
2725.7
2231.45
3111.76
3486.96
3709.05
3842.02
3972.15
4123.34
4334.28
4537.14
4339.8
3708.95
3300.59
3747.54
4097.62
4462.07
4823.38
5168.3
5566.92
5980.19
5938.47
5316.55
3664.97
4132.39
4501.16
4909.52
5382.01
5869.72
6433.33
7086.51
7343.7
6835.9
4551.81
4909.6
5146.77
5446.54
5860.04
6369.87
6986.9
7784.03
8348.62
8065.34
5526.46
6450.08
6348.9
6316.66
6512.61
6897.39
7438.64
8191.73
8961.04
8928.53
5920.52
7596.02
7448.88
7253.26
7260.96
7485.34
7897.52
8521.78
9328.22
9489.01
6075.04
8144.93
8185.17
8021.23
7964.09
8081.82
8378.98
8885.08
9652.39
9893.73
6127.51
8089.99
8457.82
8481.17
8499.34
8610.33
8859.32
9327.43
10060.8
10285.9
5561.36
7093.43
7961.29
8427.78
8712.96
8968.1
9297.17
9861.29
10558.8
10737.1
4650.72
6126.1
7259.77
8099.8
8728.71
9223.1
9739.66
10448.4
11122.4
11267
4031.02
5390.52
6631.26
7755.03
8700.75
9472.83
10220.6
11074.8
11725.8
11878.6
3666.06
4928.91
6209.35
7464.94
8649.17
9710.98
10721.9
11739.6
12427
12575.5
3526.05
4720.44
5959.98
7229.53
8563.54
9872.51
11148.7
12342.7
13111.2
13281.5
3486.09
4489.71
5579.6
6750.08
8134.48
9644.03
11156.3
12582.5
13492.7
13787.8
2974.61
3827.94
4830.94
5975.35
7335.69
8864.03
10471.7
12054.6
13221.6
13788.7
2574.93
3241.53
4080.23
5103.59
6346.12
7790.85
9369.63
10964.3
12301.6
13156.3
1467.62
907.372
610.775
441.775
338.033
300.493
277.053
508.131
348.626
353.872
2232.43
1723.44
1338.02
1065.17
874.962
778.226
752.484
848.262
768.299
664.564
3038.33
2820.97
2530.8
2253.93
2118.37
2132.27
2222.98
2278.94
1934.29
1484.57
3601.74
3699.31
3710.64
3708.61
3800.55
3959.02
4161.3
4208.37
3701.21
2871.77
3897.35
4183.36
4416.91
4745.92
5153.45
5551.15
5933.95
6142.05
5670.27
4607.58
4235.66
4639.07
4932.69
5446
6081.87
6671.46
7258.21
7738.57
7510.51
6414.43
4766.22
5209.65
5485.1
5954.61
6630.56
7326.56
8067.08
8826.31
8936.39
8009.36
5633.54
6081.75
6222.28
6521.5
7057.94
7728.91
8490.67
9392.48
9879.77
9231.39
6272.75
7435.88
7345.99
7334.01
7628.22
8148.93
8810.86
9640.87
10392
10050.6
6512.75
8368.09
8284.62
8148.13
8259.34
8611.56
9136.69
9828.6
10635.6
10544.7
6608.61
8786.85
8874.69
8778.64
8831.83
9079.21
9491.76
10071.2
10860.8
10889.3
6657.62
8708.72
9071.72
9139.97
9265.92
9510.31
9880.51
10437.2
11224.4
11248.4
6387.98
7891.96
8646.93
9106.5
9476.95
9852.66
10305.2
10990.9
11729.9
11699
5672.39
7084.51
8086.1
8911.04
9629.94
10234.2
10877.5
11727.1
12395.8
12294
5066.3
6438.57
7585.33
8748.8
9834.14
10735.8
11619.5
12603.6
13228.9
13037.6
4660.3
5969.92
7244.38
8615.43
10010.9
11274.2
12450.2
13553.7
14102.2
13839.6
4435.78
5712.07
7049.35
8493.61
10092.8
11672.3
13162.1
14396.2
14895.8
14592.9
4057.21
5221.52
6484.4
7889.31
9577.52
11420.1
13224.1
14702.1
15274.8
15058.8
3378.49
4291.15
5429.63
6789.84
8414.93
10231.4
12105.3
13775.4
14721.6
14851.9
2880.47
3557.17
4464.07
5628.31
7065.78
8727.67
10494.2
12152.4
13349.8
13877.4
1785.67
1021.5
745.226
555.655
420.413
432.368
397.666
342.435
353.339
604.284
2462.6
1875.68
1559.98
1316.98
1121.1
1090.69
1089.89
1063.23
977.477
873.259
3101.18
2888.69
2835.28
2805.64
2832.53
3011.26
3176.98
3061.29
2482.63
1819.24
3886.83
3927.98
4108.78
4448.08
4900.2
5326.97
5594.3
5449.64
4566.98
3359.7
4660.5
4827.82
5028.75
5584.27
6440.89
7152.63
7617.21
7653.61
6744.22
5205.1
5318.17
5588.16
5748.42
6390.78
7423.74
8301.34
8975.5
9341.53
8716.12
7077.47
5931.79
6331.55
6456.3
7004.07
7962.58
8883.6
9700.73
10389.3
10203.3
8706.92
6477.06
7152.95
7228.35
7587.38
8322.92
9168.73
9999.05
10843
11075.4
9906.03
6823.16
8089.73
8182.08
8290.92
8769.96
9452.1
10185.6
10970.3
11521.3
10699.7
6954.62
8696.5
8894.16
8936.59
9244.13
9763.15
10373.9
11043
11705.5
11184
7018.65
8979.48
9330.34
9421.85
9677.27
10097.8
10611.2
11195.8
11889.2
11529.2
7069.82
8966.01
9497.63
9717.99
10042.9
10463
10944.5
11533.5
12247.4
11899.4
6980.72
8513.86
9209.14
9747.45
10302.2
10847.4
11414
12152.9
12806.1
12392.7
6677.51
7999.34
8832.12
9697.59
10619.5
11399.7
12152.9
13064.4
13632.3
13073.3
6233.36
7503.28
8469.8
9669.18
11038.9
12164.2
13162.4
14173.2
14576.9
13866.9
5695.52
6981.58
8158.11
9633.39
11414.9
12980.6
14282.5
15328
15504.5
14659.1
4993.26
6316.8
7778.76
9527.01
11575
13530.7
15159.5
16246.4
16268.7
15316.4
4193.81
5430.68
7004.62
8830.67
10959
13188
15170.8
16426.4
16464.6
15579.4
3561.19
4459.12
5800.23
7446.26
9387.01
11485.2
13487.2
14989.9
15520
15067.6
3088.36
3717.57
4697.52
6019.5
7652.01
9483.91
11304.6
12819.5
13683.5
13746.2
1593.42
972.053
1055.74
772.543
551.161
784.349
640.384
478.811
592.541
557.084
2501.26
1924.11
1794.27
1632.43
1472.63
1602
1553.29
1418.02
1301.14
1027.76
3177.03
2945.52
3202.97
3483.16
3765.67
4055.13
4109.02
3666.32
2855.93
1993.34
3769.21
3931.96
4454.99
5206.53
6066.56
6681.72
6846.48
6253.03
4997.82
3490.31
4437.32
4871.26
5514.17
6488.2
7738.47
8665.25
9018.99
8600.6
7228.29
5265.3
5247.96
5835.67
6426.88
7415.17
8796.12
9872.52
10425.8
10373.5
9232.79
7063.62
6036.98
6757.08
7249.53
8081.38
9339.74
10419.1
11125.8
11444.7
10722.3
8626.48
6580.15
7510.53
8012.76
8632.08
9642.95
10617.9
11361
11891.1
11638.3
9822.93
6897.97
8137.43
8809.36
9210.73
9959.92
10776.6
11457.5
11998.4
12103.4
10642.3
7050.02
8549.83
9344.4
9698.1
10271.7
10938.2
11537.4
12028.2
12347.5
11194.5
7126.37
8768.99
9683.4
10074.6
10591.8
11167.9
11699.1
12158.4
12578.1
11612.1
7153.28
8808.33
9852.19
10346.6
10945.5
11532.9
12047
12542.1
12971.4
12040.1
7062.53
8618.84
9667.5
10440.1
11287.8
12021
12631.3
13271.7
13632.3
12601.7
6777.67
8288.29
9403.19
10500.2
11737.1
12750.9
13552
14328.2
14512.9
13294.9
6184.53
7731.24
9075.23
10567.7
12298
13712
14745.5
15534.8
15464
14038.5
5420.49
6984.86
8642.52
10545.6
12755.1
14634.8
15943.8
16626.4
16236.6
14656
4719.82
6185.96
8073.95
10330.1
12896.2
15143.1
16723.7
17285.8
16667.7
15011.7
4151.97
5363.13
7355.47
9691.78
12298.8
14683.2
16480.8
17108.2
16456.4
14914.6
3641.03
4519.87
6095.98
8040.69
10262.5
12448.1
14247.1
15258.4
15167.2
14098.3
3154.82
3793.91
4865.34
6327.35
8068.67
9906.08
11532.8
12648.4
12996.8
12543
1726.03
1064.65
946.883
1100.11
705.053
1862.52
1007.68
609.98
1249.58
983.336
2663.73
2098.77
1999.53
2011.11
1820.52
2356.14
2006.65
1643.63
1520.59
1170.03
3361.53
3210.96
3742.83
4265.55
4558.99
4869.72
4607.78
3761.79
2811.09
1904.39
3928.25
4194.84
5098.31
6140.11
7047.57
7531.04
7331.4
6189.14
4704.17
3142.8
4439.47
5075.28
6232.07
7568.87
8892.51
9675.78
9629.43
8477.23
6697.06
4624.01
4909.5
5848.14
7155.06
8559.53
10064.6
11046.1
11192.7
10340.5
8601.08
6185.27
5355.68
6555.71
7905.02
9199.33
10643.1
11677.2
12010.4
11594.9
10116
7607.75
5763.57
7122.02
8536.87
9665.16
10930.2
11892.6
12320.4
12221.1
11179.9
8793.98
6118.17
7625.16
9139.62
10110.2
11159.4
11998.4
12432.1
12456.4
11819.2
9685.85
6357.99
7989.41
9581.71
10469.3
11346.4
12055.1
12475.1
12554.7
12216.9
10347.2
6454.73
8188.42
9868.36
10777
11602.7
12241.2
12639.6
12760.4
12577.8
10880.1
6398.88
8208.61
9995.34
11043.3
11992.5
12687.2
13091.7
13269.3
13078.9
11402.4
6194.81
8032.93
9887.46
11189.9
12421.1
13320.8
13836.4
14115.2
13782.4
11994.4
5900.58
7768.6
9708.34
11331.9
12947.1
14176.1
14875.5
15163.4
14552.5
12592.1
5545.19
7355.77
9467.16
11481.6
13547.9
15149.6
16025.9
16130.2
15236.5
13115.8
5155.42
6855.39
9109.95
11493.1
13940.5
15868.2
16900.5
16748.5
15567.5
13387.1
4727.48
6245.88
8587.21
11221.9
13895.2
15986.7
17114.6
16818.8
15504.9
13347.2
4277.2
5556.28
7939.12
10589
13162.6
15259.6
16414
16145.1
14838.2
12878
3775.48
4701.97
6457.57
8584.4
10688.9
12750.4
13880.6
14114.9
13359.3
11868.4
3256.54
3902.96
5009.46
6488.4
8099.31
9704.93
10858.4
11377.1
11163
10308.9
2089.78
1205.02
1709.53
1008.6
788.033
1379.47
797.902
545.948
538.269
582.902
2862.16
2324.13
2429.41
2320.34
2177.22
2299.84
2004.02
1532.69
1183.29
871.75
3524.21
3533.4
4294.79
4775.83
4928.45
4858.27
4342.56
3228.6
2257.97
1475.4
4089.82
4553.23
5787.43
6781.42
7348.2
7375.67
6748.26
5209.45
3718.25
2386.66
4597.83
5449.89
6954.36
8267.63
9211.27
9472.44
8856.58
7133.98
5254.75
3456.15
5045.48
6182.68
7836.28
9297.07
10530
11065.4
10593
8916.4
6864.4
4649.8
5424.14
6801.72
8497.08
9981.5
11327.5
12066.8
11810.8
10337.4
8276.3
5813.96
5722.91
7223.07
8987.13
10461.8
11798.2
12601.9
12464.9
11327.1
9462.31
6903.47
5951.71
7596.03
9457.14
10887.7
12111.9
12826.2
12758.6
11931.5
10335.1
7825.67
6100.87
7863.67
9809.26
11229.3
12294
12889.6
12900.3
12293.2
10970.8
8585.75
6168.84
8017.59
10044
11513
12563.7
13131.7
13179.7
12687
11515.2
9222.28
6154.59
8053.32
10158.4
11745.3
13004.2
13721.7
13788.3
13296.6
12089.9
9789.63
6055.76
7961.26
10120.3
11892
13435.7
14456.2
14642.7
14049.1
12696.2
10317.4
5883.17
7844.84
10083
12035.8
13854.6
15150.1
15507.3
14728.7
13156.5
10706.8
5625.73
7564.93
9968.54
12155.2
14203.4
15659
16067.7
15122.7
13399.6
10921
5284.76
7152.68
9695.63
12088.9
14246.1
15734.3
16129.3
15028.5
13203.4
10825.3
4869.47
6548.45
9178.86
11702.8
13860.4
15294.4
15664
14488
12686.5
10454.5
4407.26
5835.5
8389.9
10850.1
12861.9
14185.3
14520.6
13405.6
11729.1
9768.6
3881.34
4875.78
6629.35
8599.95
10264.4
11544.4
12070.5
11509
10314.6
8769.75
3351.31
3933.01
4945.54
6223.98
7473.89
8519.79
9131.18
9068.9
8450.26
7457.6
2056.04
1178.2
1249.68
996.773
1199.49
928.995
679.395
602.706
947.853
565.833
2828.89
2343.62
2442.29
2393.89
2443.07
2220.29
1824.96
1346.04
1090.68
753.49
3485.36
3567.87
4246.18
4553.04
4606.94
4239.67
3480.16
2406.53
1627.64
1069.63
4050.02
4576.76
5694.08
6361.11
6586.81
6222.8
5240.72
3710.12
2472.29
1566.8
4562.53
5442.08
6803.57
7758.84
8214.47
7963.37
6889.59
5029.69
3417.04
2177.2
5028.32
6246.81
7654.16
8772.76
9530.2
9493.83
8475.1
6451.47
4563.29
2934.89
5424.24
6827.01
8316.56
9570.9
10502.3
10709.5
9803.72
7733.67
5660.37
3740.79
5744.37
7289.05
8872.42
10212.7
11262.9
11671.6
10908.3
8920.36
6764.51
4594.34
5982.74
7621.98
9281.95
10702.6
11837.5
12351.9
11708.2
9862.66
7713.46
5405.7
6138.22
7865.79
9601.46
11092
12252
12776.6
12235.9
10576.6
8520.95
6144.1
6208.49
8011.01
9817.77
11383.1
12609.9
13193.2
12734.3
11177.5
9181.77
6779.03
6191.94
8052.97
9925.93
11574.8
12943.5
13696.9
13315
11734.9
9704.99
7289.13
6088.62
8013.72
9967.96
11702.6
13191.9
14106.9
13817.8
12187.5
10107.8
7672.91
5895.65
7855.15
9884.1
11718.2
13308.8
14279.9
14025.5
12325.4
10214.5
7841.78
5614.11
7604.3
9722.24
11623.5
13288.5
14207.5
13925.7
12189.3
10093.1
7810.78
5239.41
7082.02
9381.36
11361.7
12931.7
13716
13337.9
11595.8
9570.82
7509.11
4797.86
6427.21
8773.24
10741.8
12191.3
12823.6
12380.5
10733.5
8864.33
7020.69
4316.81
5669.33
7847.93
9671
10935.1
11427.6
10986.6
9533.43
7910.26
6351.99
3788.03
4677.37
6149.78
7565.55
8578.33
9115.51
8972.64
8016.69
6796.67
5556.69
3256.94
3685.09
4445.78
5317.16
6072.87
6565.82
6654.88
6232.83
5506.28
4647.21
1922.1
1101.55
2584.23
1583.47
2692.65
1423.17
878.773
987.397
604.047
351.243
2655.46
2143.4
2572.81
2424.49
2724.23
2184.47
1581.02
1154.4
772.96
498.26
3231.31
3107.37
3607.66
3703.59
3671.02
3135.32
2304.2
1533.39
1006.22
657.569
3732.9
3935.41
4709.22
5004.21
4910.16
4294.16
3258.58
2130.43
1364.35
875.674
4206.85
4682.95
5666.14
6170.66
6153.2
5483.58
4255.27
2819.01
1808.79
1153.89
4666.61
5435.81
6550.75
7265.33
7464.68
6885.15
5554.74
3765.38
2425.89
1534.88
5076.46
6056.36
7272.15
8155.35
8571.73
8145.13
6770.53
4748.03
3126.72
1995.61
5419.24
6538.92
7866.01
8907.42
9518.74
9324.63
8001.93
5836.73
3947.63
2546.98
5678.3
6893.15
8304.33
9475.84
10249
10222
8984.41
6789.39
4741.38
3125.32
5846.64
7140.9
8621.14
9905.61
10798
10877.4
9752.35
7595.96
5468.6
3687.15
5917.82
7279.25
8821.36
10193.1
11191.4
11375
10341.9
8221.17
6055.43
4176.94
5888.64
7305.28
8909.27
10337.6
11426.5
11724.4
10741.1
8623.86
6442.68
4540.59
5760.66
7228.52
8905.82
10382
11514.5
11878.5
10934.5
8814.55
6643.71
4762.33
5533.51
7026.67
8759.37
10250.3
11367
11645.4
10683.5
8613.55
6558.11
4791.33
5216.24
6674.96
8478.81
9973.27
11014.4
11165
10181
8198.22
6286.54
4659.45
4814.31
6091.89
7922.34
9349.03
10214.5
10199.9
9195.17
7441.11
5782.93
4361.55
4373.59
5432.11
7178.49
8467.64
9170.18
9066.5
8118.78
6592.82
5173.46
3957.2
3921.73
4723.53
6205.36
7283.37
7830.17
7681.65
6839.78
5617.31
4473.08
3477.18
3464.72
3939.73
4911.17
5666.32
6128.11
6071.62
5528.39
4637.86
3756.54
2969.16
3004.12
3129.43
3525.38
3945.13
4271.79
4343.68
4108.41
3612.68
3024.54
2451.08
1632.08
985.222
737.381
1785.68
2096.01
1044.3
892.922
527.596
313.683
214.351
2247.4
1724.87
1563.37
1752.59
1837.3
1378.66
998.822
657.955
424.538
287.122
2685.28
2283.42
2291.04
2231.55
2085.86
1662.74
1187.43
797.712
528.889
359.09
3075
2863.18
3194.41
3153.2
2872.85
2277.01
1590.01
1040.64
677.454
450.576
3457.09
3389.73
3976.98
4057.29
3733.33
2979.58
2086.36
1356.69
872.245
568.636
3856.77
4061.11
4897.25
5232.09
5018.72
4126.26
2912.75
1859.88
1168.06
740.224
4226.13
4613.27
5652.24
6178.12
6133.93
5230.1
3793.91
2448.84
1536.46
961.903
4544.59
5054.05
6287.95
7051
7199.96
6489.83
4892.93
3188.72
2001.98
1244.32
4787.03
5370.68
6716.66
7672.54
8020.05
7432.56
5836.07
3905.14
2491.12
1558.68
4942.59
5582.04
6991.58
8116.12
8643.71
8171.59
6636.64
4556.06
2960.77
1876.01
5001.86
5689.82
7146.59
8365.65
9012.45
8641.03
7158.98
5031.71
3340.43
2153.94
4960.96
5692.07
7195.69
8416.07
9088.37
8777.99
7309.27
5242.46
3561.81
2346.21
4823.4
5594.16
7143.82
8339.46
8970.39
8681.83
7203.6
5238.19
3627.22
2437.93
4591.41
5364.82
6883.2
7976.12
8506.07
8047.05
6649.06
4937.5
3500.96
2408.74
4283.34
5005.78
6472.86
7487.52
7879.48
7318.73
6009.04
4512.07
3255.33
2285.41
3908.71
4401.22
5703.31
6504.42
6730.79
6191.73
5117.16
3927.66
2898.63
2081.54
3529.65
3856.75
4926.33
5535.34
5669.2
5183.37
4291.49
3335.75
2505.14
1835.51
3161.22
3280.88
3975.96
4385.88
4468.14
4110.85
3451.67
2737.49
2098.54
1570.71
2822.39
2814.06
3212.67
3457.19
3507.97
3249.52
2751.29
2211.16
1723.39
1314.97
2482.43
2318.3
2396.82
2498.63
2530.34
2395.63
2098.34
1732.85
1382.03
1078.24
1131.14
964.246
971.877
872.928
733.4
546.448
355.355
235.822
180.062
157.275
1542.42
1267.65
1327.21
1231.16
1048.46
771.131
502.899
323.794
227.288
180.641
1783.32
1504.84
1620.58
1540.51
1319.05
969.66
635.303
406.251
275.547
207.225
1992.78
1860.61
2201.33
2154.32
1867.61
1359
867.477
532.481
342.62
242.355
2201.49
2166.06
2701.1
2707.67
2380.02
1746.22
1115.51
675.984
422.164
285.153
2434.79
2645.51
3587.32
3702.85
3314.74
2458.65
1549.06
907.697
542.337
346.591
2656.51
3017.72
4258.69
4510.07
4126.67
3130.95
1998.51
1169.19
686.524
423.452
2854.4
3350.43
4879.85
5381.32
5130.76
4058.06
2618.47
1518.29
874.977
522.907
3006.15
3563.53
5222.3
5924.27
5841.05
4798.55
3172.19
1860.45
1073.14
633.304
3102.27
3701.62
5411.78
6316.47
6403.54
5439.89
3670.11
2178.46
1264.71
744.601
3133.55
3758.79
5496.03
6477.1
6649.47
5744.85
3951.59
2392.2
1410.79
838.058
3097
3731.99
5488.93
6385.78
6516.44
5612.98
3925.16
2439.75
1474.46
893.1
2997.8
3639.34
5393.56
6193.39
6228.61
5296.92
3730.71
2367.39
1464.02
906.532
2839.81
3413.41
5001.84
5611.39
5507.05
4595.25
3281.93
2146.89
1369.47
873.241
2642.57
3133.14
4527.33
5015.78
4846.85
3985.95
2852.26
1896.8
1238.08
810.546
2412.96
2663.19
3652.97
4011.57
3860.3
3180.93
2323.31
1593.03
1072.79
724.949
2197.67
2318.01
3042.11
3287.82
3138.69
2576.54
1893.65
1320.6
910.773
633.405
1996.45
1930.17
2345.21
2493.55
2372.54
1969.79
1479.57
1061.28
754.535
542.197
1823.76
1692.24
1940.52
1998.77
1882.58
1561.08
1178.11
856.848
623.016
460.915
1643.27
1438.54
1473.41
1457.83
1367.22
1164.82
905.655
678.58
509.339
389.855
)
;

boundaryField
{
    side
    {
        type            greyDiffusiveRadiation;
        refValue        nonuniform List<scalar> 
800
(
0
0
0
0
0
0
0
0
0
0
0
0
0
0
0
0
0
0
0
0
0
0
0
0
0
0
0
0
0
0
0
0
0
0
0
0
0
0
0
0
0
0
0
0
0
0
0
0
0
0
0
0
0
0
0
0
0
0
0
0
0
0
0
0
0
0
0
0
0
0
0
0
0
0
0
0
0
0
0
0
0
0
0
0
0
0
0
0
0
0
0
0
0
0
0
0
0
0
0
0
0
0
0
0
0
0
0
0
0
0
0
0
0
0
0
0
0
0
0
0
0
0
0
0
0
0
0
0
0
0
0
0
0
0
0
0
0
0
0
0
0
0
0
0
0
0
0
0
0
0
0
0
0
0
0
0
0
0
0
0
0
0
0
0
0
0
0
0
0
0
0
0
0
0
0
0
0
0
0
0
0
0
0
0
0
0
0
0
0
0
0
0
0
0
0
0
0
0
0
0
0
0
0
0
0
0
0
0
0
0
0
0
0
0
0
0
0
0
0
0
0
0
0
0
0
0
0
0
0
0
0
0
0
0
0
0
0
0
0
0
0
0
0
0
0
0
0
0
0
0
0
0
0
0
0
0
0
0
0
0
0
0
0
0
0
0
0
0
0
0
0
0
0
0
0
0
0
0
0
0
0
0
0
0
0
0
0
0
0
0
0
0
0
0
0
0
0
0
0
0
0
0
0
0
0
0
0
0
0
0
0
0
0
0
0
0
0
0
0
0
0
0
0
0
0
0
0
0
0
0
0
0
0
0
0
0
0
0
0
0
0
0
0
0
0
0
0
0
0
0
0
0
0
0
0
0
0
0
0
0
0
0
0
0
0
0
0
0
0
0
0
0
0
0
0
0
0
0
0
0
0
0
0
0
0
0
0
0
0
0
0
0
0
0
0
0
0
0
0
0
142.341
142.341
152.176
142.341
142.341
142.341
142.341
142.341
142.341
142.341
142.341
142.341
884.964
142.341
142.341
1024.22
1015.94
860.51
642.604
248.033
142.341
142.341
142.341
142.341
142.341
142.341
142.341
142.341
142.341
142.341
142.341
142.341
142.341
142.341
142.341
142.341
142.341
142.341
142.341
850.931
142.341
142.341
142.341
142.341
142.341
142.341
142.341
142.341
142.341
142.341
142.341
142.341
142.341
1245.01
142.341
2690.76
142.341
5878.63
142.341
969.731
142.341
142.341
142.341
142.341
142.341
142.341
142.341
142.341
142.341
142.341
142.341
142.341
142.341
142.341
1356.28
142.341
142.341
142.341
3765.09
804.548
142.341
142.341
142.341
142.341
142.341
142.341
142.341
142.341
142.341
142.341
142.341
142.341
142.341
142.341
142.341
142.341
142.341
4489.2
3572.53
638.86
142.341
142.341
142.341
142.341
142.341
142.341
142.341
142.341
142.341
142.341
142.341
142.341
142.341
142.341
3633.7
2450.27
142.341
142.341
142.341
423.392
142.341
142.341
142.341
142.341
142.341
142.341
142.341
142.341
142.341
142.341
142.341
142.341
142.341
142.341
142.341
142.341
142.341
142.341
1142.24
231.051
142.341
142.341
142.341
142.341
142.341
142.341
142.341
142.341
142.341
142.341
142.341
921.392
142.341
142.341
142.341
142.341
142.341
1485.21
334.708
158.475
142.341
142.341
142.341
142.341
142.341
142.341
142.341
142.341
142.341
142.341
142.341
142.341
142.341
142.341
2598.59
142.341
1629.2
387.819
171.229
144.051
142.341
142.341
142.341
143.062
146.034
160.891
142.341
142.341
142.341
142.341
142.341
142.341
942.186
142.341
1001.13
645.548
290.146
165.582
144.302
142.57
0
0
0
0
0
0
0
0
0
0
0
0
0
0
0
0
0
0
0
0
0
0
0
0
0
0
0
0
0
0
0
0
0
0
0
0
0
0
0
0
0
0
0
0
0
0
0
0
0
0
0
0
0
0
0
0
0
0
0
0
0
0
0
0
0
0
0
0
0
0
0
0
0
0
0
0
0
0
0
0
0
0
0
0
0
0
0
0
0
0
0
0
0
0
0
0
0
0
0
0
0
0
0
0
0
0
0
0
0
0
0
0
0
0
0
0
0
0
0
0
0
0
0
0
0
0
0
0
0
0
0
0
0
0
0
0
0
0
0
0
0
0
0
0
0
0
0
0
0
0
0
0
0
0
0
0
0
0
0
0
0
0
0
0
0
0
0
0
0
0
0
0
0
0
0
0
0
0
0
0
0
0
0
0
0
0
0
0
0
0
0
0
0
0
0
0
0
0
0
0
)
;
        refGradient     uniform 0;
        valueFraction   nonuniform List<scalar> 
800
(
0
0
0
0
0
0
0
0
0
0
0
0
0
0
0
0
0
0
0
0
0
0
0
0
0
0
0
0
0
0
0
0
0
0
0
0
0
0
0
0
0
0
0
0
0
0
0
0
0
0
0
0
0
0
0
0
0
0
0
0
0
0
0
0
0
0
0
0
0
0
0
0
0
0
0
0
0
0
0
0
0
0
0
0
0
0
0
0
0
0
0
0
0
0
0
0
0
0
0
0
0
0
0
0
0
0
0
0
0
0
0
0
0
0
0
0
0
0
0
0
0
0
0
0
0
0
0
0
0
0
0
0
0
0
0
0
0
0
0
0
0
0
0
0
0
0
0
0
0
0
0
0
0
0
0
0
0
0
0
0
0
0
0
0
0
0
0
0
0
0
0
0
0
0
0
0
0
0
0
0
0
0
0
0
0
0
0
0
0
0
0
0
0
0
0
0
0
0
0
0
0
0
0
0
0
0
0
0
0
0
0
0
0
0
0
0
0
0
0
0
0
0
0
0
0
0
0
0
0
0
0
0
0
0
0
0
0
0
0
0
0
0
0
0
0
0
0
0
0
0
0
0
0
0
0
0
0
0
0
0
0
0
0
0
0
0
0
0
0
0
0
0
0
0
0
0
0
0
0
0
0
0
0
0
0
0
0
0
0
0
0
0
0
0
0
0
0
0
0
0
0
0
0
0
0
0
0
0
0
0
0
0
0
0
0
0
0
0
0
0
0
0
0
0
0
0
0
0
0
0
0
0
0
0
0
0
0
0
0
0
0
0
0
0
0
0
0
0
0
0
0
0
0
0
0
0
0
0
0
0
0
0
0
0
0
0
0
0
0
0
0
0
0
0
0
0
0
0
0
0
0
0
0
0
0
0
0
0
0
0
0
0
0
0
0
0
0
0
0
0
1
1
1
1
1
1
1
1
1
1
1
1
1
1
1
1
1
1
1
1
1
1
1
1
1
1
1
1
1
1
1
1
1
1
1
1
1
1
1
1
1
1
1
1
1
1
1
1
1
1
1
1
1
1
1
1
1
1
1
1
1
1
1
1
1
1
1
1
1
1
1
1
1
1
1
1
1
1
1
1
1
1
1
1
1
1
1
1
1
1
1
1
1
1
1
1
1
1
1
1
1
1
1
1
1
1
1
1
1
1
1
1
1
1
1
1
1
1
1
1
1
1
1
1
1
1
1
1
1
1
1
1
1
1
1
1
1
1
1
1
1
1
1
1
1
1
1
1
1
1
1
1
1
1
1
1
1
1
1
1
1
1
1
1
1
1
1
1
1
1
1
1
1
1
1
1
1
1
1
1
1
1
1
1
1
1
1
1
1
1
1
1
1
1
1
1
1
1
1
1
0
0
0
0
0
0
0
0
0
0
0
0
0
0
0
0
0
0
0
0
0
0
0
0
0
0
0
0
0
0
0
0
0
0
0
0
0
0
0
0
0
0
0
0
0
0
0
0
0
0
0
0
0
0
0
0
0
0
0
0
0
0
0
0
0
0
0
0
0
0
0
0
0
0
0
0
0
0
0
0
0
0
0
0
0
0
0
0
0
0
0
0
0
0
0
0
0
0
0
0
0
0
0
0
0
0
0
0
0
0
0
0
0
0
0
0
0
0
0
0
0
0
0
0
0
0
0
0
0
0
0
0
0
0
0
0
0
0
0
0
0
0
0
0
0
0
0
0
0
0
0
0
0
0
0
0
0
0
0
0
0
0
0
0
0
0
0
0
0
0
0
0
0
0
0
0
0
0
0
0
0
0
0
0
0
0
0
0
0
0
0
0
0
0
0
0
0
0
0
0
)
;
        value           nonuniform List<scalar> 
800
(
143.949
151.622
173.192
218.755
298.571
421.683
594.297
820.047
1098.9
1424.85
1786.49
2172.3
2575.82
2987.21
3380.69
3713.35
3937.77
4021.63
3959.55
3773.33
144.172
152.781
176.971
227.719
316.045
451.179
638.816
882.372
1182.9
1536.8
1935.02
2367.89
2826.7
3291.5
3721.35
4062.52
4268.36
4318.8
4224.92
4020.53
144.648
155.003
184.608
247.14
355.875
520.126
742.971
1024.04
1362.44
1755.56
2196.9
2678.91
3189.17
3696.38
4147.49
4485.64
4672.84
4703.8
4601.29
4402.07
145.817
158.552
196.639
279.097
423.779
640.21
926.061
1272.14
1670.81
2117.88
2609.04
3139.15
3691.85
4226.94
4686.26
5017.91
5196.22
5227.05
5136.5
4955.88
148.381
164.136
215.111
328.705
529.677
827.14
1209.44
1652.47
2136.18
2651.69
3196.6
3769
4350.88
4899.08
5358.32
5686.67
5869.69
5918.29
5854.09
5696.42
152.933
172.875
245.097
408.722
696.19
1112.16
1628.87
2200.48
2789.53
3380.64
3974.51
4575.32
5168.6
5715.49
6169.83
6501.45
6704.45
6788.51
6762.28
6625.75
149.717
185.707
295.964
540.858
959.122
1541.33
2232.72
2958.49
3661.22
4320.56
4944.98
5551.09
6134.94
6668.09
7117.22
7464.37
7708.74
7850.16
7872.03
7746.23
155.613
213.194
386.087
759.333
1367.51
2169.99
3071.49
3962.81
4768.06
5468.66
6090.21
6671.28
7225.03
7736.85
8188.59
8573.56
8890.08
9114.73
9187.92
9045.21
168.009
263.285
538.984
1104.67
1969.6
3038.34
4166.81
5211.35
6087.41
6786.2
7363.63
7890.68
8399.03
8892.38
9367.46
9825.28
10251.1
10581.1
10690
10475.2
193.721
348.287
778.045
1603.83
2776.23
4128.54
5468.25
6627.95
7533.42
8182.5
8680.12
9137.74
9594.63
10087.3
10620.3
11189.7
11755.5
12193.7
12290.5
11918.3
246.56
482.256
1107.62
2231.45
3708.95
5316.55
6835.9
8065.34
8928.53
9489.01
9893.73
10285.9
10737.1
11267
11878.6
12575.5
13281.5
13787.8
13788.7
13156.3
353.872
664.564
1484.57
2871.77
4607.58
6414.43
8009.36
9231.39
10050.6
10544.7
10889.3
11248.4
11699
12294
13037.6
13839.6
14592.9
15058.8
14851.9
13877.4
604.284
873.259
1819.24
3359.7
5205.1
7077.47
8706.92
9906.03
10699.7
11184
11529.2
11899.4
12392.7
13073.3
13866.9
14659.1
15316.4
15579.4
15067.6
13746.2
557.084
1027.76
1993.34
3490.31
5265.3
7063.62
8626.48
9822.93
10642.3
11194.5
11612.1
12040.1
12601.7
13294.9
14038.5
14656
15011.7
14914.6
14098.3
12543
983.336
1170.03
1904.39
3142.8
4624.01
6185.27
7607.75
8793.98
9685.85
10347.2
10880.1
11402.4
11994.4
12592.1
13115.8
13387.1
13347.2
12878
11868.4
10308.9
582.902
871.75
1475.4
2386.66
3456.15
4649.8
5813.96
6903.47
7825.67
8585.75
9222.28
9789.63
10317.4
10706.8
10921
10825.3
10454.5
9768.6
8769.75
7457.6
565.833
753.49
1069.63
1566.8
2177.2
2934.89
3740.79
4594.34
5405.7
6144.1
6779.03
7289.13
7672.91
7841.78
7810.78
7509.11
7020.69
6351.99
5556.69
4647.21
351.243
498.26
657.569
875.674
1153.89
1534.88
1995.61
2546.98
3125.32
3687.15
4176.94
4540.59
4762.33
4791.33
4659.45
4361.55
3957.2
3477.18
2969.16
2451.08
214.351
287.122
359.09
450.576
568.636
740.224
961.903
1244.32
1558.68
1876.01
2153.94
2346.21
2437.93
2408.74
2285.41
2081.54
1835.51
1570.71
1314.97
1078.24
157.275
180.641
207.225
242.355
285.153
346.591
423.452
522.907
633.304
744.601
838.058
893.1
906.532
873.241
810.546
724.949
633.405
542.197
460.915
389.855
142.341
142.341
152.176
142.341
142.341
142.341
142.341
142.341
142.341
142.341
142.341
142.341
884.964
142.341
142.341
1024.22
1015.94
860.51
642.604
248.033
142.341
142.341
142.341
142.341
142.341
142.341
142.341
142.341
142.341
142.341
142.341
142.341
142.341
142.341
142.341
142.341
142.341
142.341
142.341
850.931
142.341
142.341
142.341
142.341
142.341
142.341
142.341
142.341
142.341
142.341
142.341
142.341
142.341
1245.01
142.341
2690.76
142.341
5878.63
142.341
969.731
142.341
142.341
142.341
142.341
142.341
142.341
142.341
142.341
142.341
142.341
142.341
142.341
142.341
142.341
1356.28
142.341
142.341
142.341
3765.09
804.548
142.341
142.341
142.341
142.341
142.341
142.341
142.341
142.341
142.341
142.341
142.341
142.341
142.341
142.341
142.341
142.341
142.341
4489.2
3572.53
638.86
142.341
142.341
142.341
142.341
142.341
142.341
142.341
142.341
142.341
142.341
142.341
142.341
142.341
142.341
3633.7
2450.27
142.341
142.341
142.341
423.392
142.341
142.341
142.341
142.341
142.341
142.341
142.341
142.341
142.341
142.341
142.341
142.341
142.341
142.341
142.341
142.341
142.341
142.341
1142.24
231.051
142.341
142.341
142.341
142.341
142.341
142.341
142.341
142.341
142.341
142.341
142.341
921.392
142.341
142.341
142.341
142.341
142.341
1485.21
334.708
158.475
142.341
142.341
142.341
142.341
142.341
142.341
142.341
142.341
142.341
142.341
142.341
142.341
142.341
142.341
2598.59
142.341
1629.2
387.819
171.229
144.051
142.341
142.341
142.341
143.062
146.034
160.891
142.341
142.341
142.341
142.341
142.341
142.341
942.186
142.341
1001.13
645.548
290.146
165.582
144.302
142.57
1024.77
854.485
744.128
754.444
834.108
973.033
1174.6
1444.12
1782.82
2176.67
2574.93
2880.47
3088.36
3154.82
3256.54
3351.31
3256.94
3004.12
2482.43
1643.27
1538.69
1203.59
964.034
945.366
1040.38
1220.4
1485.64
1841.2
2283.24
2778.52
3241.53
3557.17
3717.57
3793.91
3902.96
3933.01
3685.09
3129.43
2318.3
1438.54
1860.26
1517.92
1244.02
1217.08
1341.58
1580.15
1928.5
2386.61
2939.64
3536.64
4080.23
4464.07
4697.52
4865.34
5009.46
4945.54
4445.78
3525.38
2396.82
1473.41
2132.76
1823.71
1581.49
1578.87
1752.36
2065.77
2510.19
3078.09
3744.33
4449.82
5103.59
5628.31
6019.5
6327.35
6488.4
6223.98
5317.16
3945.13
2498.63
1457.83
2392.34
2144.31
1974.93
2028.39
2270.75
2672.18
3220.69
3903.31
4691.33
5530.39
6346.12
7065.78
7652.01
8068.67
8099.31
7473.89
6072.87
4271.79
2530.34
1367.22
2656.32
2490.49
2418.21
2552.47
2880.09
3379.13
4037.62
4842.15
5768.31
6772.96
7790.85
8727.67
9483.91
9906.08
9704.93
8519.79
6565.82
4343.68
2395.63
1164.82
2930.42
2861.15
2898.96
3130.19
3554.48
4157.87
4931.99
5867.99
6949.73
8141.49
9369.63
10494.2
11304.6
11532.8
10858.4
9131.18
6654.88
4108.41
2098.34
905.655
3212.46
3247.51
3400.77
3737.81
4266.01
4979.03
5874.99
6951.63
8198.23
9572.87
10964.3
12152.4
12819.5
12648.4
11377.1
9068.9
6232.83
3612.68
1732.85
678.58
3495.92
3637.74
3906.77
4353.01
4988.68
5813.63
6831.35
8040.61
9420.94
10896.8
12301.6
13349.8
13683.5
12996.8
11163
8450.26
5506.28
3024.54
1382.03
509.339
3773.33
4020.53
4402.07
4955.88
5696.42
6625.75
7746.23
9045.21
10475.2
11918.3
13156.3
13877.4
13746.2
12543
10308.9
7457.6
4647.21
2451.08
1078.24
389.855
)
;
        emissivityMode  lookup;
        emissivity      uniform 1;
    }
    outlet
    {
        type            greyDiffusiveRadiation;
        refValue        nonuniform List<scalar> 
200
(
248.033
251.84
251.199
270.486
281.21
305.661
317.23
327.19
334.768
340.484
340.477
334.791
327.274
317.359
305.785
281.344
270.628
251.341
251.989
248.186
850.931
1210.38
1363.65
2042.19
2414.72
3412.23
3860.33
4321.56
4480.03
4588.83
4588.93
4480.55
4323.59
3863.44
3415.2
2417.23
2044.51
1365.26
1211.8
851.234
969.731
1782.62
2077.01
3274.75
3936.6
5773
6587.12
7526.56
7727.43
7814.04
7814.94
7728.65
7528.91
6590.89
5777.18
3940.59
3278.36
2079.15
1784.56
970.047
804.548
1484.31
1752.01
2740.92
3287.42
4904.29
5659.5
6915.99
7350.85
7838.83
7839.42
7353.95
6920
5661.75
4907.06
3290.36
2743.91
1754.08
1486.06
805.195
638.86
1137.29
1297.86
2058.39
2464.09
3775.85
4440.05
5806.85
6395.62
7005.36
7005.93
6398.88
5816.61
4445.75
3779.86
2467.15
2061.3
1299.8
1138.96
639.992
423.392
632.797
699.861
1077.75
1283.83
2043.15
2466.96
3557.7
4101
4711.16
4711.61
4106.28
3563.98
2469.39
2045.57
1285.91
1079.62
701.044
633.962
423.855
231.051
296.669
319.4
444.657
515.896
767.811
921.982
1299.92
1512.76
1740.89
1741.19
1514.11
1301.12
922.905
768.764
516.629
445.315
319.834
297.065
231.249
158.475
175.684
182.429
211.34
229.342
281.092
315.313
387.371
427.084
466.544
466.613
427.239
387.546
315.511
281.3
229.509
211.496
182.531
175.781
158.525
144.051
147.568
149.555
156.05
161.122
173.003
181.91
198.025
207.456
215.881
215.898
207.487
198.066
181.959
173.054
161.162
156.085
149.576
147.586
144.057
142.57
142.791
143.012
143.649
144.289
145.663
146.857
148.82
150.062
151.068
151.07
150.066
148.825
146.864
145.669
144.293
143.652
143.014
142.792
142.57
)
;
        refGradient     uniform 0;
        valueFraction   uniform 1;
        value           nonuniform List<scalar> 
200
(
248.033
251.84
251.199
270.486
281.21
305.661
317.23
327.19
334.768
340.484
340.477
334.791
327.274
317.359
305.785
281.344
270.628
251.341
251.989
248.186
850.931
1210.38
1363.65
2042.19
2414.72
3412.23
3860.33
4321.56
4480.03
4588.83
4588.93
4480.55
4323.59
3863.44
3415.2
2417.23
2044.51
1365.26
1211.8
851.234
969.731
1782.62
2077.01
3274.75
3936.6
5773
6587.12
7526.56
7727.43
7814.04
7814.94
7728.65
7528.91
6590.89
5777.18
3940.59
3278.36
2079.15
1784.56
970.047
804.548
1484.31
1752.01
2740.92
3287.42
4904.29
5659.5
6915.99
7350.85
7838.83
7839.42
7353.95
6920
5661.75
4907.06
3290.36
2743.91
1754.08
1486.06
805.195
638.86
1137.29
1297.86
2058.39
2464.09
3775.85
4440.05
5806.85
6395.62
7005.36
7005.93
6398.88
5816.61
4445.75
3779.86
2467.15
2061.3
1299.8
1138.96
639.992
423.392
632.797
699.861
1077.75
1283.83
2043.15
2466.96
3557.7
4101
4711.16
4711.61
4106.28
3563.98
2469.39
2045.57
1285.91
1079.62
701.044
633.962
423.855
231.051
296.669
319.4
444.657
515.896
767.811
921.982
1299.92
1512.76
1740.89
1741.19
1514.11
1301.12
922.905
768.764
516.629
445.315
319.834
297.065
231.249
158.475
175.684
182.429
211.34
229.342
281.092
315.313
387.371
427.084
466.544
466.613
427.239
387.546
315.511
281.3
229.509
211.496
182.531
175.781
158.525
144.051
147.568
149.555
156.05
161.122
173.003
181.91
198.025
207.456
215.881
215.898
207.487
198.066
181.959
173.054
161.162
156.085
149.576
147.586
144.057
142.57
142.791
143.012
143.649
144.289
145.663
146.857
148.82
150.062
151.068
151.07
150.066
148.825
146.864
145.669
144.293
143.652
143.014
142.792
142.57
)
;
        emissivityMode  lookup;
        emissivity      uniform 1;
    }
    ground
    {
        type            greyDiffusiveRadiation;
        refValue        uniform 0;
        refGradient     uniform 0;
        valueFraction   uniform 0;
        value           nonuniform List<scalar> 
160
(
231.309
515.516
933.277
1429.98
1941.24
2378.25
2718.72
2930.36
2981.94
2939.38
2871.46
2858.13
3007.05
3263.45
3496.36
3634.18
3551.76
3177.99
2569.18
1860.26
189.592
344.504
615.124
989.186
1433.79
1890.49
2318.08
2672.2
2895.82
2995.39
3018.71
3050.52
3199.43
3447.52
3678.11
3788.34
3680.55
3316.71
2759.54
2132.76
167.968
255.926
427.414
689.168
1033.26
1431.94
1854.46
2263.54
2602.26
2839.76
2986.75
3104.12
3283.03
3530.98
3760.88
3869.51
3773.89
3450.95
2955.96
2392.34
156.525
208.267
317.683
497.358
751.267
1071.13
1441.62
1839.85
2223.71
2552.23
2809.19
3023.44
3257.38
3526.74
3771.56
3902.49
3846.73
3584.54
3159.64
2656.32
150.348
181.657
252.713
376.856
562.464
810.954
1117.95
1473.08
1851.54
2218.81
2548.52
2844.66
3140.59
3447.81
3724.13
3896.38
3900.21
3713.92
3368.3
2930.42
146.945
166.285
213.321
300.593
437.834
630.756
880.883
1185.74
1533.67
1901.88
2265.76
2616.27
2964.96
3314.42
3631.67
3856.8
3932.29
3832.68
3575.71
3212.46
145.029
157.146
188.795
251.33
354.884
507.211
712.755
973.102
1284.42
1634.12
2004.24
2382.06
2766.53
3152.33
3510.86
3791.87
3943.27
3935.71
3774.62
3495.92
143.949
151.622
173.192
218.755
298.571
421.683
594.297
820.047
1098.9
1424.85
1786.49
2172.3
2575.82
2987.21
3380.69
3713.35
3937.77
4021.63
3959.55
3773.33
)
;
        emissivityMode  lookup;
        emissivity      uniform 1;
    }
    inlet
    {
        type            greyDiffusiveRadiation;
        refValue        uniform 0;
        refGradient     uniform 0;
        valueFraction   uniform 0;
        value           nonuniform List<scalar> 
40
(
411.758
910.33
1412.54
1785.82
1985.96
1984.88
1941.91
1897.48
1814.38
1756.34
1725.88
1736.35
1819.9
1899.2
2020.74
2236.02
2307.76
2106.48
1635.51
1024.77
312.824
855.533
1442.95
1977.57
2426.69
2697.74
2844.67
2863.07
2763.02
2651.46
2568.89
2558.78
2711.39
2943.48
3153.11
3342.13
3333.5
3020.19
2389.8
1538.69
)
;
        emissivityMode  lookup;
        emissivity      uniform 1;
    }
    region0_to_pyrolysisRegion_coupledWall
    {
        type            greyDiffusiveRadiation;
        refValue        nonuniform List<scalar> 
400
(
579.032
895.53
1122.04
1199.7
1170.75
1092.56
1053.06
1018.51
972.418
960.822
960.851
972.694
1018.56
1053.11
1092.53
1170.78
1199.74
1122.11
895.624
579.089
593.732
801.755
1215.79
1684.69
1884.87
1794.98
1653.34
1551.65
1449.59
1391.78
1391.75
1449.62
1551.57
1653.33
1794.89
1884.87
1684.76
1215.9
801.805
593.751
592.247
703.59
893.637
1239.03
1926.45
2161.06
2113.44
2001.48
1827.75
1738.22
1738.03
1827.39
2001.22
2113.36
2160.95
1926.56
1239.11
893.687
703.636
592.264
624.233
690.41
795.279
968.805
1280.49
1925.9
2270.17
2346.06
2164.9
2016.16
2015.9
2164.32
2345.64
2270.02
1925.8
1280.47
968.766
795.287
690.469
624.263
694.913
733.026
793.818
897.562
1077.69
1404.36
2084.92
2468.09
2486.48
2275.73
2275.37
2485.29
2467.46
2084.58
1404.05
1077.56
897.471
793.815
733.13
694.974
808.132
826.343
858.258
923.552
1045.57
1259.56
1675.71
2379.77
2656.95
2512.29
2511.87
2655.62
2379.02
1675.11
1259.15
1045.4
923.452
858.267
826.499
808.225
969.045
973.431
985.298
1027.48
1122.22
1292.8
1581.99
2199.25
2753.79
2742.99
2742.57
2752.24
2198.28
1581.28
1292.36
1122.04
1027.4
985.333
973.626
969.157
1180.28
1180.38
1182.4
1214.38
1299.23
1458.4
1714.58
2199.52
2912.93
3042.14
3041.77
2911.4
2198.64
1713.85
1458.03
1299.07
1214.36
1182.46
1180.58
1180.39
1439.75
1453.2
1469.67
1506.96
1591.03
1752.61
2014.66
2490.33
3226.71
3414.62
3414.33
3225.33
2489.65
2013.97
1752.34
1590.92
1507
1469.76
1453.38
1439.86
1738.11
1799.78
1894.68
1952.55
2022.22
2181.53
2460.93
2972.99
3695.35
3885.34
3885.13
3694.23
2972.6
2460.39
2181.4
2022.19
1952.66
1894.8
1799.92
1738.24
2058.28
2224.2
2502.26
2538.65
2593.71
2760.41
3073.54
3660.02
4294.39
4477.81
4477.74
4293.59
3660.07
3073.24
2760.44
2593.76
2538.85
2502.42
2224.29
2058.45
2353.55
2627.9
3042.84
3250.3
3325.49
3526.04
3894.61
4468.34
4935.56
5087.19
5087.29
4935.1
4468.57
3894.55
3526.18
3325.58
3250.54
3042.99
2628
2353.78
2679.71
2972.67
3389.55
3874.29
4287.51
4622.34
4958.96
5307.72
5580.45
5672.04
5672.2
5580.27
5307.98
4959.05
4622.49
4287.54
3874.36
3389.75
2972.87
2680
2712.37
3144.72
3601.42
4057.72
4568.94
5128.95
5617.69
5933.2
6122.76
6186.01
6186.14
6122.7
5933.4
5617.73
5128.96
4568.93
4057.9
3601.81
3145.08
2712.8
2792.95
3313.67
3842.86
4300.6
4744.74
5152.38
5512.71
5798.54
6018.39
6125.19
6125.22
6018.28
5798.63
5512.76
5152.54
4744.97
4300.99
3843.41
3314.14
2793.41
3010.93
3541.29
4122.4
4616
5073.54
5457.08
5760.56
5969
6119.36
6190.38
6190.41
6119.35
5969.13
5760.68
5457.46
5073.95
4616.55
4123.02
3541.79
3011.36
3026.27
3608.22
4231.33
4772.03
5271.47
5706.57
6036.78
6279.39
6434.8
6512.03
6512.09
6434.95
6279.7
6037.16
5707.08
5271.99
4772.62
4231.88
3608.59
3026.59
3018.63
3568.65
4118.17
4644.4
5165.26
5660.01
6062.15
6370.63
6574.15
6677.71
6677.82
6574.43
6371.16
6062.8
5660.7
5165.91
4645.02
4118.62
3568.86
3018.75
2817.53
3274.46
3710.1
4191.82
4694.6
5229.82
5682.65
6047.92
6294.08
6421.23
6421.37
6294.48
6048.64
5683.6
5230.8
4695.51
4192.62
3710.63
3274.76
2817.74
2498.33
2812.67
3086.75
3407.06
3757.77
4161.7
4525.21
4838.74
5056.12
5171.28
5171.4
5056.48
4839.38
4526.05
4162.56
3758.56
3407.75
3087.23
2813.03
2498.61
)
;
        refGradient     uniform 0;
        valueFraction   uniform 1;
        value           nonuniform List<scalar> 
400
(
579.032
895.53
1122.04
1199.7
1170.75
1092.56
1053.06
1018.51
972.418
960.822
960.851
972.694
1018.56
1053.11
1092.53
1170.78
1199.74
1122.11
895.624
579.089
593.732
801.755
1215.79
1684.69
1884.87
1794.98
1653.34
1551.65
1449.59
1391.78
1391.75
1449.62
1551.57
1653.33
1794.89
1884.87
1684.76
1215.9
801.805
593.751
592.247
703.59
893.637
1239.03
1926.45
2161.06
2113.44
2001.48
1827.75
1738.22
1738.03
1827.39
2001.22
2113.36
2160.95
1926.56
1239.11
893.687
703.636
592.264
624.233
690.41
795.279
968.805
1280.49
1925.9
2270.17
2346.06
2164.9
2016.16
2015.9
2164.32
2345.64
2270.02
1925.8
1280.47
968.766
795.287
690.469
624.263
694.913
733.026
793.818
897.562
1077.69
1404.36
2084.92
2468.09
2486.48
2275.73
2275.37
2485.29
2467.46
2084.58
1404.05
1077.56
897.471
793.815
733.13
694.974
808.132
826.343
858.258
923.552
1045.57
1259.56
1675.71
2379.77
2656.95
2512.29
2511.87
2655.62
2379.02
1675.11
1259.15
1045.4
923.452
858.267
826.499
808.225
969.045
973.431
985.298
1027.48
1122.22
1292.8
1581.99
2199.25
2753.79
2742.99
2742.57
2752.24
2198.28
1581.28
1292.36
1122.04
1027.4
985.333
973.626
969.157
1180.28
1180.38
1182.4
1214.38
1299.23
1458.4
1714.58
2199.52
2912.93
3042.14
3041.77
2911.4
2198.64
1713.85
1458.03
1299.07
1214.36
1182.46
1180.58
1180.39
1439.75
1453.2
1469.67
1506.96
1591.03
1752.61
2014.66
2490.33
3226.71
3414.62
3414.33
3225.33
2489.65
2013.97
1752.34
1590.92
1507
1469.76
1453.38
1439.86
1738.11
1799.78
1894.68
1952.55
2022.22
2181.53
2460.93
2972.99
3695.35
3885.34
3885.13
3694.23
2972.6
2460.39
2181.4
2022.19
1952.66
1894.8
1799.92
1738.24
2058.28
2224.2
2502.26
2538.65
2593.71
2760.41
3073.54
3660.02
4294.39
4477.81
4477.74
4293.59
3660.07
3073.24
2760.44
2593.76
2538.85
2502.42
2224.29
2058.45
2353.55
2627.9
3042.84
3250.3
3325.49
3526.04
3894.61
4468.34
4935.56
5087.19
5087.29
4935.1
4468.57
3894.55
3526.18
3325.58
3250.54
3042.99
2628
2353.78
2679.71
2972.67
3389.55
3874.29
4287.51
4622.34
4958.96
5307.72
5580.45
5672.04
5672.2
5580.27
5307.98
4959.05
4622.49
4287.54
3874.36
3389.75
2972.87
2680
2712.37
3144.72
3601.42
4057.72
4568.94
5128.95
5617.69
5933.2
6122.76
6186.01
6186.14
6122.7
5933.4
5617.73
5128.96
4568.93
4057.9
3601.81
3145.08
2712.8
2792.95
3313.67
3842.86
4300.6
4744.74
5152.38
5512.71
5798.54
6018.39
6125.19
6125.22
6018.28
5798.63
5512.76
5152.54
4744.97
4300.99
3843.41
3314.14
2793.41
3010.93
3541.29
4122.4
4616
5073.54
5457.08
5760.56
5969
6119.36
6190.38
6190.41
6119.35
5969.13
5760.68
5457.46
5073.95
4616.55
4123.02
3541.79
3011.36
3026.27
3608.22
4231.33
4772.03
5271.47
5706.57
6036.78
6279.39
6434.8
6512.03
6512.09
6434.95
6279.7
6037.16
5707.08
5271.99
4772.62
4231.88
3608.59
3026.59
3018.63
3568.65
4118.17
4644.4
5165.26
5660.01
6062.15
6370.63
6574.15
6677.71
6677.82
6574.43
6371.16
6062.8
5660.7
5165.91
4645.02
4118.62
3568.86
3018.75
2817.53
3274.46
3710.1
4191.82
4694.6
5229.82
5682.65
6047.92
6294.08
6421.23
6421.37
6294.48
6048.64
5683.6
5230.8
4695.51
4192.62
3710.63
3274.76
2817.74
2498.33
2812.67
3086.75
3407.06
3757.77
4161.7
4525.21
4838.74
5056.12
5171.28
5171.4
5056.48
4839.38
4526.05
4162.56
3758.56
3407.75
3087.23
2813.03
2498.61
)
;
        emissivityMode  solidRadiation;
        emissivity      uniform 0;
    }
}


// ************************************************************************* //
