/*--------------------------------*- C++ -*----------------------------------*\
  =========                 |
  \\      /  F ield         | OpenFOAM: The Open Source CFD Toolbox
   \\    /   O peration     | Website:  https://openfoam.org
    \\  /    A nd           | Version:  7
     \\/     M anipulation  |
\*---------------------------------------------------------------------------*/
FoamFile
{
    version     2.0;
    format      ascii;
    class       volScalarField;
    location    "1";
    object      ILambda_2_0;
}
// * * * * * * * * * * * * * * * * * * * * * * * * * * * * * * * * * * * * * //

dimensions      [1 0 -3 0 0 0 0];

internalField   nonuniform List<scalar> 
4000
(
621.825
653.279
559.677
425.487
322.652
253.076
208.858
181.769
165.557
155.991
1000.88
1057.07
767.143
509.598
355.443
265.427
213.283
183.224
165.963
156.043
1183.77
1134.82
806.622
517.52
354.75
263.657
211.759
182.194
165.345
155.691
1158.6
1035.18
764.006
493.728
342.742
257.877
208.842
180.754
164.654
155.362
1024.77
949.114
716.77
470.604
333.364
253.345
206.728
179.811
164.254
155.199
908.863
885.022
678.894
454.893
327.665
250.712
205.658
179.436
164.155
155.191
870.086
852.597
652.733
446.482
324.731
249.761
205.521
179.549
164.298
155.297
834.257
816.446
635.788
446.587
325.463
250.63
206.229
180.038
164.598
155.464
784.631
791.722
635.699
451.827
328.468
252.504
207.336
180.667
164.931
155.62
781.938
795.867
654.646
460.142
332.362
254.593
208.464
181.252
165.196
155.703
790.416
806.8
659.436
463.386
334.821
256.244
209.411
181.682
165.304
155.646
816.148
830.216
660.97
467.586
338.476
258.357
210.331
181.86
165.119
155.336
878.143
876.312
685.95
478.14
344.143
260.525
210.618
181.31
164.335
154.605
919.372
923.009
717.812
488.384
347.872
260.409
208.899
179.285
162.586
153.297
986.042
973.659
751.076
496.992
346.105
255.47
203.771
175.148
159.647
151.373
1107.83
1032.23
767.889
488.92
330.664
242.146
193.972
168.63
155.601
148.99
1164.69
1040.59
735.886
449.558
297.245
219.501
179.916
160.422
151.02
146.526
1043.74
958.442
623.701
368.603
246.654
190.155
164.026
152.149
146.835
144.46
727.717
661.403
413.944
256.205
189.812
162.14
150.658
145.905
143.952
143.142
342.897
246.697
197.203
163.995
150.853
145.703
143.696
142.928
142.648
142.554
790.041
976.748
972.259
840.402
672.393
518.912
398.021
310.515
250.503
210.816
1146.89
1486.34
1333.09
1047.3
777.158
566.977
417.912
317.643
252.409
210.869
1675.4
2167.31
1650.31
1176.71
821.854
577.896
417.32
314.324
249.322
208.689
2182.07
2605.25
1766.52
1185.26
803.791
559.018
403.592
305.699
244.354
206.004
2230.7
2404.94
1621.77
1091.46
748.105
527.572
386.621
296.951
240.064
204.016
1996.21
2114.8
1453.22
997.267
697.886
501.851
374.151
291.32
237.762
203.217
1780.07
1905.36
1319.07
924.203
661.732
485.566
367.734
289.356
237.554
203.54
1686.11
1636.77
1187.44
868.375
641.016
479.921
367.759
290.96
239.165
204.696
1591.65
1462.32
1126.47
855.149
644.02
486.81
374.04
295.45
241.928
206.169
1539.48
1458.77
1151.05
883.033
666.713
502.783
384.111
301.148
244.729
207.232
1577.87
1524.53
1213.81
931.467
699.559
522.729
394.864
306.038
246.255
207.063
1688.87
1671.22
1323.49
1002.01
740.084
543.061
403.074
307.734
244.95
204.743
1813.16
1951.41
1483.68
1083.76
776.553
554.953
403.014
302.896
239.048
199.441
1945.55
2226.25
1615.61
1133.53
785.226
545.687
388.234
288.544
227.392
190.872
2153.72
2364.52
1657.21
1118.9
748.67
506.796
355.393
263.939
210.324
179.676
2199.38
2408.2
1583.85
1016.37
655.474
435.423
305.644
231.39
190.012
167.468
1829.22
2091.72
1288.94
796.283
505.747
339.616
247.049
196.829
170.239
156.45
1139.57
1245.63
795.785
508.487
339.176
244.839
194.354
168.199
155.014
148.509
652.292
565.819
405.23
287.254
217.119
179.34
160.143
150.751
146.288
144.212
386.295
268.952
207.238
173.8
157.04
149.039
145.345
143.683
142.955
142.643
837.911
1091.26
1229.36
1204.53
1067.33
884.24
702.914
547.647
425.902
335.896
1079.22
1510.91
1634.07
1503.49
1254.6
987.723
753.839
569.532
433.487
337.311
1441.42
2074.43
2065.01
1758.46
1380.66
1039.13
768.637
569.308
428.785
332.461
1978.02
2768.94
2439.42
1912.54
1422.71
1035.81
752.538
553.578
417.215
325.073
2715.78
3483.59
2649.27
1927.36
1381.55
990.819
718.684
531.961
404.825
318.582
2793.66
3483.84
2535.64
1799.42
1284.42
928.687
683.287
513.761
396.452
315.259
2579.32
3171.8
2268.64
1622.74
1182.63
876.593
659.985
505.263
394.598
315.812
2415.81
2682.09
1957.36
1463.55
1113.21
853.017
656.617
508.914
399.332
319.476
2266.56
2152.16
1739.04
1397.09
1109.21
869.007
674.677
522.85
408.143
324.087
2202.49
2090.33
1779.41
1467.15
1174.07
917.14
705.585
540.096
416.056
326.357
2264
2262.2
1958.9
1608.93
1269.52
973.433
734.032
551.044
417.257
322.938
2421.32
2660.76
2250.27
1787.27
1364.11
1014.44
744.433
546.196
406.4
311.077
2599.18
3290.43
2570.76
1925.55
1405.6
1009.05
719.951
517.273
379.938
289.637
2723.32
3534.64
2639.73
1894.75
1335.74
932.232
651.179
461.946
338.46
260.137
2718.25
3351.02
2408.37
1674.13
1150.67
788.114
544.847
386.907
287.504
226.692
2213.24
2640.8
1863.1
1286.92
878.884
601.181
419.61
305.337
235.85
194.848
1273.58
1493.52
1165.69
841.42
589.501
414.906
302.267
233.247
192.676
169.613
848.86
846.576
676.286
500.289
364.5
272.896
215.979
182.521
163.696
153.465
611.741
491.916
376.829
286.92
225.982
188.445
166.84
154.993
148.732
145.526
424.751
288.256
217.569
180.571
161.412
151.679
146.839
144.481
143.354
142.824
882.555
1116.15
1337.93
1437.46
1396.96
1255.15
1064.58
867.744
690.325
543.536
1041.52
1435.97
1718.73
1778.53
1650.83
1419.55
1158.98
915.716
711.185
550.422
1280.23
1870.19
2159.2
2113.42
1860.65
1530.77
1207.55
930.581
710.943
545.197
1640.32
2436.79
2622.81
2394.78
1994.55
1575.86
1210.01
917.8
696.285
533.562
2169.06
3146.96
3045.69
2569.55
2031.14
1555.71
1176.58
888.922
676.455
521.728
2882.15
3951.15
3306.54
2584.2
1967.84
1487.69
1126.77
858.866
660.854
514.782
3109.15
4128.91
3214.2
2423.24
1838.01
1407.34
1085.7
841.977
656.239
515.073
3046.3
3764.4
2848.43
2188.86
1719.33
1361.11
1076.17
846.822
663.994
521.047
2857.11
2920.52
2444.04
2044.72
1695.87
1382.11
1105.46
870.179
678.088
527.091
2732.69
2728.6
2465.98
2146.21
1800.69
1461.38
1154.74
894.739
685.657
524.635
2816.5
3009.61
2759.06
2371.28
1944.36
1537.74
1184.43
896.244
672.68
506.124
3022.85
3626.63
3168.69
2589.17
2033.39
1551.26
1159.27
855.612
629.816
467.659
3114.04
4267.65
3407.55
2614.11
1964.71
1450.45
1056.64
765.015
556.129
411.048
2910.18
3868.33
3033.79
2284.27
1688.2
1227.7
883.437
634.821
461.359
344.139
2311.52
2892.58
2290.88
1746.74
1295.31
941.553
678.011
490.368
362.178
277.718
1417.49
1672.23
1474.67
1178.71
893.221
658.284
481.996
357.865
274.848
221.613
998.211
1038.76
922.567
746.6
573.574
431.811
327.609
256.289
210.11
181.535
794.288
707.929
587.547
463.543
358.456
279.892
226.11
191.548
170.33
157.872
650.557
494.284
374.014
287.966
230.124
193.333
171.044
158.101
150.785
146.844
475.853
313.615
230.379
187.473
165.332
153.948
148.142
145.219
143.762
143.271
963.417
1133.43
1367.76
1551.51
1618.17
1561.94
1414.88
1220.1
1014.7
823.327
1069.43
1370.31
1696.99
1894.71
1912.64
1780.16
1558.08
1304.14
1058.43
842.717
1228.89
1698.4
2099.31
2262.46
2187.98
1956.01
1654.77
1348.66
1073.35
843.572
1476.27
2144.99
2565.51
2622.81
2412.37
2069.9
1698.49
1355.88
1065.77
832.749
1854.37
2736.83
3065.49
2928.93
2553.68
2110.95
1693.01
1335.86
1046.24
818.482
2422.95
3491.93
3528.37
3118.31
2587.77
2083.61
1654.45
1305.36
1027.2
808.223
3204.02
4374.55
3816.05
3129.64
2517.84
2015.67
1610.79
1283.58
1018.73
805.661
3468.89
4564.36
3687.59
2954.03
2399.49
1958.9
1593.1
1283.53
1022.81
807.646
3389.15
3928
3270.71
2766.55
2347.67
1966.4
1615.38
1300.74
1029.14
804.117
3194.89
3354.3
3138.11
2815.81
2434.13
2033.77
1649.84
1306.53
1015.54
780.186
3272.15
3709.19
3471.98
3040.39
2550.14
2068.35
1632.76
1261.92
960.41
725.175
3439.32
4468.36
3820.96
3136.44
2513.39
1969.48
1512.99
1143.83
855.561
638.151
3212.45
4354.58
3560.85
2825.32
2209.59
1698.82
1285.02
959.549
711.79
529.471
2543.1
3162.18
2656.57
2160.44
1709.14
1318.91
997.751
745.18
554.838
417.041
1605.27
1852.56
1736.43
1489.34
1208.32
943.96
720.053
543.311
411.346
317.468
1174.9
1219.53
1146.76
993.991
812.649
639.508
493.766
380.713
298.156
240.993
973.447
901.029
795.533
666.343
536.311
422.506
332.571
266.614
220.617
190.14
854.996
708.52
570.812
450.819
354.224
281.821
230.822
196.867
174.966
161.427
740.303
541.788
397.593
300.373
237.617
198.412
174.622
160.629
152.601
148.366
549.447
349.511
248.011
196.303
169.882
156.362
149.45
145.931
144.179
144.541
1093.33
1187.63
1385.63
1599.22
1745.17
1781.47
1709.2
1556.23
1358.73
1148.48
1170.79
1365.56
1661.13
1922.62
2057.1
2040.64
1899.96
1682.64
1434.65
1189.09
1285.34
1617.46
2013.22
2292.48
2375.44
2275.48
2051.82
1769.26
1477.12
1205.34
1468.84
1974.39
2449.35
2691.89
2673.69
2463.85
2153.13
1814.01
1490.11
1203.68
1760.23
2470.01
2962.7
3087.11
2917.85
2586.25
2199.53
1821.66
1482.18
1192.13
2212
3137.67
3517.17
3422.17
3071.48
2632.71
2197.85
1805
1464.94
1178.29
2902.79
3997.49
4021.56
3621.93
3110.08
2612.54
2167.82
1781.19
1448.35
1165.66
3664.4
4911.4
4285.15
3617.82
3047.09
2560.3
2136.16
1762.12
1432.84
1148.72
3812.64
4720.63
4007.96
3435.09
2958.78
2524.08
2117.2
1741.85
1405.16
1114.32
3651.05
3968.65
3722.02
3365.68
2950.78
2512.39
2083.14
1687.15
1338.5
1044.43
3658.02
4230.96
3933.11
3454.71
2934.96
2427.85
1962.79
1555.27
1210.89
930.196
3614.46
4727.16
3981.19
3282.19
2679.74
2157.14
1708.89
1332.67
1024.4
779.688
3002.16
3767.1
3162.07
2611.68
2135.08
1717.2
1356.65
1054.37
808.374
615.438
1994.2
2177.12
2040.88
1803.98
1528.44
1252.02
998.529
780.709
602.567
463.755
1432.98
1440.36
1376.22
1240.78
1063.98
876.936
702.998
553.975
433.458
341.144
1203.39
1113.27
1010.62
883.022
742.165
604.853
484.091
385.788
309.433
252.978
1078.31
929.273
784.667
646.533
521.937
416.753
333.629
271.884
227.49
196.557
987.528
786.619
611.588
471.43
365.621
289.357
236.569
201.55
179.135
165.172
871.323
621.689
443.077
325.433
251.416
206.191
179.162
163.37
154.547
151.473
644.417
396.715
271.415
207.931
175.704
159.315
150.971
146.723
144.613
149.979
1273.69
1298.88
1437.5
1636.59
1820.4
1928.91
1936.04
1847.46
1688.05
1487.86
1346.82
1443.99
1671.2
1934.3
2135.14
2216.27
2168.94
2018.28
1803.04
1557.98
1447.17
1650.39
1980.11
2292.44
2478.17
2499.39
2375.67
2154.15
1883.56
1598.98
1601.9
1949.39
2381.11
2705.99
2829.82
2756.2
2540.44
2248.03
1928.97
1614.63
1849.8
2377.81
2881.87
3153.46
3158.11
2960.81
2649.8
2296.23
1941.76
1609.67
2236.65
2972.94
3466.32
3587.16
3418.58
3088.56
2696.94
2301.39
1927.96
1588.63
2832.43
3765.34
4072.34
3929.32
3564.91
3125.83
2685.07
2271.96
1893.67
1553.41
3718.85
4730.32
4547.16
4080.52
3568.49
3078.95
2626.84
2213.74
1836.57
1496.7
4193.81
5225.23
4587.33
3975.35
3451.14
2974.68
2531.43
2121.49
1744.83
1406.52
4087.1
4584.63
4206.92
3756.58
3291.59
2826.89
2380.57
1968.82
1596.31
1268.63
3996.79
4592.46
4146.34
3601.02
3069.82
2574.03
2124.26
1727.19
1380.05
1082.89
3713.6
4501.77
3770.29
3119.33
2588.51
2135.62
1743.37
1405.6
1115.31
870.088
2781.56
2933.15
2588.56
2238.75
1908.07
1598.82
1316.24
1065.6
847.43
662.575
1875.52
1802.52
1687.26
1529.91
1342.38
1142.93
949.355
773.373
618.808
487.809
1549.74
1398.14
1266.47
1126.57
974.502
820.267
676.481
550.709
443.811
355.115
1383.41
1196.46
1030.19
873.665
726.44
593.602
480.63
390.39
319.205
262.589
1276.62
1058.09
859.58
687.049
543.594
429.497
342.627
279.955
235.975
203.219
1182
919.34
695.788
522.168
395.419
306.897
247.17
208.366
184.626
168.963
1039.87
728.68
507.115
362.261
272.081
217.663
185.54
166.98
156.939
152.291
757.898
454.315
300.498
222.563
183.058
163.019
152.845
147.679
145.111
145.843
1503.77
1478.02
1553.32
1710.2
1893.16
2041.13
2111.61
2089.95
1985.35
1817.78
1608.12
1622.56
1767.14
1989.17
2206.02
2347.97
2380.22
2304.11
2143.93
1923.9
1736.37
1817.28
2050.96
2335.37
2563.33
2668.98
2637.07
2491.55
2269.67
1996.76
1884.69
2084.89
2425.17
2752.29
2952.03
2983.27
2862.87
2639.71
2355.11
2035.02
2109.42
2470.88
2908.53
3228.43
3342.01
3258.02
3033.46
2732.59
2392.42
2036.89
2467.17
3019.57
3499.44
3723.24
3683.15
3454.58
3125.76
2758.56
2379.23
2001.79
3022.59
3766.37
4154.38
4161.05
3912.81
3538.02
3123.37
2713.33
2314.76
1929.09
3870.29
4706.47
4751.91
4425.57
3968.13
3485.27
3021.81
2596.52
2195.33
1812.43
4615.38
5592.02
5032.68
4391.5
3816.38
3297.43
2826.76
2407.47
2015.76
1646.86
4572.81
5190.62
4628.13
4035.21
3491.24
2992.52
2538.58
2138.49
1772.1
1431.24
4389.54
4909.51
4259.36
3613.14
3055.52
2572.26
2152.01
1794.65
1473.9
1178.73
3902.99
4259.1
3515.5
2892.03
2413.26
2020.7
1688.56
1409.65
1156.27
920.686
2792.43
2566.83
2265.18
1982.29
1719.02
1472.8
1248.94
1051.92
867.97
690.893
2098.9
1841.96
1633.74
1445.47
1260.61
1081.55
917.747
773.012
638.59
508.633
1844.47
1574
1352.81
1158.46
980.468
818.977
680.295
566.343
466.891
373.487
1692.47
1413.12
1170.29
958.82
776.812
624.813
502.671
412.024
341.375
277.95
1582.01
1275.71
1006.93
782.157
603.436
467.393
366.922
298.425
253.143
214.3
1455.44
1106.61
819.041
600.136
443.243
335.814
264.528
219.505
194.345
175.06
1246.26
860.743
587.755
409.773
299.346
233.045
194.125
171.913
160.834
154.438
884.53
519.977
334.325
239.89
191.895
167.514
155.13
148.847
145.812
145.282
1790.11
1741.52
1760.99
1861.5
2013.17
2165.57
2271.8
2304.06
2257.65
2132.74
1991.91
1934.84
1989.28
2141.25
2330.66
2490.32
2573.17
2562.58
2467.45
2281.74
2221.35
2161.14
2274.71
2487.37
2702.37
2843.94
2877.58
2806.66
2646.28
2392.54
2342.55
2406.17
2633.99
2909.87
3121.95
3207.79
3161.43
3013.33
2778.11
2456.63
2540.82
2761.84
3101.48
3401.21
3555.22
3536.26
3382.61
3147.79
2840.02
2462.84
2889.28
3288.92
3693.57
3931.92
3949.21
3779.44
3503.52
3184.78
2820.68
2404.47
3454.36
4032.87
4384.93
4430.84
4230.3
3886.46
3493.74
3111.42
2716.36
2281.38
4330.63
4997.7
5057.18
4762.4
4309.71
3810.98
3333.49
2917.82
2516.99
2088.85
5133.22
5972.28
5439.54
4754.41
4110.69
3534.56
3029.03
2614.41
2230.68
1837.13
5094.62
5765.68
5036.29
4290.27
3642.77
3088.41
2615.03
2232.63
1898.13
1550.29
4865.17
5276.68
4429.64
3659.05
3040.74
2541.23
2133.37
1819.33
1545.46
1251.94
4315.56
4288.97
3467.69
2808.93
2321.79
1942.79
1641.79
1422.73
1214.13
975.765
3187.64
2710.4
2294.54
1962.68
1682.95
1438.29
1238.04
1090.68
940.936
745.411
2536
2138.64
1820.42
1557.82
1325.35
1120.27
956.679
838.283
718.062
561.731
2292.64
1918.93
1602.37
1333.54
1100.93
900.739
746.855
640.362
541.36
420.733
2149.51
1770.5
1434.75
1147.2
907.41
714.189
571.19
478.3
403.747
315.834
2040.69
1613.08
1244.17
943.83
710.387
537.756
417.672
343.547
295.916
239.196
1869.9
1375.96
991.891
709.526
510.958
377.069
291.517
241.33
217.189
188.214
1500.43
1020.44
685.135
467.771
333.045
252.282
205.246
179.185
170.434
159.889
1017.49
590.386
371.341
259.23
201.934
172.7
157.811
150.276
147.326
146.113
2096.71
2079.85
2072.92
2122.87
2228.13
2357.43
2470.6
2539.1
2540.14
2453.96
2451.08
2380.7
2363.58
2439.82
2574.17
2715.03
2816.5
2861.97
2819.77
2659.01
2842.73
2706.48
2696.5
2820.07
2982.62
3117.64
3186.67
3189.47
3076.2
2820.05
2987
2956.14
3067.78
3271.86
3449.53
3542.64
3537.86
3461.42
3264.11
2912.26
3142.3
3270.61
3510.86
3758.05
3900.15
3895.3
3784.52
3622.8
3346.23
2914.85
3490.38
3771.46
4086.14
4291.01
4306.55
4144.74
3900.44
3645.23
3297.28
2814.62
4081.37
4529.16
4798.83
4808.63
4595.71
4238.27
3850.01
3507.52
3112.76
2620.77
4957.94
5508.58
5505.69
5170.1
4667.67
4121.59
3609.94
3213.6
2828.75
2353.39
5683.49
6499.09
5921.36
5152.69
4418.14
3764.38
3205.4
2788.99
2477.65
2037.62
5604.81
6343.5
5497.52
4610.2
3846.32
3213.2
2697.18
2316.49
2070.52
1694.4
5378.14
5767.47
4766.19
3858.9
3146.95
2594.04
2166.17
1877.08
1698.87
1376.94
4876.51
4686.03
3728.65
2968.21
2415.35
1999.93
1690.74
1519
1387.19
1103.97
3819.88
3174.74
2620.69
2194.34
1845.97
1558.78
1349.2
1252.9
1114.62
871.926
3156.56
2642.28
2217.34
1866.24
1567.73
1307.83
1129.4
1042.76
913.974
693.899
2895.39
2434.44
2027.16
1682.64
1379.69
1118.73
939.588
852.016
742.399
544.865
2759.17
2301.74
1860.71
1483.96
1167.2
914.812
742.315
655.505
565.373
410.727
2644.85
2098.17
1599.56
1207.76
900.382
679.446
535.042
463.849
400.291
297.381
2346.38
1719.93
1213.95
855.664
604.526
439.238
340.797
300.559
269.024
216.097
1759.05
1189.16
790.683
533.046
372.171
275.548
219.679
195.381
185.414
168.62
1132.35
655.099
407.02
278.656
212.378
178.275
160.8
152.253
148.834
147.411
2364.46
2460.77
2494.93
2525.83
2596.98
2699.74
2803.83
2896.55
2923.74
2849.35
2894.85
2939.9
2935.32
2947.38
3037.59
3157.82
3257.9
3355.14
3324.1
3137.21
3521.36
3483.54
3434.28
3431.93
3546.4
3685.31
3770.08
3829.96
3689.74
3358.86
3722.5
3727.55
3805.17
3933.82
4078.11
4156.15
4175.85
4146.84
3917.02
3463.01
3944.76
3988.45
4174.53
4380.03
4493.33
4470.4
4376.16
4265.2
3951.43
3425.64
4308.37
4463.55
4690.71
4862.89
4849.9
4658.26
4412.34
4206.64
3842.75
3273.31
4883.94
5214.87
5392.87
5346.03
5086.17
4679.65
4264.39
3968.45
3629.28
3025.17
5701.53
6188.48
6121.29
5707.56
5123.17
4499.29
3928.4
3542.76
3242.34
2672.64
6199.62
7169.89
6568.37
5690.07
4839.45
4081.44
3444.53
2999.52
2766.59
2273.63
6071.87
7111.93
6169.34
5115.01
4206.83
3465.32
2878.01
2473.94
2307.19
1900.94
5888.62
6505.57
5374.02
4299.89
3460.38
2818.92
2338.54
2048.68
1962.84
1603.35
5518.05
5352.67
4282.58
3392.54
2744
2259.22
1912.03
1766.5
1734.12
1374.75
4663.42
3889.45
3199.68
2667.58
2240.43
1892.42
1653.76
1612.63
1548.59
1177.57
3975.03
3339.28
2814.11
2400.44
2045.15
1725.4
1520.14
1478.23
1346.98
981.66
3693.03
3123.62
2652.05
2266.18
1904
1579.1
1370.69
1294.93
1100.99
782.877
3497.49
2974.91
2493.35
2041.28
1652.05
1341.34
1146.44
1061.67
885.129
605.693
3258.26
2711.03
2148.41
1635.17
1260.94
1001.85
846.123
778.765
646.596
433.34
2807.59
2152.41
1555.54
1066.86
772.933
607.475
498.893
477.17
395.822
280.262
1949.51
1334.59
895.07
599.181
425.849
319.282
252.721
242.84
222.992
187.165
1202.72
701.032
435.267
295.165
222.366
184.293
164.411
155.548
151.727
149.39
2540.55
2805.78
2968.56
3067.09
3160.35
3267.26
3387.1
3511.66
3538.91
3429.38
3168.43
3461.52
3613.91
3694.33
3801.4
3930.59
4078.71
4230.68
4141.11
3840.11
3885.71
4218.5
4342.9
4394.06
4534.43
4704.59
4857.23
4945.46
4641.8
4122.14
4229.32
4493.84
4716.9
4929.85
5118.11
5203.15
5248.31
5218.63
4851.37
4198.89
4508.51
4680.08
4928.11
5237.28
5401.51
5370.68
5277.68
5188.17
4809.47
4092.63
4984.6
5206.82
5413.82
5632.09
5633.69
5394.09
5126.18
4957.26
4587.22
3844.73
5623.4
5986.77
6115.29
6042.41
5747.01
5271.29
4810.25
4539.96
4191.79
3476.02
6333.02
6949.23
6842.02
6370.96
5712
5001.13
4356.23
3958.82
3693.92
3039.58
6551.34
7858.46
7290.26
6347.76
5401.06
4541.57
3816.74
3324.7
3142.68
2593.11
6415.09
7831.09
6918.03
5773.31
4748.74
3898.94
3228.44
2784.95
2665.4
2222.18
6286.52
7253.52
6113.93
4936.38
3989.62
3257.64
2713.26
2407.95
2385.74
1980.02
6046.7
6149.29
5015.52
4027.02
3300.65
2752.06
2362.38
2232.68
2274.23
1826.6
5443.77
4731.22
3931.6
3337.69
2874.13
2482.2
2220.68
2231.99
2192.4
1679.27
4699.79
4067.72
3503.89
3120.05
2788.85
2439.7
2226.18
2234.96
2052.3
1495.76
4265.64
3758.7
3322.4
3043.14
2730.96
2378.77
2163.54
2109.3
1840.2
1271.84
3935.7
3541.36
3166.55
2815.23
2452.76
2122.75
1927.25
1835.14
1514.63
997.8
3603.34
3258.62
2801.62
2300.01
1906.95
1628.19
1491.85
1416.46
1111.83
704.089
2977.9
2501.45
1938.31
1416.79
1097
936.368
873.94
895.57
681.446
436.078
2044.95
1441.34
992.289
687.374
499.426
381.348
329.917
424.836
363.183
262.925
1235.12
727.306
454.192
308.218
230.871
189.836
169.151
414.33
256.104
191.59
2664.39
3068.13
3421.04
3682.15
3889.72
4082.05
4277.29
4455.12
4478.98
4294.07
3286.88
3815.42
4274.6
4576.12
4818.54
5067.62
5332.38
5527.92
5360.31
4866.27
3958.82
4684.23
5205.1
5549.19
5877.75
6220.91
6498.09
6560.94
6028.3
5201.91
4613.16
5279.93
5713.25
6122.7
6525.43
6738.78
6798.2
6733.21
6140.94
5186.67
5151.6
5693.49
5918.04
6259.38
6622.99
6656.91
6542.34
6441.5
5902.52
4937.6
5597.76
6162.64
6301.28
6520.42
6640.8
6393.91
6078.32
5929.61
5504.42
4553.49
6030.94
6795.31
6901.61
6838.09
6574.42
6050.33
5527.23
5273.84
4944.36
4062.36
6376.41
7553.26
7527.38
7082.91
6418.49
5651.16
4941.68
4529.52
4280.26
3527.59
6425.97
8164.27
7892.66
7020.49
6065.51
5150.45
4360.37
3833.33
3690.95
3067.45
6322.17
8099.85
7544.29
6470.4
5424.12
4515.84
3784.75
3312.57
3239.03
2738.45
6241.56
7630.36
6818.75
5680.05
4703.98
3921.63
3331.89
3021.17
3059.14
2584.48
6102.89
6775.79
5839.41
4837.84
4089.61
3509.43
3095.03
2992.59
3095.72
2534.27
5758.5
5675.36
4843.52
4212.05
3770.86
3377.89
3112.87
3184.5
3164.19
2471.73
5282.97
5023.51
4383.64
4013.53
3804.47
3499.69
3298.29
3374.28
3162.07
2326.99
4862.19
4640.87
4145.47
3922.56
3826.58
3561.1
3365.54
3340.49
2914.71
2028.66
4380.51
4235.54
3888.52
3653.57
3524.68
3301.34
3124.98
3009.5
2443.88
1613.08
3713.52
3578.2
3318.02
3017.08
2766.6
2578.1
2470.29
2353.56
1815.62
1138.14
2917.48
2596.35
2235.06
1836.28
1543.18
1439.63
1450.82
1431.94
1069.63
681.151
2183.41
1576.66
1144.53
820.655
599.74
471.914
435.856
497.377
451.877
405.082
1521.81
850.138
511.201
335.172
245.207
198.883
175.523
237.548
219.003
450.205
2692.59
3190.72
3757.73
4270.51
4735.14
5131.03
5486.32
5757.92
5782.12
5493.26
3253.21
3933.9
4771.03
5442.49
6078.58
6575.04
7018.9
7258.2
6985.34
6244.14
3819.87
4784.69
5849.3
6716.05
7568.74
8215.64
8620.34
8540.27
7759.84
6595.27
4392.01
5551.01
6470.75
7292.31
8149.35
8662.88
8802.29
8583.83
7764.52
6456.97
5014.99
6250.68
6927.78
7484.4
8104.02
8314.84
8192.05
8014.47
7331
6039.52
5644.26
6952.46
7408.77
7684.06
7926.44
7739
7359.63
7185.11
6699.76
5481.62
6114.87
7561.67
7916.85
7871.07
7659.72
7119.67
6523.04
6253.82
5924.3
4846.8
6310.64
8013.41
8366.02
7977.88
7352.23
6548.64
5776.45
5348.76
5146.09
4248.77
6300.44
8262.08
8591.38
7845.59
6930.11
5987.52
5147.7
4614.72
4526.68
3801.29
6225.35
8155.26
8255.77
7330.9
6313.73
5380.71
4611.36
4142.59
4169.33
3562.5
6175.1
7824.28
7674.19
6652.51
5690.79
4884.87
4266.96
3977.64
4114.73
3519.28
6088.97
7266.85
6903.97
5941.52
5206.96
4617.76
4191.75
4133.84
4298.62
3582.87
5849.99
6532.46
6017.62
5372.42
4993.13
4646.14
4403.49
4534.68
4557.66
3623.11
5409.83
5862.97
5442.56
5111.55
5072.88
4919.85
4779.06
4913.44
4651.77
3488.26
4778.88
5148.51
4950.34
4883
5085.47
5076.69
4965.6
4948.64
4370.03
3085.51
4079.54
4353.44
4367.81
4435.36
4698.61
4771.34
4682.14
4468.92
3664.63
2439.56
3423.6
3487.24
3552.03
3613.46
3768.59
3806.4
3749.77
3438.35
2648.02
1665.16
2802.42
2520.63
2480.38
2335.22
2269.25
2206.4
2197.71
2015.49
1487.81
923.415
2149.44
1592.93
1369.68
1044.22
826.035
645.634
597.006
634.307
569.08
430.214
1364.89
822.932
877.202
490.411
313.03
229.632
192.104
199.762
197.342
254.283
2601.6
3183.54
3968.22
4808.38
5618.29
6419.42
6985.51
7355.35
7373.92
6978.69
3110.81
3911.93
5135.2
6337.98
7418.48
8525.47
9037.84
9238.05
8829.26
7869.16
3573.19
4731.37
6410.2
7967.01
9381.2
10444
10920.8
10609.8
9624.78
8194.22
4011.52
5454.6
7046.83
8527.33
9940.36
10825.7
11056.7
10566
9529.15
7933.85
4454.23
6136.04
7635.95
8824.73
9896.83
10419.1
10343
9855.28
8923.7
7351.12
4866.21
6758.25
8161.39
8979.29
9567.89
9594.85
9197.72
8817.88
8121.92
6643.69
5197.33
7271.58
8595.55
9022.79
9079.29
8647.69
8000.8
7676.42
7200.31
5902.66
5413.35
7593.87
8911.49
8984.06
8595.45
7832.53
7022.75
6606.17
6365.03
5282.59
5521.53
7756.12
9018.57
8770.96
8074.32
7166.05
6315.14
5810.46
5758.22
4877.27
5533.68
7676.76
8745.21
8286.15
7474.71
6581
5823.18
5395.5
5505.47
4744.89
5461.69
7409.06
8268.5
7728.21
6983.3
6233.44
5642.31
5409.11
5610.85
4832.82
5283.07
6954.43
7621.29
7165.99
6675.65
6179.68
5798.59
5809.21
5964.19
5011.83
4980.28
6346.61
6853.49
6663.3
6574.71
6401.98
6240.37
6425.96
6337.72
5100.06
4581.72
5704.19
6194.98
6338.85
6668.98
6823.63
6804.61
6893.75
6394.55
4883.7
4120.27
4962.86
5527.17
5973.8
6621.87
7002.56
7028.81
6784.16
5916.75
4279.54
3640.02
4186.43
4753.86
5343.6
6061.73
6494.66
6495.36
5943.54
4857.65
3334.31
3158.59
3359.97
3829.62
4345.99
4871.67
5168.22
5087.16
4448.6
3458.89
2261.62
2655.61
2480.09
2753.73
2978.51
3082.33
3269.89
3111.59
2626.13
1993.66
1311.4
2055.91
1565.01
1385.34
1326.09
1098.69
1478.24
1164.24
990.571
1033.18
802.852
1268.83
779.369
604.172
821.764
464.161
1445.88
676.28
384.007
1062.25
818.412
2551.96
3166.39
4160.46
5361.87
6561.03
7710.42
8594.07
9057.59
9063.54
8597.11
2896.28
3909.33
5546.06
7328.53
8883.43
10280.1
11111.9
11164.2
10621.3
9546.5
3194.33
4704.04
7089.7
9293.97
11136.1
12464.3
13041
12459.9
11355.7
9816.43
3488.27
5332.14
7771.22
9938.2
11753.7
12920.4
13243.5
12442.7
11215.2
9480.71
3787.93
5907.54
8305.51
10247.9
11814.5
12676.7
12675.5
11797.9
10576.3
8824.02
4067.58
6347.05
8683.02
10335.6
11534
11999.3
11686.7
10835.5
9767.13
8068.13
4290.51
6699.68
8929.01
10265.4
11015.5
11047.8
10477.8
9699.42
8833.32
7305.82
4441.21
6857.56
9050.72
10117.4
10441.8
10065.6
9259.44
8610.86
8034.38
6723.58
4517.35
6963.75
9100.61
9893.35
9845.19
9174.87
8322.84
7821.35
7500.21
6395.11
4521.49
6894.01
8877.86
9480.53
9234.09
8526.61
7823.09
7489.91
7366.83
6372.62
4455
6679.51
8491.84
9024.58
8883.12
8380.08
7872.72
7699.71
7615.36
6559.62
4311.72
6327.99
7969.69
8563.89
8772.41
8648.54
8355.83
8272.77
8035.75
6758.39
4091.98
5869.69
7357.43
8126.6
8729.72
9042.83
9000.25
8841.49
8296.75
6732.99
3811.86
5409.48
6838.28
7792.77
8713.94
9317.85
9424.6
8997.82
8053.34
6264.41
3493.2
4802.15
6222.36
7341.41
8403.41
9075.92
9125.63
8389.94
7168.76
5330.49
3159.17
4170.55
5469.01
6564.72
7504.78
8040.14
7974.77
7000.31
5671.54
4036.06
2827.23
3424.08
4509.7
5391.9
5987.66
6279.7
6098.56
5082.05
3932.5
2680.71
2481.37
2619.98
3316.28
3760.9
3881.62
4027
3796.48
2990.53
2228.76
1528.71
2077.2
1698.85
1793.27
1720.89
1481.56
1832.92
1641.85
1274
1069.09
864.713
1573.98
892.115
1407.36
841.565
518.579
1416.69
811.601
490.648
548.245
656.929
2314.83
3060.97
4297.09
5821.16
7367.29
8822.36
9973.83
10554.1
10595
10133.9
2560.36
3862.15
5903.33
8086.86
9999.64
11624.2
12634.4
12662.3
12087.5
11054.7
2762.39
4668.66
7531.02
10154.7
12327.8
13840.8
14462.5
13840.7
12728.7
11274.3
2960.64
5241.4
8251.27
10897.5
13072.3
14487.4
14872.1
13954.8
12621.3
10944
3163.76
5736.28
8700.66
11216.6
13250.4
14484.2
14623.9
13508.2
12088.1
10333.3
3354.82
6125.45
8924.87
11233
13080.1
14073.9
13986.8
12805
11442.2
9656
3511.08
6310.86
9040.93
11176.2
12696.6
13408.7
13089.6
11895
10651.3
8980.8
3620.24
6418.54
9092.41
11037.9
12260
12675.1
12165.6
11066.3
10029.9
8504.84
3676.02
6439.9
9033.17
10812.3
11786.9
11961.4
11388.1
10451.9
9630.72
8268.31
3677.31
6375.11
8853.97
10494.2
11319.5
11424.7
10959.2
10238.9
9598.58
8298.29
3623.37
6215.37
8561.7
10128.1
11024
11323.2
11057.6
10455.3
9818.08
8443.71
3514.07
5971.71
8184.38
9742.95
10856
11491.9
11440.1
10822.8
10018.9
8464.71
3354.22
5672.09
7772.06
9361.44
10662
11552
11661.9
10934.1
9890.76
8127.51
3155.18
5306.63
7315.75
8945.24
10359.9
11308
11414.6
10456.8
9138.74
7268.04
2933.19
4858.45
6779.37
8366.08
9727.56
10506.7
10444
9260.39
7776.36
5948.89
2703.45
4238.85
6067.25
7491.56
8509.86
8971.26
8677.82
7350.22
5866.62
4335.2
2474.61
3554.94
5048.33
6089.23
6663.97
6785.36
6352.32
5123.88
3912.6
2791.53
2231.99
2760.31
3662.17
4164.08
4252.57
4182.88
3797.9
2896.98
2161.39
1559.7
1936.65
1786.14
1868.09
1852.23
1642.11
1712.3
1598.47
1227.91
1097.42
873.919
1541.76
918.412
821.371
623.016
449.937
633.201
544.659
412.028
858.17
615.539
2000.29
2823.69
4243.47
5986.61
7818.38
9499.96
10819.9
11545.6
11707.2
11370.4
2174.96
3576.49
5868.08
8246.6
10450.3
12174.1
13237.8
13422.1
13039.8
12210.4
2316.09
4267.96
7291.96
10118.2
12477.1
14098
14766.5
14428.5
13596.5
12401.5
2450.14
4784.23
8038.56
10956.8
13341.8
14900.6
15372.9
14666.6
13544.3
12129.5
2584.96
5238.28
8513.54
11395
13730.1
15179
15448.3
14469.8
13164.8
11633
2712.47
5599.44
8770.54
11535.4
13800.2
15168.4
15303.5
14105.8
12678.7
11085.9
2818.86
5783.39
8862.72
11511.1
13616.6
14838.1
14807.2
13532.6
12110.6
10560.6
2895.25
5871.87
8883.17
11407.4
13339.2
14413.7
14276.1
13038.3
11692
10206.1
2934.9
5885.4
8814.12
11218.8
12993.1
13916.5
13729.3
12614.3
11415.6
10021.9
2934.74
5836.29
8674.2
10976.4
12645.4
13516.9
13406.9
12448.4
11363.2
9988.43
2893.86
5715.95
8452.8
10677.5
12358.2
13339
13356.7
12462
11361
9923.04
2814.04
5531.15
8166.03
10337.1
12087.5
13224.3
13332.8
12379.3
11149.3
9598.46
2700.9
5291.64
7831.54
9956
11717.8
12876.9
12982.2
11888.4
10497.4
8841.47
2563.68
4971
7404.71
9451.01
11122.7
12102
12032.7
10750.9
9246.51
7586.9
2413.49
4536.27
6848.79
8730.03
10145
10795.2
10468.1
9052.96
7525.64
5973.57
2258.4
3953.33
6062.6
7641.64
8614.65
8835.43
8228.18
6844.66
5481.06
4213.16
2100.15
3316.92
5025.87
6120.7
6632.92
6524.29
5812.63
4608.44
3544.11
2643.48
1922.42
2583.82
3746.28
4251.45
4389.4
4071
3407.16
2591.23
1962.25
1469.04
1691.04
1704.35
2460.79
2293.91
2424.24
2045.79
1617.02
1286.76
1044.94
816.944
1358.82
862.068
2509.75
1231.8
2094.13
1074.31
645.247
864.214
706.951
502.888
1661.44
2432.58
3802.9
5552.67
7470.35
9286.7
10774.8
11752.9
12189.8
12113.8
1775.15
2974.32
5037.59
7293.64
9518.63
11380.4
12674.4
13301.1
13333.7
12861.1
1868.35
3430.05
6046.04
8657.92
11023.9
12822.5
13885.5
14167.5
13848.3
13064.2
1954.25
3881.54
6895.33
9677.09
12065.1
13730.8
14547.8
14510.7
13910.1
12904.7
2037.53
4275.08
7469.84
10329.5
12708.1
14260
14860.7
14548.7
13726.1
12568.4
2115.79
4679.3
7914.55
10826.2
13236
14696.4
15056.1
14449.1
13438.2
12181.2
2181.39
4872.55
8093.02
10946.7
13321
14743.4
14960.1
14177.9
13078.8
11800.8
2228.82
4966.66
8166.57
10986.5
13282.3
14737.7
14863.1
13927.3
12783.1
11513.8
2252.95
4987.52
8122.55
10879.1
13096.6
14433.3
14572.5
13630.5
12522
11289.3
2251
4951.87
8011.61
10703.6
12849
14125.8
14319.9
13396
12306.8
11070.2
2222.3
4858.16
7832.05
10427.4
12511.5
13787.6
13984.7
13071.7
11965.8
10685.4
2168.89
4707.11
7581.38
10049
12051.5
13305.8
13404.4
12466.7
11309.4
9967.45
2095.43
4493.03
7237.53
9553.09
11405.7
12502.8
12422.4
11424.6
10207.1
8827.61
2008.25
4185.71
6732.33
8826.62
10433.2
11128.5
10862.6
9856.27
8635.03
7296.68
1913.69
3753.86
6051.8
7861.78
9081.61
9431.72
8982.35
7946.13
6766.91
5553.2
1814.51
3174.51
5117.04
6465.95
7231.85
7287.17
6748.96
5809.34
4796.6
3820.33
1707.97
2657.02
4092.5
4978.34
5409.95
5258.93
4668.84
3851.08
3062.68
2368.54
1578.06
2055.1
2891.97
3378.61
3622.75
3367.64
2842.29
2251.85
1744.82
1333.35
1396.52
1437.26
1873.83
2243.28
2561.69
2122.95
1667.82
1270.78
971.837
740.835
1115.7
754.307
1073.23
2013.98
2558.75
1372.1
1102.3
784.152
560.46
406.991
1329.74
1905.47
2980.89
4497.9
6300.97
8155.01
9825.09
11112.4
11914.8
12209.9
1395.11
2158.01
3598.52
5483.32
7567.49
9554.44
11192.2
12306.1
12849.9
12854.7
1449.72
2376.74
4109.34
6259.8
8510.87
10537
12087.7
13009.3
13311.2
13072.4
1498.68
2590.03
4546.71
6857.14
9184.69
11188.5
12622.6
13351.9
13442.6
13013
1543.93
2776.26
4868.17
7263.02
9621.05
11589.7
12911
13465.3
13378.5
12804.6
1585.12
2944.48
5118.63
7547.82
9911.08
11838.5
13045.2
13434.5
13203
12529.9
1619.13
3030.33
5225.23
7638.23
9965.58
11851.7
12978.5
13258.7
12943.1
12224.8
1643.19
3072.58
5261.49
7650.93
9929.1
11772.1
12833.8
13029.8
12663.5
11925.7
1654.31
3073.99
5222.38
7560.22
9774.14
11537.5
12549.4
12710.2
12330.7
11588.5
1650.9
3042.42
5133.77
7404.76
9541.49
11232.3
12197.5
12322.3
11915.3
11143.4
1632.73
2976.76
4993.74
7164.04
9197.19
10802
11688.2
11751.1
11288.2
10462.2
1601.31
2876.6
4795.28
6828.06
8716.37
10182.6
10926.8
10885.1
10339.4
9451.46
1559.55
2738.19
4519.4
6375.19
8061.39
9300.67
9835.09
9655.63
9022.77
8096.17
1510.8
2549.98
4135.02
5753.03
7167.35
8093.48
8387.49
8082.05
7397.8
6489.38
1457.58
2311.1
3647.22
4974.2
6056.73
6667.9
6736.73
6326.62
5636.74
4810.41
1399.09
2024.72
3050.98
4023.77
4755.62
5084.66
4989.16
4549.39
3931.89
3258.48
1329.62
1745.56
2441.1
3069.45
3520.77
3641.99
3439.4
3015.02
2512.38
2019.16
1233.61
1426.39
1799.3
2157.76
2441.57
2431.6
2189.58
1835.54
1475.84
1157.56
1081.03
1099.5
1276.29
1526.7
1773.72
1638.45
1368.38
1080.22
834.508
640.621
805.861
809.97
940.173
1196.12
1392.97
1068.4
801.759
584.442
432.279
329.529
)
;

boundaryField
{
    side
    {
        type            greyDiffusiveRadiation;
        refValue        nonuniform List<scalar> 
800
(
0
0
0
0
0
0
0
0
0
0
0
0
0
0
0
0
0
0
0
0
0
0
0
0
0
0
0
0
0
0
0
0
0
0
0
0
0
0
0
0
0
0
0
0
0
0
0
0
0
0
0
0
0
0
0
0
0
0
0
0
0
0
0
0
0
0
0
0
0
0
0
0
0
0
0
0
0
0
0
0
0
0
0
0
0
0
0
0
0
0
0
0
0
0
0
0
0
0
0
0
0
0
0
0
0
0
0
0
0
0
0
0
0
0
0
0
0
0
0
0
0
0
0
0
0
0
0
0
0
0
0
0
0
0
0
0
0
0
0
0
0
0
0
0
0
0
0
0
0
0
0
0
0
0
0
0
0
0
0
0
0
0
0
0
0
0
0
0
0
0
0
0
0
0
0
0
0
0
0
0
0
0
0
0
0
0
0
0
0
0
0
0
0
0
0
0
0
0
0
0
0
0
0
0
0
0
0
0
0
0
0
0
0
0
0
0
0
0
0
0
0
0
0
0
0
0
0
0
0
0
0
0
0
0
0
0
0
0
0
0
0
0
0
0
0
0
0
0
0
0
0
0
0
0
0
0
0
0
0
0
0
0
0
0
0
0
0
0
0
0
0
0
0
0
0
0
0
0
0
0
0
0
0
0
0
0
0
0
0
0
0
0
0
0
0
0
0
0
0
0
0
0
0
0
0
0
0
0
0
0
0
0
0
0
0
0
0
0
0
0
0
0
0
0
0
0
0
0
0
0
0
0
0
0
0
0
0
0
0
0
0
0
0
0
0
0
0
0
0
0
0
0
0
0
0
0
0
0
0
0
0
0
0
0
0
0
0
0
0
0
0
0
0
0
0
0
0
0
0
0
0
0
0
0
0
0
0
0
0
0
0
0
0
0
0
0
0
0
0
0
0
0
0
0
0
0
0
0
0
0
0
0
0
0
0
0
0
0
0
0
0
0
0
0
0
0
0
0
0
0
0
0
0
0
0
0
0
0
0
0
0
0
0
0
0
0
0
0
0
0
0
0
0
0
0
0
0
0
0
0
0
0
0
0
0
0
0
0
0
0
0
0
0
0
0
0
0
0
0
0
0
0
0
0
0
0
0
0
0
0
0
0
0
0
0
0
0
0
0
0
0
0
0
0
0
0
0
0
0
0
0
0
0
0
0
0
0
0
0
0
0
0
0
0
0
0
0
0
0
0
0
0
0
0
0
0
0
0
0
0
0
0
0
0
0
0
0
0
0
0
0
0
0
0
0
0
0
0
0
0
0
0
0
0
0
0
0
0
0
0
0
0
0
0
0
0
0
0
0
0
0
0
0
0
0
0
0
0
0
0
0
0
0
0
0
0
0
0
0
0
142.341
142.341
152.176
142.341
142.341
142.341
142.341
142.341
142.341
142.341
142.341
142.341
884.774
142.341
142.341
1024.08
1015.65
860.259
642.671
248.186
142.341
142.341
142.341
142.341
142.341
142.341
142.341
142.341
142.341
142.341
142.341
142.341
142.341
142.341
142.341
142.341
142.341
142.341
142.341
851.234
142.341
142.341
142.341
142.341
142.341
142.341
142.341
142.341
142.341
142.341
142.341
142.341
142.341
1247.36
142.341
2689.46
142.341
5867.03
142.341
970.047
142.341
142.341
142.341
142.341
142.341
142.341
142.341
142.341
142.341
142.341
142.341
142.341
142.341
142.341
1355.55
142.341
142.341
142.341
3756.24
805.195
142.341
142.341
142.341
142.341
142.341
142.341
142.341
142.341
142.341
142.341
142.341
142.341
142.341
142.341
142.341
142.341
142.341
4476.86
3559.96
639.992
142.341
142.341
142.341
142.341
142.341
142.341
142.341
142.341
142.341
142.341
142.341
142.341
142.341
142.341
3623.72
2448.89
142.341
142.341
142.341
423.855
142.341
142.341
142.341
142.341
142.341
142.341
142.341
142.341
142.341
142.341
142.341
142.341
142.341
142.341
142.341
142.341
142.341
142.341
1143.53
231.249
142.341
142.341
142.341
142.341
142.341
142.341
142.341
142.341
142.341
142.341
142.341
921.867
142.341
142.341
142.341
142.341
142.341
1486.62
335.192
158.525
142.341
142.341
142.341
142.341
142.341
142.341
142.341
142.341
142.341
142.341
142.341
142.341
142.341
142.341
2585.97
142.341
1631.01
388.457
171.322
144.057
142.341
142.341
142.341
143.062
146.035
160.9
142.341
142.341
142.341
142.341
142.341
142.341
941.808
142.341
1000.12
645.75
290.459
165.652
144.309
142.57
)
;
        refGradient     uniform 0;
        valueFraction   nonuniform List<scalar> 
800
(
0
0
0
0
0
0
0
0
0
0
0
0
0
0
0
0
0
0
0
0
0
0
0
0
0
0
0
0
0
0
0
0
0
0
0
0
0
0
0
0
0
0
0
0
0
0
0
0
0
0
0
0
0
0
0
0
0
0
0
0
0
0
0
0
0
0
0
0
0
0
0
0
0
0
0
0
0
0
0
0
0
0
0
0
0
0
0
0
0
0
0
0
0
0
0
0
0
0
0
0
0
0
0
0
0
0
0
0
0
0
0
0
0
0
0
0
0
0
0
0
0
0
0
0
0
0
0
0
0
0
0
0
0
0
0
0
0
0
0
0
0
0
0
0
0
0
0
0
0
0
0
0
0
0
0
0
0
0
0
0
0
0
0
0
0
0
0
0
0
0
0
0
0
0
0
0
0
0
0
0
0
0
0
0
0
0
0
0
0
0
0
0
0
0
0
0
0
0
0
0
0
0
0
0
0
0
0
0
0
0
0
0
0
0
0
0
0
0
0
0
0
0
0
0
0
0
0
0
0
0
0
0
0
0
0
0
0
0
0
0
0
0
0
0
0
0
0
0
0
0
0
0
0
0
0
0
0
0
0
0
0
0
0
0
0
0
0
0
0
0
0
0
0
0
0
0
0
0
0
0
0
0
0
0
0
0
0
0
0
0
0
0
0
0
0
0
0
0
0
0
0
0
0
0
0
0
0
0
0
0
0
0
0
0
0
0
0
0
0
0
0
0
0
0
0
0
0
0
0
0
0
0
0
0
0
0
0
0
0
0
0
0
0
0
0
0
0
0
0
0
0
0
0
0
0
0
0
0
0
0
0
0
0
0
0
0
0
0
0
0
0
0
0
0
0
0
0
0
0
0
0
0
0
0
0
0
0
0
0
0
0
0
0
0
0
0
0
0
0
0
0
0
0
0
0
0
0
0
0
0
0
0
0
0
0
0
0
0
0
0
0
0
0
0
0
0
0
0
0
0
0
0
0
0
0
0
0
0
0
0
0
0
0
0
0
0
0
0
0
0
0
0
0
0
0
0
0
0
0
0
0
0
0
0
0
0
0
0
0
0
0
0
0
0
0
0
0
0
0
0
0
0
0
0
0
0
0
0
0
0
0
0
0
0
0
0
0
0
0
0
0
0
0
0
0
0
0
0
0
0
0
0
0
0
0
0
0
0
0
0
0
0
0
0
0
0
0
0
0
0
0
0
0
0
0
0
0
0
0
0
0
0
0
0
0
0
0
0
0
0
0
0
0
0
0
0
0
0
0
0
0
0
0
0
0
0
0
0
0
0
0
0
0
0
0
0
0
0
0
0
0
0
0
0
0
0
0
0
0
0
0
0
0
0
0
0
0
0
0
0
1
1
1
1
1
1
1
1
1
1
1
1
1
1
1
1
1
1
1
1
1
1
1
1
1
1
1
1
1
1
1
1
1
1
1
1
1
1
1
1
1
1
1
1
1
1
1
1
1
1
1
1
1
1
1
1
1
1
1
1
1
1
1
1
1
1
1
1
1
1
1
1
1
1
1
1
1
1
1
1
1
1
1
1
1
1
1
1
1
1
1
1
1
1
1
1
1
1
1
1
1
1
1
1
1
1
1
1
1
1
1
1
1
1
1
1
1
1
1
1
1
1
1
1
1
1
1
1
1
1
1
1
1
1
1
1
1
1
1
1
1
1
1
1
1
1
1
1
1
1
1
1
1
1
1
1
1
1
1
1
1
1
1
1
1
1
1
1
1
1
1
1
1
1
1
1
1
1
1
1
1
1
1
1
1
1
1
1
1
1
1
1
1
1
1
1
1
1
1
1
)
;
        value           nonuniform List<scalar> 
800
(
155.991
156.043
155.691
155.362
155.199
155.191
155.297
155.464
155.62
155.703
155.646
155.336
154.605
153.297
151.373
148.99
146.526
144.46
143.142
142.554
210.816
210.869
208.689
206.004
204.016
203.217
203.54
204.696
206.169
207.232
207.063
204.743
199.441
190.872
179.676
167.468
156.45
148.509
144.212
142.643
335.896
337.311
332.461
325.073
318.582
315.259
315.812
319.476
324.087
326.357
322.938
311.077
289.637
260.137
226.692
194.848
169.613
153.465
145.526
142.824
543.536
550.422
545.197
533.562
521.728
514.782
515.073
521.047
527.091
524.635
506.124
467.659
411.048
344.139
277.718
221.613
181.535
157.872
146.844
143.271
823.327
842.717
843.572
832.749
818.482
808.223
805.661
807.646
804.117
780.186
725.175
638.151
529.471
417.041
317.468
240.993
190.14
161.427
148.366
144.541
1148.48
1189.09
1205.34
1203.68
1192.13
1178.29
1165.66
1148.72
1114.32
1044.43
930.196
779.688
615.438
463.755
341.144
252.978
196.557
165.172
151.473
149.979
1487.86
1557.98
1598.98
1614.63
1609.67
1588.63
1553.41
1496.7
1406.52
1268.63
1082.89
870.088
662.575
487.809
355.115
262.589
203.219
168.963
152.291
145.843
1817.78
1923.9
1996.76
2035.02
2036.89
2001.79
1929.09
1812.43
1646.86
1431.24
1178.73
920.686
690.893
508.633
373.487
277.95
214.3
175.06
154.438
145.282
2132.74
2281.74
2392.54
2456.63
2462.84
2404.47
2281.38
2088.85
1837.13
1550.29
1251.94
975.765
745.411
561.731
420.733
315.834
239.196
188.214
159.889
146.113
2453.96
2659.01
2820.05
2912.26
2914.85
2814.62
2620.77
2353.39
2037.62
1694.4
1376.94
1103.97
871.926
693.899
544.865
410.727
297.381
216.097
168.62
147.411
2849.35
3137.21
3358.86
3463.01
3425.64
3273.31
3025.17
2672.64
2273.63
1900.94
1603.35
1374.75
1177.57
981.66
782.877
605.693
433.34
280.262
187.165
149.39
3429.38
3840.11
4122.14
4198.89
4092.63
3844.73
3476.02
3039.58
2593.11
2222.18
1980.02
1826.6
1679.27
1495.76
1271.84
997.8
704.089
436.078
262.925
191.59
4294.07
4866.27
5201.91
5186.67
4937.6
4553.49
4062.36
3527.59
3067.45
2738.45
2584.48
2534.27
2471.73
2326.99
2028.66
1613.08
1138.14
681.151
405.082
450.205
5493.26
6244.14
6595.27
6456.97
6039.52
5481.62
4846.8
4248.77
3801.29
3562.5
3519.28
3582.87
3623.11
3488.26
3085.51
2439.56
1665.16
923.415
430.214
254.283
6978.69
7869.16
8194.22
7933.85
7351.12
6643.69
5902.66
5282.59
4877.27
4744.89
4832.82
5011.83
5100.06
4883.7
4279.54
3334.31
2261.62
1311.4
802.852
818.412
8597.11
9546.5
9816.43
9480.71
8824.02
8068.13
7305.82
6723.58
6395.11
6372.62
6559.62
6758.39
6732.99
6264.41
5330.49
4036.06
2680.71
1528.71
864.713
656.929
10133.9
11054.7
11274.3
10944
10333.3
9656
8980.8
8504.84
8268.31
8298.29
8443.71
8464.71
8127.51
7268.04
5948.89
4335.2
2791.53
1559.7
873.919
615.539
11370.4
12210.4
12401.5
12129.5
11633
11085.9
10560.6
10206.1
10021.9
9988.43
9923.04
9598.46
8841.47
7586.9
5973.57
4213.16
2643.48
1469.04
816.944
502.888
12113.8
12861.1
13064.2
12904.7
12568.4
12181.2
11800.8
11513.8
11289.3
11070.2
10685.4
9967.45
8827.61
7296.68
5553.2
3820.33
2368.54
1333.35
740.835
406.991
12209.9
12854.7
13072.4
13013
12804.6
12529.9
12224.8
11925.7
11588.5
11143.4
10462.2
9451.46
8096.17
6489.38
4810.41
3258.48
2019.16
1157.56
640.621
329.529
621.825
790.041
837.911
882.555
963.417
1093.33
1273.69
1503.77
1790.11
2096.71
2364.46
2540.55
2664.39
2692.59
2601.6
2551.96
2314.83
2000.29
1661.44
1329.74
653.279
976.748
1091.26
1116.15
1133.43
1187.63
1298.88
1478.02
1741.52
2079.85
2460.77
2805.78
3068.13
3190.72
3183.54
3166.39
3060.97
2823.69
2432.58
1905.47
559.677
972.259
1229.36
1337.93
1367.76
1385.63
1437.5
1553.32
1760.99
2072.92
2494.93
2968.56
3421.04
3757.73
3968.22
4160.46
4297.09
4243.47
3802.9
2980.89
425.487
840.402
1204.53
1437.46
1551.51
1599.22
1636.59
1710.2
1861.5
2122.87
2525.83
3067.09
3682.15
4270.51
4808.38
5361.87
5821.16
5986.61
5552.67
4497.9
322.652
672.393
1067.33
1396.96
1618.17
1745.17
1820.4
1893.16
2013.17
2228.13
2596.98
3160.35
3889.72
4735.14
5618.29
6561.03
7367.29
7818.38
7470.35
6300.97
253.076
518.912
884.24
1255.15
1561.94
1781.47
1928.91
2041.13
2165.57
2357.43
2699.74
3267.26
4082.05
5131.03
6419.42
7710.42
8822.36
9499.96
9286.7
8155.01
208.858
398.021
702.914
1064.58
1414.88
1709.2
1936.04
2111.61
2271.8
2470.6
2803.83
3387.1
4277.29
5486.32
6985.51
8594.07
9973.83
10819.9
10774.8
9825.09
181.769
310.515
547.647
867.744
1220.1
1556.23
1847.46
2089.95
2304.06
2539.1
2896.55
3511.66
4455.12
5757.92
7355.35
9057.59
10554.1
11545.6
11752.9
11112.4
165.557
250.503
425.902
690.325
1014.7
1358.73
1688.05
1985.35
2257.65
2540.14
2923.74
3538.91
4478.98
5782.12
7373.92
9063.54
10595
11707.2
12189.8
11914.8
155.991
210.816
335.896
543.536
823.327
1148.48
1487.86
1817.78
2132.74
2453.96
2849.35
3429.38
4294.07
5493.26
6978.69
8597.11
10133.9
11370.4
12113.8
12209.9
142.341
142.341
152.176
142.341
142.341
142.341
142.341
142.341
142.341
142.341
142.341
142.341
884.774
142.341
142.341
1024.08
1015.65
860.259
642.671
248.186
142.341
142.341
142.341
142.341
142.341
142.341
142.341
142.341
142.341
142.341
142.341
142.341
142.341
142.341
142.341
142.341
142.341
142.341
142.341
851.234
142.341
142.341
142.341
142.341
142.341
142.341
142.341
142.341
142.341
142.341
142.341
142.341
142.341
1247.36
142.341
2689.46
142.341
5867.03
142.341
970.047
142.341
142.341
142.341
142.341
142.341
142.341
142.341
142.341
142.341
142.341
142.341
142.341
142.341
142.341
1355.55
142.341
142.341
142.341
3756.24
805.195
142.341
142.341
142.341
142.341
142.341
142.341
142.341
142.341
142.341
142.341
142.341
142.341
142.341
142.341
142.341
142.341
142.341
4476.86
3559.96
639.992
142.341
142.341
142.341
142.341
142.341
142.341
142.341
142.341
142.341
142.341
142.341
142.341
142.341
142.341
3623.72
2448.89
142.341
142.341
142.341
423.855
142.341
142.341
142.341
142.341
142.341
142.341
142.341
142.341
142.341
142.341
142.341
142.341
142.341
142.341
142.341
142.341
142.341
142.341
1143.53
231.249
142.341
142.341
142.341
142.341
142.341
142.341
142.341
142.341
142.341
142.341
142.341
921.867
142.341
142.341
142.341
142.341
142.341
1486.62
335.192
158.525
142.341
142.341
142.341
142.341
142.341
142.341
142.341
142.341
142.341
142.341
142.341
142.341
142.341
142.341
2585.97
142.341
1631.01
388.457
171.322
144.057
142.341
142.341
142.341
143.062
146.035
160.9
142.341
142.341
142.341
142.341
142.341
142.341
941.808
142.341
1000.12
645.75
290.459
165.652
144.309
142.57
)
;
        emissivityMode  lookup;
        emissivity      uniform 1;
    }
    outlet
    {
        type            greyDiffusiveRadiation;
        refValue        uniform 0;
        refGradient     uniform 0;
        valueFraction   uniform 0;
        value           nonuniform List<scalar> 
200
(
1329.74
1395.11
1449.72
1498.68
1543.93
1585.12
1619.13
1643.19
1654.31
1650.9
1632.73
1601.31
1559.55
1510.8
1457.58
1399.09
1329.62
1233.61
1081.03
805.861
1905.47
2158.01
2376.74
2590.03
2776.26
2944.48
3030.33
3072.58
3073.99
3042.42
2976.76
2876.6
2738.19
2549.98
2311.1
2024.72
1745.56
1426.39
1099.5
809.97
2980.89
3598.52
4109.34
4546.71
4868.17
5118.63
5225.23
5261.49
5222.38
5133.77
4993.74
4795.28
4519.4
4135.02
3647.22
3050.98
2441.1
1799.3
1276.29
940.173
4497.9
5483.32
6259.8
6857.14
7263.02
7547.82
7638.23
7650.93
7560.22
7404.76
7164.04
6828.06
6375.19
5753.03
4974.2
4023.77
3069.45
2157.76
1526.7
1196.12
6300.97
7567.49
8510.87
9184.69
9621.05
9911.08
9965.58
9929.1
9774.14
9541.49
9197.19
8716.37
8061.39
7167.35
6056.73
4755.62
3520.77
2441.57
1773.72
1392.97
8155.01
9554.44
10537
11188.5
11589.7
11838.5
11851.7
11772.1
11537.5
11232.3
10802
10182.6
9300.67
8093.48
6667.9
5084.66
3641.99
2431.6
1638.45
1068.4
9825.09
11192.2
12087.7
12622.6
12911
13045.2
12978.5
12833.8
12549.4
12197.5
11688.2
10926.8
9835.09
8387.49
6736.73
4989.16
3439.4
2189.58
1368.38
801.759
11112.4
12306.1
13009.3
13351.9
13465.3
13434.5
13258.7
13029.8
12710.2
12322.3
11751.1
10885.1
9655.63
8082.05
6326.62
4549.39
3015.02
1835.54
1080.22
584.442
11914.8
12849.9
13311.2
13442.6
13378.5
13203
12943.1
12663.5
12330.7
11915.3
11288.2
10339.4
9022.77
7397.8
5636.74
3931.89
2512.38
1475.84
834.508
432.279
12209.9
12854.7
13072.4
13013
12804.6
12529.9
12224.8
11925.7
11588.5
11143.4
10462.2
9451.46
8096.17
6489.38
4810.41
3258.48
2019.16
1157.56
640.621
329.529
)
;
        emissivityMode  lookup;
        emissivity      uniform 1;
    }
    ground
    {
        type            greyDiffusiveRadiation;
        refValue        nonuniform List<scalar> 
160
(
191.605
319.813
400.53
442.277
438.134
423.147
395.09
385.411
397.613
453.344
453.355
397.622
385.421
395.102
423.156
438.137
442.272
400.514
319.795
191.594
142.825
143.416
144.014
145.553
147.345
153.979
160.398
178.246
187.34
186.74
186.74
187.34
178.247
160.399
153.98
147.345
145.554
144.014
143.416
142.824
142.41
142.506
142.864
144.174
149.629
154.637
155.084
154.075
152.96
152.371
152.371
152.959
154.075
155.084
154.638
149.63
144.174
142.865
142.506
142.41
142.423
142.654
143.996
145.419
145.425
145.11
144.817
144.722
144.782
144.872
144.872
144.782
144.722
144.817
145.11
145.425
145.419
143.996
142.653
142.423
142.469
142.736
143.154
143.283
143.324
143.347
143.37
143.398
143.416
143.419
143.419
143.416
143.398
143.37
143.347
143.324
143.283
143.154
142.736
142.469
142.538
142.733
142.855
142.895
142.923
142.949
142.978
143.002
143.018
143.03
143.03
143.018
143.002
142.978
142.949
142.923
142.895
142.855
142.733
142.538
142.614
142.74
142.778
142.79
142.798
142.804
142.807
142.809
142.81
142.81
142.81
142.81
142.809
142.807
142.804
142.798
142.79
142.778
142.74
142.614
142.668
142.694
142.683
142.668
142.653
142.639
142.628
142.618
142.612
142.609
142.609
142.612
142.618
142.628
142.639
142.653
142.668
142.683
142.694
142.668
)
;
        refGradient     uniform 0;
        valueFraction   uniform 1;
        value           nonuniform List<scalar> 
160
(
191.605
319.813
400.53
442.277
438.134
423.147
395.09
385.411
397.613
453.344
453.355
397.622
385.421
395.102
423.156
438.137
442.272
400.514
319.795
191.594
142.825
143.416
144.014
145.553
147.345
153.979
160.398
178.246
187.34
186.74
186.74
187.34
178.247
160.399
153.98
147.345
145.554
144.014
143.416
142.824
142.41
142.506
142.864
144.174
149.629
154.637
155.084
154.075
152.96
152.371
152.371
152.959
154.075
155.084
154.638
149.63
144.174
142.865
142.506
142.41
142.423
142.654
143.996
145.419
145.425
145.11
144.817
144.722
144.782
144.872
144.872
144.782
144.722
144.817
145.11
145.425
145.419
143.996
142.653
142.423
142.469
142.736
143.154
143.283
143.324
143.347
143.37
143.398
143.416
143.419
143.419
143.416
143.398
143.37
143.347
143.324
143.283
143.154
142.736
142.469
142.538
142.733
142.855
142.895
142.923
142.949
142.978
143.002
143.018
143.03
143.03
143.018
143.002
142.978
142.949
142.923
142.895
142.855
142.733
142.538
142.614
142.74
142.778
142.79
142.798
142.804
142.807
142.809
142.81
142.81
142.81
142.81
142.809
142.807
142.804
142.798
142.79
142.778
142.74
142.614
142.668
142.694
142.683
142.668
142.653
142.639
142.628
142.618
142.612
142.609
142.609
142.612
142.618
142.628
142.639
142.653
142.668
142.683
142.694
142.668
)
;
        emissivityMode  lookup;
        emissivity      uniform 1;
    }
    inlet
    {
        type            greyDiffusiveRadiation;
        refValue        uniform 142.341;
        refGradient     uniform 0;
        valueFraction   uniform 1;
        value           uniform 142.341;
        emissivityMode  lookup;
        emissivity      uniform 1;
    }
    region0_to_pyrolysisRegion_coupledWall
    {
        type            greyDiffusiveRadiation;
        refValue        nonuniform List<scalar> 
400
(
581.108
837.034
1051.87
1181.66
1176.72
1127.35
1064.69
1017.31
962.499
943.254
943.368
962.524
1017.35
1064.6
1127.2
1176.58
1181.49
1051.76
837.004
581.077
615.081
734.148
939.024
1381.96
1655.24
1792.4
1717.74
1601.67
1474.59
1389.56
1389.42
1473.5
1601.32
1717.47
1792.15
1655.06
1381.81
938.934
734.158
615.09
681.515
742.932
838.647
1013.85
1305.94
1899.68
2141.45
2096.03
1901.33
1754.24
1753.95
1899.48
2095.41
2141.08
1899.37
1305.73
1013.67
838.56
742.991
681.57
792.898
829.759
883.584
980.279
1147.04
1483.1
2116.21
2380.43
2324.35
2111.65
2111.4
2322.64
2379.79
2115.74
1482.72
1146.81
980.124
883.535
829.864
792.991
944.376
970.182
1002.95
1065.47
1181.68
1388.69
1790.62
2427.25
2622.26
2458.77
2458.62
2620.84
2426.69
1790.07
1388.39
1181.48
1065.38
1002.95
970.323
944.497
1134.47
1162.09
1189.36
1240.66
1341.29
1512.37
1797.25
2381.38
2860.04
2839.47
2839.45
2858.87
2380.81
1796.8
1512.15
1341.15
1240.63
1189.41
1162.24
1134.6
1356.63
1405.14
1451.69
1510.53
1615.07
1785.64
2045.94
2548.59
3178.26
3268.98
3269.1
3177.5
2548.18
2045.61
1785.5
1614.99
1510.54
1451.77
1405.28
1356.77
1599.16
1707.03
1839.15
1917.96
2018.66
2194.98
2466.73
2980.17
3624.19
3769.15
3769.35
3623.76
2979.9
2466.54
2194.93
2018.64
1918.03
1839.25
1707.14
1599.32
1848.42
2097.64
2477.25
2503.91
2568.53
2741.34
3041.47
3622.3
4171.99
4323.42
4323.68
4171.88
3622.14
3041.42
2741.4
2568.62
2504.11
2477.45
2097.7
1848.59
2046.58
2472
3060.7
3201.8
3256.53
3439.52
3789.48
4319.5
4705.02
4813.35
4813.63
4705.18
4319.63
3789.57
3439.71
3256.8
3202.22
3060.96
2472
2046.74
2142.11
2647.39
3288.36
3833.43
4148.03
4388.77
4676.81
4969.36
5168.16
5205.66
5205.94
5168.49
4969.71
4677.15
4389.1
4148.44
3833.61
3288.26
2647.32
2142.18
2173
2705.54
3252
3748.68
4244.3
4719.72
5083.61
5321.28
5439.36
5450.96
5451.19
5439.71
5321.63
5083.87
4719.76
4244.3
3748.66
3251.94
2705.4
2172.95
2260.6
2802.28
3293.54
3702.23
4072
4386.08
4627.56
4816.43
4941.16
4990.25
4990.33
4941.3
4816.61
4627.75
4386.2
4072.1
3702.29
3293.49
2802.1
2260.46
2274.25
2776.88
3251.75
3638.72
3984.95
4262.98
4458.48
4594.43
4675.55
4707.52
4707.6
4675.74
4594.66
4458.72
4263.16
3985.1
3638.82
3251.74
2776.66
2274.09
2139.95
2646.81
3056.91
3394.02
3710.39
3990.77
4203.15
4352.61
4441.02
4479.29
4479.37
4441.2
4352.85
4203.4
3990.97
3710.53
3394.1
3056.88
2646.63
2139.82
2252.72
2513.9
2700.52
2891.01
3103.56
3332.95
3531.24
3686.37
3783.63
3830.86
3830.92
3783.81
3686.61
3531.48
3333.15
3103.68
2891.05
2700.47
2513.76
2252.56
1961.29
2168.13
2304.99
2433.86
2577.21
2734.32
2881.1
3003.37
3086.74
3129.11
3129.16
3086.87
3003.54
2881.28
2734.48
2577.32
2433.94
2305.06
2168.23
1961.42
1646.29
1795.83
1900.23
1990.09
2082.73
2182.37
2279.05
2363.02
2423.2
2454.7
2454.72
2423.27
2363.11
2279.16
2182.48
2082.85
1990.23
1900.4
1796.04
1646.52
1339.59
1427.36
1493.33
1547.49
1598.67
1651.34
1703.07
1749.23
1783.43
1801.7
1801.7
1783.45
1749.25
1703.11
1651.41
1598.79
1547.66
1493.57
1427.66
1339.89
1054.98
1096.03
1128.92
1154.98
1177
1197.79
1217.86
1236.12
1250.03
1257.6
1257.59
1250
1236.09
1217.84
1197.8
1177.09
1155.14
1129.17
1096.33
1055.31
)
;
        refGradient     uniform 0;
        valueFraction   uniform 1;
        value           nonuniform List<scalar> 
400
(
581.108
837.034
1051.87
1181.66
1176.72
1127.35
1064.69
1017.31
962.499
943.254
943.368
962.524
1017.35
1064.6
1127.2
1176.58
1181.49
1051.76
837.004
581.077
615.081
734.148
939.024
1381.96
1655.24
1792.4
1717.74
1601.67
1474.59
1389.56
1389.42
1473.5
1601.32
1717.47
1792.15
1655.06
1381.81
938.934
734.158
615.09
681.515
742.932
838.647
1013.85
1305.94
1899.68
2141.45
2096.03
1901.33
1754.24
1753.95
1899.48
2095.41
2141.08
1899.37
1305.73
1013.67
838.56
742.991
681.57
792.898
829.759
883.584
980.279
1147.04
1483.1
2116.21
2380.43
2324.35
2111.65
2111.4
2322.64
2379.79
2115.74
1482.72
1146.81
980.124
883.535
829.864
792.991
944.376
970.182
1002.95
1065.47
1181.68
1388.69
1790.62
2427.25
2622.26
2458.77
2458.62
2620.84
2426.69
1790.07
1388.39
1181.48
1065.38
1002.95
970.323
944.497
1134.47
1162.09
1189.36
1240.66
1341.29
1512.37
1797.25
2381.38
2860.04
2839.47
2839.45
2858.87
2380.81
1796.8
1512.15
1341.15
1240.63
1189.41
1162.24
1134.6
1356.63
1405.14
1451.69
1510.53
1615.07
1785.64
2045.94
2548.59
3178.26
3268.98
3269.1
3177.5
2548.18
2045.61
1785.5
1614.99
1510.54
1451.77
1405.28
1356.77
1599.16
1707.03
1839.15
1917.96
2018.66
2194.98
2466.73
2980.17
3624.19
3769.15
3769.35
3623.76
2979.9
2466.54
2194.93
2018.64
1918.03
1839.25
1707.14
1599.32
1848.42
2097.64
2477.25
2503.91
2568.53
2741.34
3041.47
3622.3
4171.99
4323.42
4323.68
4171.88
3622.14
3041.42
2741.4
2568.62
2504.11
2477.45
2097.7
1848.59
2046.58
2472
3060.7
3201.8
3256.53
3439.52
3789.48
4319.5
4705.02
4813.35
4813.63
4705.18
4319.63
3789.57
3439.71
3256.8
3202.22
3060.96
2472
2046.74
2142.11
2647.39
3288.36
3833.43
4148.03
4388.77
4676.81
4969.36
5168.16
5205.66
5205.94
5168.49
4969.71
4677.15
4389.1
4148.44
3833.61
3288.26
2647.32
2142.18
2173
2705.54
3252
3748.68
4244.3
4719.72
5083.61
5321.28
5439.36
5450.96
5451.19
5439.71
5321.63
5083.87
4719.76
4244.3
3748.66
3251.94
2705.4
2172.95
2260.6
2802.28
3293.54
3702.23
4072
4386.08
4627.56
4816.43
4941.16
4990.25
4990.33
4941.3
4816.61
4627.75
4386.2
4072.1
3702.29
3293.49
2802.1
2260.46
2274.25
2776.88
3251.75
3638.72
3984.95
4262.98
4458.48
4594.43
4675.55
4707.52
4707.6
4675.74
4594.66
4458.72
4263.16
3985.1
3638.82
3251.74
2776.66
2274.09
2139.95
2646.81
3056.91
3394.02
3710.39
3990.77
4203.15
4352.61
4441.02
4479.29
4479.37
4441.2
4352.85
4203.4
3990.97
3710.53
3394.1
3056.88
2646.63
2139.82
2252.72
2513.9
2700.52
2891.01
3103.56
3332.95
3531.24
3686.37
3783.63
3830.86
3830.92
3783.81
3686.61
3531.48
3333.15
3103.68
2891.05
2700.47
2513.76
2252.56
1961.29
2168.13
2304.99
2433.86
2577.21
2734.32
2881.1
3003.37
3086.74
3129.11
3129.16
3086.87
3003.54
2881.28
2734.48
2577.32
2433.94
2305.06
2168.23
1961.42
1646.29
1795.83
1900.23
1990.09
2082.73
2182.37
2279.05
2363.02
2423.2
2454.7
2454.72
2423.27
2363.11
2279.16
2182.48
2082.85
1990.23
1900.4
1796.04
1646.52
1339.59
1427.36
1493.33
1547.49
1598.67
1651.34
1703.07
1749.23
1783.43
1801.7
1801.7
1783.45
1749.25
1703.11
1651.41
1598.79
1547.66
1493.57
1427.66
1339.89
1054.98
1096.03
1128.92
1154.98
1177
1197.79
1217.86
1236.12
1250.03
1257.6
1257.59
1250
1236.09
1217.84
1197.8
1177.09
1155.14
1129.17
1096.33
1055.31
)
;
        emissivityMode  solidRadiation;
        emissivity      uniform 0;
    }
}


// ************************************************************************* //
