/*--------------------------------*- C++ -*----------------------------------*\
  =========                 |
  \\      /  F ield         | OpenFOAM: The Open Source CFD Toolbox
   \\    /   O peration     | Website:  https://openfoam.org
    \\  /    A nd           | Version:  7
     \\/     M anipulation  |
\*---------------------------------------------------------------------------*/
FoamFile
{
    version     2.0;
    format      ascii;
    class       volScalarField;
    location    "1";
    object      ILambda_8_0;
}
// * * * * * * * * * * * * * * * * * * * * * * * * * * * * * * * * * * * * * //

dimensions      [1 0 -3 0 0 0 0];

internalField   nonuniform List<scalar> 
4000
(
241.48
179.851
148.122
143.211
142.475
142.363
142.345
142.343
142.343
142.362
553.006
445.892
190.204
149.836
143.537
142.539
142.38
142.354
142.35
142.409
946.622
777.237
274.221
167.413
146.952
143.195
142.515
142.391
142.37
142.481
1315.1
1124.41
402.87
201.374
154.775
144.905
142.894
142.495
142.42
142.584
1608.1
1493.24
574.309
256.005
169.416
148.504
143.769
142.747
142.544
142.736
1799.46
1850.43
781.129
334.016
193.371
155.094
145.535
143.3
142.824
142.994
1955.2
2195.33
1017.59
437.155
229.146
166.039
148.767
144.404
143.409
143.464
2085.08
2486.44
1268.49
564.32
278.796
182.873
154.232
146.44
144.539
144.334
2168.1
2704.69
1514.22
710.636
343.331
207.13
162.886
149.948
146.578
145.895
2240.88
2875.36
1745.02
870.198
422.662
240.165
175.828
155.639
150.033
148.567
2308.14
3012.68
1957.01
1037.73
515.968
283.089
194.25
164.391
155.568
152.915
2381.51
3139.53
2155.56
1210.93
622.528
336.882
219.432
177.25
164.014
159.657
2494.22
3327.85
2367.9
1395.06
743.358
402.797
252.779
195.415
176.356
169.662
2615.35
3609.22
2621.8
1600.51
881.733
482.755
295.964
220.287
193.749
183.951
2776.53
3946.13
2922.24
1834.8
1041.46
579.102
350.873
253.419
217.476
203.66
3047.22
4328.55
3259.49
2098.47
1224.93
694.15
419.572
296.556
248.985
230.056
3308.51
4692.66
3602.36
2381.94
1430.92
829.149
503.887
351.446
289.776
264.462
3391.21
4930.02
3897.31
2665.08
1653.77
983.803
605.244
419.827
341.442
308.289
3182.2
4883.48
4086.37
2922.08
1883.64
1155.69
724.165
503.12
405.479
362.916
2703.22
4467.47
4132.49
3130.05
2109.13
1340.83
860.383
602.473
483.351
429.746
223.568
158.027
145.017
142.799
142.421
142.356
142.345
142.344
142.345
142.426
348.543
220.287
156.832
145.032
142.854
142.445
142.374
142.362
142.36
142.569
694.999
567.992
214.6
154.974
144.675
142.817
142.478
142.411
142.402
142.748
1287.58
1177.27
343.217
180.435
149.763
143.919
142.764
142.539
142.51
142.967
1901.37
1705.07
523.497
226.115
160.417
146.448
143.456
142.851
142.767
143.282
2269.62
2162.94
746.821
296.265
179.43
151.458
144.948
143.55
143.335
143.827
2451.39
2610.49
1008.88
394.29
209.873
160.393
147.865
144.984
144.488
144.842
2611.06
2900.48
1282.38
519.219
254.429
175.022
153.106
147.693
146.656
146.709
2737.17
3020.16
1534.3
664.251
314.503
197.189
161.829
152.43
150.449
149.981
2824.27
3111.06
1761.69
822.863
390.38
228.649
175.418
160.18
156.677
155.397
2916.42
3197.92
1968.58
990.342
481.686
270.955
195.405
172.128
166.341
163.884
3051.44
3334.9
2176.16
1168.22
588.902
325.733
223.498
189.671
180.624
176.548
3219.22
3721.43
2446.22
1370.79
715.545
395.195
261.609
214.37
200.856
194.636
3413.47
4314.63
2806.34
1612.59
867.015
482.295
311.985
248.011
228.521
219.52
3753.35
4898.71
3222.69
1894.63
1046.81
589.916
376.98
292.49
265.186
252.636
4149.19
5453.59
3643.77
2203.6
1254.14
720.036
458.903
349.823
312.528
295.485
4185.41
5787.53
3997.01
2514.07
1482.78
872.693
559.48
421.894
372.193
349.544
3740.96
5538.7
4196.65
2794.76
1722.27
1045.98
679.763
510.442
445.836
416.291
3097.89
4921.75
4229.69
3022.86
1960.79
1236.15
819.786
616.767
534.926
497.092
2541.24
4318.04
4145.47
3190.88
2188.38
1438.64
978.832
741.829
640.828
593.263
227.578
157.139
144.931
142.8
142.424
142.357
142.346
142.348
142.35
142.709
310.035
184.41
151.938
144.438
142.791
142.443
142.385
142.389
142.392
143.092
410.824
229.929
165.816
148.267
143.798
142.718
142.515
142.494
142.506
143.455
615.105
404.143
203.922
157.519
146.243
143.462
142.84
142.752
142.789
143.859
1346.02
1026.66
324.255
182.447
152.247
145.279
143.615
143.364
143.442
144.488
1965.9
1753.57
538.862
233.488
165.135
149.211
145.336
144.704
144.821
145.679
2338.24
2439.06
814.215
316.127
188.76
156.852
148.817
147.379
147.49
147.964
2619.86
2960.64
1122.39
432.485
227.085
170.365
155.241
152.266
152.256
152.106
2837.44
3063.86
1397.71
574.084
282.586
192.115
166.129
160.512
160.176
159.114
3010.84
3097.63
1639.1
733.377
356.268
224.47
183.302
173.526
172.535
170.232
3173.19
3171.76
1862.57
906.314
448.51
269.662
208.761
192.91
190.785
186.898
3367.22
3434.01
2118.8
1100.51
561.554
330.178
244.732
220.458
216.519
210.687
3619.39
4195.97
2501.01
1338.19
701.266
409.167
293.646
258.086
251.391
243.238
3918.46
5024.01
2979.98
1626.63
873.036
510.179
358.203
307.883
297.133
286.215
4268.42
5634.76
3458.4
1949.67
1076.9
635.783
440.951
371.937
355.45
341.223
4339.2
5805.93
3820.27
2275.06
1306.79
786.79
544.089
452.334
428.059
409.816
3694.54
5330.9
4006.05
2570.99
1552.4
961.812
668.972
550.871
516.539
493.402
3064.57
4740.14
4049.64
2820.43
1803.05
1158.02
816.215
669.109
622.396
593.3
2552.46
4202.23
3998
3018.64
2049.68
1371.49
985.514
808.12
746.89
710.635
2145.02
3727.53
3885.95
3167.67
2285.57
1597.93
1175.95
968.639
891.139
846.434
228.685
157.888
145.153
142.853
142.435
142.359
142.346
142.354
142.366
143.959
313.777
186.564
152.784
144.692
142.858
142.462
142.397
142.455
142.495
144.592
402.662
227.096
166.731
148.854
144.017
142.804
142.588
142.721
142.818
145.05
505.008
281.027
188.593
156.556
146.561
143.741
143.191
143.379
143.602
145.65
658.31
386.879
225.796
170.047
151.574
145.941
144.646
144.91
145.339
146.914
1275.43
939.924
340.064
199.595
161.651
150.612
147.795
148.115
148.822
149.611
1908.27
1744.24
575.1
260.324
181.247
159.53
153.884
154.15
155.193
154.815
2425.92
2598.43
899.83
362.195
216.037
175.328
164.606
164.492
165.923
163.931
2789.37
2906.32
1212.67
499.477
270.285
201.06
181.994
180.876
182.743
178.658
3038.1
2992.67
1486.52
662.443
346.492
239.959
208.401
205.211
207.527
200.908
3268.25
3130.88
1751.33
847.959
445.914
294.894
246.309
239.478
242.17
232.684
3574.88
3640.04
2099.94
1071.39
572.811
369.121
298.374
285.747
288.532
275.967
3948.01
4676.75
2599.75
1352.56
734.057
466.507
367.351
346.089
348.376
332.615
4238.57
5372.66
3114.78
1678.48
931.722
590.403
456.075
422.649
423.397
404.324
4209.54
5494.94
3501.12
2014.98
1161.02
742.337
566.91
517.42
515.132
492.556
3596.99
5031.13
3723.34
2332.48
1413.19
921.936
701.635
632.271
625.026
598.577
3048.39
4551.74
3825.7
2615.82
1678.74
1127.28
861.173
768.689
754.31
723.405
2596.99
4115.24
3845.26
2859.33
1949.19
1355.36
1045.79
927.903
904.108
867.905
2232.85
3725.99
3809.03
3062.81
2217.62
1602.46
1255.06
1110.71
1075.31
1032.73
1941.92
3383.31
3736.45
3228.63
2478.59
1864.44
1487.85
1317.62
1268.68
1218.45
242.918
160.698
145.701
142.959
142.456
142.364
142.348
142.362
142.402
147.447
337.175
193.963
154.757
145.181
142.982
142.504
142.419
142.565
142.786
147.636
428.641
239.702
171.182
150.255
144.474
143.019
142.747
143.245
143.711
147.688
523.81
297.024
196.505
159.79
147.948
144.576
143.997
145.068
145.892
148.598
634.054
367.842
232.626
175.86
155.012
148.446
147.317
149.162
150.479
151.487
806.646
476.57
285.059
201.349
167.956
156.534
154.36
157.207
159.132
157.832
1454.57
1049.08
421.745
247.957
190.459
171.269
167.221
171.325
173.994
169.556
2130.61
2005.76
714.925
337.472
229.197
195.606
188.177
193.827
197.501
188.976
2692.15
2762.66
1075.44
475.199
290.533
233.282
219.819
227.041
232.142
218.648
3036.08
2912.44
1387.56
647.935
378.298
288.261
264.935
273.129
280.214
261.146
3354.07
3146.35
1706.36
854.582
495.015
363.651
326.196
334.072
343.671
318.831
3794.51
4049.94
2171.59
1117.5
646.768
463.074
406.322
411.803
424.163
393.726
4166.69
4967.72
2722.48
1439.25
838.646
590.553
507.996
508.142
523.068
487.451
4228.34
5203.5
3166.24
1787.5
1068.39
748.663
633.751
624.931
641.589
601.241
3690.32
4852.65
3462.18
2132.86
1329.24
937.743
785.299
763.722
780.671
735.932
3186.66
4492.52
3651.45
2458.98
1612.88
1156.95
963.897
925.903
941.157
892.086
2766.67
4156.17
3762.43
2757.38
1911.11
1404.15
1170.08
1112.47
1123.69
1070
2424.02
3848.37
3815.9
3024.22
2216.4
1676.24
1403.99
1324.28
1328.88
1269.86
2148.01
3570.85
3827.79
3258.7
2522.35
1969.41
1665.07
1562.03
1557.22
1491.75
1926.86
3323.04
3809.49
3461.15
2823.21
2279.24
1951.88
1826.12
1809.13
1735.67
264.631
164.82
146.483
143.112
142.489
142.376
142.355
142.419
142.473
154.424
375.775
205.173
157.639
145.913
143.193
142.609
142.509
142.906
143.473
150.983
479.065
260.22
178.061
152.513
145.356
143.603
143.33
144.636
146.114
150.182
581.06
328.842
210.214
165.597
150.93
146.906
146.464
149.67
152.114
152.787
691.097
411.618
256.66
188.671
162.979
155.179
154.644
160.572
163.885
160.345
823.992
511.987
319.998
225.199
185.139
171.808
171.251
180.457
184.563
175.253
1099.58
685.766
410.552
279.086
220.77
200.309
199.295
212.656
217.702
200.595
1829.2
1492.65
640.988
369.92
275.442
243.669
241.522
260.11
266.712
239.787
2542.85
2479.95
1010.6
516.399
356.81
305.725
300.56
325.072
334.37
296.152
3038.37
2819.54
1367
709.314
469.797
390.481
378.992
408.98
422.555
372.522
3476.76
3246.97
1760.86
950.419
618.157
500.977
478.932
513.013
532.296
470.953
3974.53
4316.66
2312.76
1259.64
808.224
640.625
602.555
638.447
664.209
592.751
4239.97
4946
2858.51
1620.03
1041.85
812.654
752.124
786.43
818.733
738.596
3895.59
4778.65
3252.3
1996.46
1314.63
1018.6
929.497
958.21
996.11
908.636
3444.71
4549.59
3546.73
2370.11
1619.45
1257.82
1135.52
1154.68
1196.35
1102.58
3053.63
4320.54
3763.12
2728.58
1948.37
1529.36
1370.71
1376.61
1419.53
1319.99
2725.39
4097.99
3917.22
3064.19
2293.58
1831
1635.7
1624.53
1665.72
1560.3
2455.28
3885.93
4021.08
3372.11
2647.42
2159.43
1930.74
1899.27
1935.07
1823.04
2236.15
3687.47
4084.79
3649.8
3002.9
2510.41
2255.09
2201.89
2227.93
2107.86
2058.66
3503.48
4115.62
3895.38
3353.17
2878.74
2606.79
2532.61
2544.65
2414.25
294.583
170.377
147.537
143.331
142.545
142.409
142.381
142.67
142.723
142.992
430.851
220.603
161.655
147.054
143.624
142.928
142.816
144.201
145.308
145.132
555.744
290.035
188.424
156.458
147.365
145.382
145.296
149.277
152.517
149.952
677.31
378.611
232.838
176.959
158.209
153.806
154.144
163.012
168.275
160.24
804.289
486.216
298.948
214.755
182.246
173.593
175.118
190.908
196.929
179.556
947.812
613.117
388.249
273.754
224.288
209.834
213.924
237.719
243.528
212.24
1135.54
768.369
502.684
355.929
287.716
266.512
273.731
307.257
312.926
263.076
1697.37
1175.31
684.382
469.08
375.505
345.981
356.19
401.44
408.581
336.522
2509.15
2233.13
1071.1
643.342
494.808
450.602
462.06
520.578
531.81
436.012
3140.11
2872.68
1489.21
874.912
651.018
583.574
592.709
663.14
682.155
563.576
3683.76
3550.95
1977.25
1167.7
848.103
746.94
749.334
828.602
858.422
719.766
4201.14
4577.11
2601.43
1533.9
1091.34
943.14
933.363
1017.89
1059.65
904.17
4256.2
4805.85
3113.74
1939.44
1379.69
1174.39
1146.33
1231.84
1285.18
1115.85
3872.44
4737.57
3525.3
2360.4
1708.15
1441.06
1389.02
1471.41
1534.12
1353.37
3504.96
4629.06
3857.2
2780.33
2069.61
1742.53
1661.61
1736.65
1805.44
1615.09
3180.62
4496.68
4119.47
3186.69
2456.46
2078.15
1964.45
2027.87
2098.77
1899.7
2903.55
4350.59
4321.25
3570.73
2860.18
2445.77
2299.06
2345.65
2414.11
2206.14
2672.95
4198.68
4470.73
3926.24
3272.44
2841.63
2665.98
2691.5
2751.5
2533.59
2483.84
4046.62
4575.38
4248.95
3684.96
3260.63
3064.16
3066.97
3111.65
2881.65
2327.49
3896.56
4640.37
4535.01
4089.12
3695.97
3490.46
3471.63
3494.99
3249.37
333.117
177.469
148.949
143.686
142.667
142.522
142.477
143.767
143.676
143.935
504.125
241
167.431
149.139
144.707
143.985
143.88
148.917
150.991
149.14
665.383
333.657
205.515
164.589
152.692
151.082
151.909
164.372
169.813
160.533
825.698
458.312
274.6
202.493
177.956
174.613
177.675
201.428
208.14
183.307
988.039
609.348
377.615
271.555
230.261
223.1
230.862
268.75
272.47
223.263
1161.45
780.649
510.833
372.533
313.387
301.101
317.365
371.184
369.605
286.576
1367.66
975.92
670.983
503.369
426.762
410.342
437.104
509.802
503.9
379.044
1799.01
1279.83
877.582
664.98
570.513
550.29
586.589
682.036
676.21
505.066
2685.79
2289.8
1291.11
888.26
748.576
720.538
762.939
881.1
881.592
666.423
3439.52
3180.14
1785.21
1176.09
965.922
921.892
965.451
1099.23
1116.12
862.65
4066.73
4060.48
2369.41
1533.55
1226.56
1154.8
1194.79
1337.99
1375.59
1091.19
4573.75
4974.09
3046.75
1964.17
1534.83
1420.74
1452.18
1602.02
1658.5
1349.2
4475.79
5106.8
3586.48
2429.4
1888.55
1721.41
1739.22
1891.44
1964.86
1634.05
4146.57
5113.72
4039.04
2908.7
2282.23
2057.77
2057.02
2206.77
2290.82
1942.55
3822.36
5064.89
4413.88
3385.24
2710.84
2430.98
2405.27
2547.89
2635.31
2272.24
3527.4
4977.98
4717.03
3847.01
3166.26
2841.7
2785.3
2915.03
2998.99
2621.8
3272.91
4867.89
4956.82
4284
3638.67
3287.33
3200.29
3309.6
3383.28
2990.67
3059.69
4743.54
5138.65
4687.31
4116.83
3761.74
3650.28
3733.56
3787.78
3378.23
2880.29
4609.54
5268.69
5051.18
4590.77
4258.35
4132.83
4188.23
4213.37
3784.14
2724.71
4466.39
5349.54
5369.38
5048.82
4766.91
4641.89
4671.15
4659.52
4206.52
380.129
186.263
151.027
144.427
142.999
142.95
142.831
148.551
146.883
146.432
598.427
268.073
176.794
153.878
147.855
147.554
147.565
165.436
166.871
158.847
827.11
404.14
238.562
184.355
168.071
169.186
173.854
211.071
212.36
184.051
1057.85
596.826
360.591
265.64
231.953
233.823
246.453
304.185
297.582
230.439
1273.7
816.404
529.774
398.375
347.298
347.523
372.17
452.017
429.624
306.133
1487.14
1044.43
725.59
570.818
507.998
506.607
548.667
653.348
612.039
417.091
1731.42
1291.59
945.325
771.357
701.339
703.628
767.16
902.28
846.873
569.563
2205.66
1645.46
1208.77
999.018
923.423
931.961
1013.52
1183.39
1127.26
766.135
3148.92
2630.03
1672.68
1287.24
1176.59
1188.37
1278.11
1474.65
1437.48
1005.61
3944.51
3696.93
2250.68
1641.46
1466.28
1471.76
1563.75
1767.54
1769.76
1282.01
4594.57
4715.01
2927.94
2070.16
1797.87
1782.34
1871.48
2074.98
2117.15
1588.43
5109.61
5563.07
3665.11
2572.12
2176.51
2122.45
2203.79
2412.28
2482.02
1920.31
5007.75
5738.07
4258.29
3103.32
2599.54
2494.69
2567.35
2781.71
2867.35
2273.47
4679.83
5774.91
4755.71
3645.01
3063.45
2903.81
2963.27
3178.08
3264.36
2644.58
4352.46
5741.85
5165.41
4182.97
3568.95
3356.59
3393.79
3600.68
3674.89
3031.93
4057.95
5670.31
5503.62
4706.95
4106.2
3856.19
3864.09
4052.85
4104.36
3436.31
3814.17
5579.4
5777.56
5203.99
4661.48
4397.82
4377.11
4535.67
4553.99
3857.51
3612.71
5468.85
5982.6
5652.86
5212.78
4965.64
4925.8
5048.24
5022.02
4295.62
3422.79
5331.92
6123.72
6049.53
5748.97
5549.19
5502.95
5586.11
5507
4749.58
3240.94
5168.28
6199.43
6384.71
6253.54
6131.56
6097.62
6144.21
6004.17
5214.85
436.339
197.534
155.016
146.44
144.026
144.645
144.101
169.363
155.558
154.214
721.818
306.175
195.315
166.085
157.647
160.079
159.646
219.108
199.883
182.565
1088.54
534.7
312.374
235.2
213.643
228.829
241.551
337.703
298.206
233.313
1424.31
841.096
538.852
415.252
373.109
397.312
427.115
540.564
467.164
317.732
1689.08
1145.09
809.903
662.401
610.463
639.298
692.178
823.676
707.259
444.358
1938.03
1422.28
1077.15
939.832
896.028
930.939
1013.97
1171.2
1009.56
617.123
2232.78
1724.12
1354.81
1217.79
1196.3
1248.37
1365.39
1557.21
1364.76
841.324
2815.97
2158.14
1679.66
1515.64
1505.16
1580.94
1718.37
1953.95
1768.96
1117.85
3808.85
3234.9
2222.84
1869.84
1837.42
1928.86
2071.76
2322.88
2215.19
1443.21
4600.87
4430.79
2894.84
2293.88
2198.53
2291.65
2433.84
2669.2
2642.95
1796.93
5233.53
5547.09
3666.76
2796.16
2598.4
2673.08
2808.58
3023.77
3063.44
2170.39
5748.78
6410.71
4476.46
3369.64
3044.59
3079.37
3202.42
3416.45
3497.89
2561.51
5686.63
6582.23
5110.96
3965.92
3531.65
3515.18
3629.43
3860.12
3923.75
2961.96
5349.4
6600.81
5631.37
4563.65
4070.1
3996.9
4104.59
4342.16
4372.35
3375.69
5009.43
6547.68
6058.51
5171.76
4669.41
4544.4
4631.41
4863.18
4846.62
3803.66
4716.55
6484.42
6430.31
5772.5
5314.57
5162.16
5218.3
5420.99
5340.04
4247.88
4508.13
6424.65
6747.01
6346.36
5981.72
5837.36
5866.16
6017.87
5853.99
4708.87
4345.07
6338.02
6973.75
6833.94
6611.92
6519.67
6539.43
6641.94
6383.01
5186.1
4102.45
6164.18
7103.82
7243.58
7199.81
7189.45
7213.49
7259.72
6914.74
5675
3843.36
5934.93
7138.48
7565.4
7725.09
7826.09
7878.03
7869.45
7442.11
6166.26
509.808
214.099
165.987
152.784
147.253
151.413
148.527
259.435
180.708
181.915
892.495
363.846
241.065
198.331
188.183
202.294
197.769
362.764
270.537
243.062
1474.39
753.305
493.128
355.858
341.077
407.874
426.744
604.642
448.551
330.526
1874.59
1185.97
879.512
714.295
687.262
771.924
826.605
971.395
735.085
461.502
2181.68
1540.74
1251.61
1131.63
1116.24
1215.92
1301.96
1425.89
1093.44
640.197
2487.87
1864.83
1568.34
1535.03
1569.53
1684.98
1803.9
1934.71
1521.86
875.414
2882.8
2241.83
1888.23
1884.32
1985.53
2134.25
2289.91
2466.23
2050.73
1176.11
3650.45
2804.02
2284.16
2235.54
2369.81
2558.44
2732.62
2956.14
2603.76
1531.7
4619.62
4016.11
2930.98
2652.74
2768.37
2979.06
3151.2
3364.84
3125.12
1918.76
5344.99
5377.66
3721.75
3149.47
3188.76
3399.62
3562.16
3734.2
3589.9
2320.73
5910.58
6574.77
4590.03
3725.16
3646.27
3830.6
3976.36
4107.45
4036.86
2729.94
6385.93
7376.92
5442.79
4360.4
4149.91
4284.19
4407.18
4525.64
4510.96
3149.2
6435.13
7483.69
6077.6
5003.43
4692.03
4769.11
4877.7
5030.35
5008.79
3581.29
6100.47
7445.45
6584.27
5655.08
5313.01
5328.53
5428.32
5605.35
5513.23
4020.12
5754.04
7361.1
7016.04
6346.64
6036.24
6000.29
6075.9
6234.96
6007.21
4466.56
5465.91
7301.8
7432.88
7043.79
6829.03
6785.32
6830.62
6933.89
6556.31
4932.43
5287.22
7309.37
7831.82
7714.4
7654.17
7654.73
7681.28
7695.24
7152.6
5422.44
5205.34
7273.03
8100.04
8232.67
8373.22
8496.47
8527.13
8468.41
7744.84
5925.65
4827.39
6991.11
8156.45
8618.62
8974.04
9215.04
9269.4
9143.13
8307.57
6432.06
4416.5
6627.14
8081.29
8873.55
9455.3
9838.99
9942.21
9741.75
8825.05
6923.61
644.159
243.108
203.718
174.334
155.626
177.529
162.668
651.441
235.198
288.275
1095.03
440.197
347.063
290.377
246.358
300.922
290.905
618.268
378.506
388.9
1704.72
940.428
761.515
639.172
598.21
750.582
790.893
974.913
647.332
499.967
2262.33
1482.72
1320.2
1246.1
1236.82
1427.96
1491.5
1524.22
1055.53
658.533
2684.68
1897.18
1754.66
1830.33
1917.7
2142.77
2219.71
2173.5
1566.71
879.104
3127.87
2333.24
2125.12
2340.95
2558.23
2802.18
2902.93
2854.27
2162.81
1168.16
3710.28
2860.25
2523.82
2753.6
3080.24
3363.67
3495.53
3501.61
2781.17
1513.82
4579.49
3611.6
3025.84
3158.31
3519.12
3845.19
3985.17
4041.09
3403.1
1906.15
5394.93
4916.59
3788.18
3640.2
3962.73
4303.47
4428.11
4456.32
3968.63
2324.11
5983.25
6263.09
4668.4
4211.07
4429.99
4751.05
4851.79
4821.4
4442.22
2742.89
6439.64
7389.27
5580.79
4850.12
4932.44
5204.59
5273.61
5189.15
4890.91
3158.66
6836.29
8119.34
6435.11
5527
5477.58
5682.89
5714.91
5611.13
5380.34
3579.19
7018.21
8206.49
7051
6205.45
6072.6
6206.26
6213.23
6156.9
5894.09
4005.01
6813.87
8156.44
7543.72
6911.8
6793.53
6854.86
6846.57
6826.74
6433.55
4443.19
6526.59
8090.1
7977.8
7690.12
7674.9
7688.02
7646.84
7598.8
7032.01
4904.8
6274.9
8052.71
8431.25
8493.29
8655.91
8703.79
8625
8470.98
7652.14
5383.77
6104.65
8113.63
8931.56
9295.87
9676.95
9828.8
9741.8
9422.17
8298.3
5881.04
5818.45
8019.98
9202.51
9851.04
10481.4
10834.9
10804.9
10360.2
8928.82
6386.42
5262.39
7556.17
9122.05
10137
11005
11515
11538.4
11019.7
9478.47
6878.58
4716
7020.48
8877.86
10232.5
11340.7
12019.9
12099.6
11502.8
9916.65
7328.67
1063.98
290.058
351.202
244.003
177.91
286.494
204.433
168.074
239.694
725.396
1343.04
504.387
592.668
476.55
349.832
560.872
454.198
391.516
465.141
664.567
1743.73
959.22
1111.16
1072.35
988.079
1356.88
1302.68
1092.04
859.173
717.384
2361.94
1577.57
1757.74
1908.9
1985.95
2409.46
2333.34
1957.62
1395.3
865.428
3087.82
2235.66
2301.66
2627.41
2956.9
3402.81
3316.02
2855.91
2009.63
1092.47
3808.57
2899.87
2791.41
3248.9
3782.52
4217.31
4144.28
3707.58
2709.57
1394.72
4539.71
3632.27
3330.17
3781.56
4410.91
4844.47
4796.85
4445.14
3426.22
1759.57
5261.44
4535.81
3982.27
4292.11
4907.03
5340.45
5297.22
5004.97
4060.6
2152.63
5863.08
5699.21
4858.85
4864.75
5390.89
5797.3
5730.01
5408.34
4621.29
2560.78
6306.15
6805.48
5779.09
5506.63
5891.38
6239.39
6136.39
5752.12
5079.07
2965
6665.3
7723.95
6675.92
6191.28
6423.37
6690.27
6542.85
6103.03
5513.7
3361.28
6994.18
8371.91
7493.46
6895.18
7004.92
7181.44
6983.57
6527.69
5996.38
3756.57
7232.93
8606.78
8075.9
7601.04
7663.74
7754.33
7516.37
7114.51
6515.61
4158.57
7298.12
8686.39
8553.9
8348.14
8500.11
8521.53
8247.82
7884.93
7120.81
4585.78
7199.88
8731.94
8996.62
9166.66
9546.33
9557.02
9230.81
8805.54
7756.63
5030.83
6946.42
8738.66
9470.05
10034
10722.3
10842.4
10465.2
9846.81
8401.23
5492.25
6472.79
8612.64
9929.86
10928.8
11904.5
12221.2
11838
10944.3
9072.86
5967.08
5815.99
8238.1
10112.2
11502.9
12741.6
13333.6
13068.7
11941.7
9683.17
6434.04
5187.1
7620.68
9881.74
11627.9
13082.4
13840.7
13658.6
12465
10134.3
6862.53
4637.73
6988
9445.85
11494
13158.5
14079.2
13965.3
12730.8
10406.4
7219.95
626.251
241.146
964.783
463.034
230.822
749.786
320.35
195.698
530.907
392.599
1122.27
469.615
1033.88
816.16
553.501
1232.32
738.273
520.703
848.769
591.401
1621.33
918.073
1581.48
1675.53
1597.06
2332.24
1885.71
1338.16
1232.76
765.315
2138.28
1548.53
2243.89
2667.66
2900.24
3614.94
3180.99
2325.85
1755.94
956.908
2749.7
2298.82
2948.24
3579.07
4108.15
4766.33
4333.88
3345.05
2376.49
1190.14
3515.49
3167.47
3662.82
4383.41
5118.16
5678.97
5253.73
4285.36
3075.93
1476.04
4344.62
4107.48
4402.27
5072.63
5876.65
6342.78
5936.85
5060.99
3761.16
1803.35
5061.89
5053.32
5210.71
5705.43
6460.07
6839.84
6431.64
5623.96
4374.03
2157.77
5622.78
6004.71
6158.75
6361.12
6989
7282.37
6841.66
6019.2
4888.66
2520.42
6045.27
6868
7054.55
7038.83
7502.41
7699.88
7219.91
6347.32
5336.47
2886.2
6384.14
7601.4
7891.06
7734
8044.8
8137.02
7608.66
6692.76
5763.27
3245.47
6668.05
8176.01
8657.55
8448.96
8667.94
8656.27
8065.84
7141.52
6220.26
3598.73
6861.29
8543.92
9202.29
9172.94
9408.25
9318.17
8672.1
7786.28
6755.13
3966.14
6890.31
8760.75
9657.44
9950.41
10354.3
10247.1
9546.38
8654.76
7364.02
4353.9
6644.47
8795.75
10077
10806.6
11528.5
11500.7
10730.1
9686.09
8013.49
4762.34
6176.08
8638.33
10449.4
11692.9
12817.4
12989.1
12167
10787
8631.38
5174.1
5651.87
8331.74
10716.7
12528.1
14063.5
14482.2
13663.4
11845.2
9204.41
5576.06
5169.74
7875.13
10819.8
13088.8
14921.6
15573.9
14844.9
12708.2
9659.09
5947.46
4727
7292.37
10445.9
12976.5
14944.7
15756.5
15124.9
13021.1
9941.62
6263.99
4304.69
6696.08
9821.7
12534.3
14599
15561.1
15029.6
12986.7
9991.52
6490.07
768.598
279.673
588.791
1059.58
326.458
2767.22
553.037
233.165
1793.6
1006.43
1321.81
579.881
1068.08
1270.98
787.901
2600.23
1066.94
610.75
1485.18
971.34
1834.8
1130.2
2011.97
2343.04
2166.64
3370.63
2253.33
1370.33
1504.09
958.278
2316.72
1815.78
2917.58
3523.24
3728.45
4502.63
3561.95
2284.82
1809.01
1010.5
2785.2
2595.39
3837.62
4670.2
5189.35
5706.79
4812.84
3261.53
2263.66
1128.55
3245.17
3418.68
4741.75
5680.8
6408.44
6742.2
5839.46
4219.99
2855.75
1318.17
3711.45
4275.07
5604.96
6515.77
7310.74
7503.28
6592.75
5058.24
3468.86
1560.01
4181.97
5087.34
6453.1
7238.69
7991.22
8055.97
7126.31
5675.11
4056.12
1845.2
4642.27
5876.98
7324.21
7931.24
8562.14
8517.05
7549.4
6103.09
4559.92
2146.23
5045.61
6593.32
8138.41
8593.35
9069.07
8916.72
7918.85
6448.18
5002.32
2455.56
5352.83
7204.91
8885.41
9269.36
9614.67
9356.43
8316.72
6823.92
5425.74
2764.04
5537.44
7685.44
9552.73
9989.71
10298.7
9956.72
8843.71
7338.69
5877.54
3071.21
5589.06
8003.65
10072.5
10725.9
11136
10774.3
9586.6
8064.37
6392.51
3391.04
5536.35
8210.29
10513.2
11520
12173
11897.9
10640.6
8975.22
6933.96
3716.23
5408.83
8265.93
10909.7
12384.5
13402.9
13298
11967
9940.22
7480.15
4049.63
5233.67
8201.13
11229.6
13233.2
14648.3
14760.7
13376
10853.5
7941.36
4367.03
5014.03
7999.79
11432.2
13948.7
15715.5
16008
14596.8
11630.1
8335.47
4659.73
4757.44
7663.06
11513.6
14412.7
16352
16804.8
15402.7
12167.7
8574.21
4902.35
4454.9
7129.58
10930.9
13967.8
15926.5
16645
15270.9
12222.8
8663.86
5086.83
4112.06
6524.31
10057
13097.6
15099.7
15863.7
14723.9
11908.3
8534.73
5187.47
1352.13
361.167
2012.06
487.228
392.521
1719.3
393.778
245.579
406.276
557.651
1711.88
776.773
2027.95
1198.35
1108.68
1802.18
924.606
582.133
643.435
545.788
2104.78
1464.74
2921.05
2660.57
2661.27
2829.21
1965.14
1135.29
889.204
575.549
2509.63
2242.61
3904.27
4135.73
4301.62
4140.38
3145.21
1837.13
1231.11
648.894
2920.47
3083.69
4877.9
5478.53
5836.89
5512.76
4331.41
2616.67
1616.91
756.144
3324.44
3902
5777.4
6622.48
7173.56
6805.99
5468.96
3458.07
2109.01
908.41
3710.02
4701.82
6584.82
7559.59
8226.83
7873.2
6453.09
4260.15
2616.08
1091.91
4065.13
5390.84
7319.48
8350.3
9040.65
8676.2
7163.46
4951.53
3135
1311.72
4385.48
6048.86
8069.1
9085.73
9694.91
9242.51
7663.83
5504.63
3603.98
1544.93
4660.45
6638.41
8775.24
9779
10224.3
9661.05
8069.14
5951.52
4028.2
1788.73
4881.99
7144.1
9426.94
10466.9
10813.4
10160.5
8530.67
6408.21
4434.07
2033.71
5043.58
7554.01
10012.6
11169.9
11593.3
10929.3
9192.02
6974.5
4848.65
2275.83
5139.87
7852.07
10494.8
11870
12489.8
11945
10111.8
7652.49
5282.34
2523.42
5172.67
8114.01
10965.8
12600.8
13480.3
13102.8
11225.5
8382.24
5683.19
2760.36
5137.13
8247.31
11406.5
13361
14504.5
14263
12312.6
9071.11
6054.38
2992.41
5031.63
8262.42
11766.8
14054.1
15398.5
15239.3
13223.6
9611.42
6305.53
3194.48
4856.41
8083.71
11965.3
14573.5
16042.7
15918.8
13875.8
9990.1
6489.93
3365.86
4620.92
7733.1
11911.1
14755
16269.6
16166.7
14135
10143.9
6539.39
3490.52
4322.29
7100.46
11023.5
13952.1
15472.3
15509.9
13680.3
9996.33
6494.95
3570.26
3979.77
6329.87
9823.66
12649
14204.4
14336.4
12768.9
9545.82
6303.8
3592.3
1313.7
362.141
1041.81
523.582
1003.64
403.408
256.289
384.958
1200.86
390.4
1657.06
842.839
1818.32
1392.31
1901.03
1101.64
716.534
638.252
985.156
432.404
2037.26
1599.03
2961.96
2821.57
3247.12
2275.12
1481.68
938.295
896.083
451.702
2430.91
2413.53
4033.45
4215.11
4579.65
3548.78
2389.21
1344.72
945.509
476.228
2830
3247.61
4995.69
5465.38
5807.72
4790.48
3337.92
1803.83
1069.57
512.939
3223.79
4106.63
5825.1
6503.4
6921.64
5968.1
4316.48
2368.84
1330.52
579.541
3597.38
4854.86
6581.06
7420.95
7871.76
7024.77
5225.89
2937.9
1618.78
668.892
3940.57
5530.41
7310.23
8251.18
8715.02
7961.72
6051.43
3526.66
1961.99
786.759
4244.62
6117.04
7987.14
9018.12
9480.67
8760.52
6753.27
4068.44
2295.95
921.292
4502.35
6635.59
8631.72
9752.95
10180
9420.75
7340.86
4566.52
2638.04
1071.37
4706.93
7080.59
9228.06
10461
10892
10105.7
7947.99
5056.8
2970.13
1230.4
4852.4
7446.57
9762.59
11137.9
11661.7
10928.1
8672.6
5570.14
3279.58
1391.09
4934.25
7747.18
10253.4
11788.5
12437.3
11795.7
9459.33
6098
3586.68
1553.24
4948.22
7955.76
10665.5
12388.9
13180.9
12600.2
10190.2
6555.36
3828.5
1702.58
4891.21
8084.73
11021.1
12916.5
13857
13269
10793
6940.94
4035.73
1840.57
4759.39
7990.56
11289.1
13359.3
14322.4
13686.1
11139.6
7149.8
4119.89
1950.03
4558.32
7711.67
11336.3
13549.5
14500.7
13797.5
11227
7236.89
4168.35
2035.83
4299.88
7251.71
11045.3
13353.2
14264.5
13517
11001.7
7148.37
4137.57
2091.13
3986.35
6502.61
10002.2
12318.7
13214.8
12608.3
10383.1
6914.39
4070.38
2120.39
3636.64
5608.89
8615.14
10815.6
11764.8
11321.4
9448.14
6503.84
3936.13
2119.7
1157.47
361.327
3916
1232.19
3685
734.796
407.105
1096
438.645
198.377
1485.07
816.148
3167.31
2042.07
3481.07
1352.29
743.573
909.458
452.236
222.771
1830.23
1430.29
3258.2
2934.27
3729.26
2034.72
1100.04
842.035
455.81
240.325
2182.98
2095.58
3718.45
3801.6
4206.6
2756.67
1563.94
892.75
473.949
255.867
2540.45
2790.71
4342.47
4654.27
4821.06
3479.32
2051.81
1012.86
508.947
272.379
2898.89
3533.62
5050.87
5514.08
5586.92
4319.53
2696.41
1254.39
585.701
296.119
3243.19
4234.16
5768.71
6340.64
6384.11
5162.08
3343.9
1550.93
693.682
329.066
3561.59
4861.35
6487.12
7158.75
7200.25
6044.07
4049.35
1942.51
858.488
377.283
3842.44
5405.91
7166.33
7947.68
8003.45
6871.84
4712.97
2344.9
1049.47
439.59
4076.29
5873.63
7795.55
8710.91
8786.73
7637.5
5349.37
2759.56
1267.01
515.973
4254.43
6260.02
8355.94
9422.91
9551.19
8389.47
5978.11
3168.93
1484.65
602.129
4369.81
6560.46
8835.78
10055.5
10276.4
9141
6593.79
3552.02
1679.95
691.769
4417.84
6778.17
9240.16
10606.4
10921.3
9824.74
7165.17
3902.63
1858.77
781.597
4394.94
6895.65
9538.44
11030.1
11417.3
10291.5
7543.61
4135.19
1991.14
864.165
4301.04
6879.82
9723.7
11317
11726.4
10539.8
7755.76
4294.13
2098.96
938.269
4136.63
6651.08
9706.11
11357.7
11711.3
10442.8
7664.89
4318.63
2161.86
998.95
3916.63
6263.51
9444.46
11108.1
11404.9
10114.7
7431.69
4274.65
2194.28
1045.61
3656.81
5740.92
8868.94
10512.1
10775.9
9520.6
7001.28
4138
2187.48
1075.88
3367.21
5061.14
7847.41
9410.16
9742.04
8657.95
6475.65
3948.65
2149.72
1089.99
3056.13
4276.21
6536.53
7992.81
8398.98
7584.55
5805.15
3689.96
2078.43
1087.43
908.866
419.867
389.699
2664.7
2806.58
584.409
875.843
370.66
192.477
150.447
1191.91
769.198
835.552
2218.5
2414.5
900.791
770.38
385.367
209.544
156.944
1471.76
1121.5
1342.53
2146.38
2249.77
1121.3
748.022
396.772
223.572
163.355
1751.32
1560.55
2051.37
2487.46
2423.88
1414.9
821.27
424.471
239.054
170.145
2031.02
2023.25
2789.31
3024.87
2778.61
1746.71
951.941
469.988
258.168
177.832
2316.33
2624.12
3646.66
3855.98
3493.82
2320.93
1228.74
558.902
287.806
187.912
2592.5
3203.75
4483.44
4708.25
4296.95
2981.78
1584.62
685.249
329.822
201.479
2848.76
3729.44
5293.28
5620.88
5193.8
3853.67
2116.06
876.555
392.036
220.574
3072.03
4176.77
5999
6480.22
6085.21
4680.45
2690.75
1110.84
473.072
246.094
3252.43
4544.55
6590.47
7272.42
6946.65
5479.12
3296.69
1383.35
572.678
278.625
3380.9
4830.51
7069.2
7942.31
7703.98
6199.63
3844.14
1657.36
682.504
317.126
3450.69
5031.46
7439.41
8442.4
8280.77
6772.78
4251.21
1893.32
790.537
359.016
3458.65
5147.26
7702.8
8787.39
8669.04
7183.37
4525.27
2083.27
889.625
401.549
3402.97
5153.19
7790.83
8889.74
8780.96
7206.36
4561.57
2193.54
968.2
441.038
3288.04
5029.71
7710.2
8813.93
8660.55
7038.06
4484.82
2242.29
1024.76
475.06
3117.64
4673.89
7325.91
8349.5
8134.93
6573.44
4247.8
2219.46
1054.68
501.218
2914.83
4259.33
6762.63
7706.86
7486.02
6043.19
3960.74
2149.31
1060.73
518.577
2693.42
3757.57
5941.81
6818.69
6644.89
5403.32
3612.29
2036.54
1044.15
526.659
2468.37
3274.01
5092.85
5901.22
5805.33
4778.76
3257.03
1899.22
1009.71
526.028
2237.85
2754.72
4148.13
4894.35
4892.11
4110.91
2886.53
1743.1
960.677
517.504
545.74
813.39
952.572
826.341
665.853
456.617
261.34
172.17
147.78
143.259
778.024
905.737
1145.44
1025.63
826.367
548.725
308.306
191.153
153.498
144.507
962.208
1024.86
1353.23
1243.55
995.67
645.619
356.432
211.2
160.26
146.248
1126.53
1282.39
1801.07
1673.89
1339.33
842.021
442.716
242.199
170.202
148.824
1280.2
1554.77
2278.25
2139.83
1715.36
1065.55
544.139
279.607
182.679
152.266
1437.33
1984.04
3075.03
2922.7
2365.94
1473
722.462
339.259
201.322
157.251
1588.3
2383.08
3829.07
3701.03
3039.58
1921.39
931.952
413.059
225.063
163.848
1728.36
2765.22
4582.13
4594.07
3911.35
2578.61
1242.11
518.169
257.902
172.858
1848.2
3061.78
5148.06
5340.58
4705.17
3233.36
1576.74
638.82
297.015
184.066
1941.2
3288.56
5558.56
5986.01
5441.44
3894.74
1931.62
772.054
341.562
197.337
2000.53
3441.08
5840.77
6435.13
5970.55
4386.61
2223.03
895.553
386.296
211.713
2021.86
3515.95
6011.18
6629.68
6189.72
4583.93
2381.17
985.846
424.764
225.727
2005.02
3524.86
6074.93
6660.3
6196.01
4580.25
2431.22
1040.66
454.318
238.278
1950.55
3414.5
5879.73
6356.53
5834.82
4273.25
2332.82
1045.57
470.01
247.893
1865.06
3227.5
5537.54
5938.34
5392.92
3919.52
2186.82
1021.34
474.72
254.366
1751.42
2858.33
4834.75
5198.38
4705.77
3424.12
1968.4
964.785
467.445
257.209
1630.07
2518.95
4186.01
4512.3
4081.52
2977.03
1753.13
896.036
452.528
256.899
1505.79
2126.07
3438.67
3743.55
3402.73
2512.81
1524.81
815.193
430.797
253.68
1390.49
1824.29
2853.05
3112.41
2848.19
2127.67
1322.91
735.372
405.924
248.287
1274.54
1530.61
2248.69
2469.81
2292.47
1758.71
1129.86
654.9
378.592
241.184
)
;

boundaryField
{
    side
    {
        type            greyDiffusiveRadiation;
        refValue        nonuniform List<scalar> 
800
(
0
0
0
0
0
0
0
0
0
0
0
0
0
0
0
0
0
0
0
0
0
0
0
0
0
0
0
0
0
0
0
0
0
0
0
0
0
0
0
0
0
0
0
0
0
0
0
0
0
0
0
0
0
0
0
0
0
0
0
0
0
0
0
0
0
0
0
0
0
0
0
0
0
0
0
0
0
0
0
0
0
0
0
0
0
0
0
0
0
0
0
0
0
0
0
0
0
0
0
0
0
0
0
0
0
0
0
0
0
0
0
0
0
0
0
0
0
0
0
0
0
0
0
0
0
0
0
0
0
0
0
0
0
0
0
0
0
0
0
0
0
0
0
0
0
0
0
0
0
0
0
0
0
0
0
0
0
0
0
0
0
0
0
0
0
0
0
0
0
0
0
0
0
0
0
0
0
0
0
0
0
0
0
0
0
0
0
0
0
0
0
0
0
0
0
0
0
0
0
0
0
0
0
0
0
0
0
0
0
0
0
0
0
0
0
0
0
0
0
0
0
0
0
0
0
0
0
0
0
0
0
0
0
0
0
0
0
0
0
0
0
0
0
0
0
0
0
0
0
0
0
0
0
0
0
0
0
0
0
0
0
0
0
0
0
0
0
0
0
0
0
0
0
0
0
0
0
0
0
0
0
0
0
0
0
0
0
0
0
0
0
0
0
0
0
0
0
0
0
0
0
0
0
0
0
0
0
0
0
0
0
0
0
0
0
0
0
0
0
0
0
0
0
0
0
0
0
0
0
0
0
0
0
0
0
0
0
0
0
0
0
0
0
0
0
0
0
0
0
0
0
0
0
0
0
0
0
0
0
0
0
0
0
0
0
0
0
0
0
0
0
0
0
0
0
0
0
0
0
0
0
0
0
0
0
0
0
0
0
0
0
0
0
0
0
0
0
0
0
0
142.341
142.341
152.176
142.341
142.341
142.341
142.341
142.341
142.341
142.341
142.341
142.341
884.964
142.341
142.341
1024.22
1015.94
860.51
642.604
248.033
142.341
142.341
142.341
142.341
142.341
142.341
142.341
142.341
142.341
142.341
142.341
142.341
142.341
142.341
142.341
142.341
142.341
142.341
142.341
850.931
142.341
142.341
142.341
142.341
142.341
142.341
142.341
142.341
142.341
142.341
142.341
142.341
142.341
1245.01
142.341
2690.76
142.341
5878.63
142.341
969.731
142.341
142.341
142.341
142.341
142.341
142.341
142.341
142.341
142.341
142.341
142.341
142.341
142.341
142.341
1356.28
142.341
142.341
142.341
3765.09
804.548
142.341
142.341
142.341
142.341
142.341
142.341
142.341
142.341
142.341
142.341
142.341
142.341
142.341
142.341
142.341
142.341
142.341
4489.2
3572.53
638.86
142.341
142.341
142.341
142.341
142.341
142.341
142.341
142.341
142.341
142.341
142.341
142.341
142.341
142.341
3633.7
2450.27
142.341
142.341
142.341
423.392
142.341
142.341
142.341
142.341
142.341
142.341
142.341
142.341
142.341
142.341
142.341
142.341
142.341
142.341
142.341
142.341
142.341
142.341
1142.24
231.051
142.341
142.341
142.341
142.341
142.341
142.341
142.341
142.341
142.341
142.341
142.341
921.392
142.341
142.341
142.341
142.341
142.341
1485.21
334.708
158.475
142.341
142.341
142.341
142.341
142.341
142.341
142.341
142.341
142.341
142.341
142.341
142.341
142.341
142.341
2598.59
142.341
1629.2
387.819
171.229
144.051
142.341
142.341
142.341
143.062
146.034
160.891
142.341
142.341
142.341
142.341
142.341
142.341
942.186
142.341
1001.13
645.548
290.146
165.582
144.302
142.57
0
0
0
0
0
0
0
0
0
0
0
0
0
0
0
0
0
0
0
0
0
0
0
0
0
0
0
0
0
0
0
0
0
0
0
0
0
0
0
0
0
0
0
0
0
0
0
0
0
0
0
0
0
0
0
0
0
0
0
0
0
0
0
0
0
0
0
0
0
0
0
0
0
0
0
0
0
0
0
0
0
0
0
0
0
0
0
0
0
0
0
0
0
0
0
0
0
0
0
0
0
0
0
0
0
0
0
0
0
0
0
0
0
0
0
0
0
0
0
0
0
0
0
0
0
0
0
0
0
0
0
0
0
0
0
0
0
0
0
0
0
0
0
0
0
0
0
0
0
0
0
0
0
0
0
0
0
0
0
0
0
0
0
0
0
0
0
0
0
0
0
0
0
0
0
0
0
0
0
0
0
0
0
0
0
0
0
0
0
0
0
0
0
0
0
0
0
0
0
0
)
;
        refGradient     uniform 0;
        valueFraction   nonuniform List<scalar> 
800
(
0
0
0
0
0
0
0
0
0
0
0
0
0
0
0
0
0
0
0
0
0
0
0
0
0
0
0
0
0
0
0
0
0
0
0
0
0
0
0
0
0
0
0
0
0
0
0
0
0
0
0
0
0
0
0
0
0
0
0
0
0
0
0
0
0
0
0
0
0
0
0
0
0
0
0
0
0
0
0
0
0
0
0
0
0
0
0
0
0
0
0
0
0
0
0
0
0
0
0
0
0
0
0
0
0
0
0
0
0
0
0
0
0
0
0
0
0
0
0
0
0
0
0
0
0
0
0
0
0
0
0
0
0
0
0
0
0
0
0
0
0
0
0
0
0
0
0
0
0
0
0
0
0
0
0
0
0
0
0
0
0
0
0
0
0
0
0
0
0
0
0
0
0
0
0
0
0
0
0
0
0
0
0
0
0
0
0
0
0
0
0
0
0
0
0
0
0
0
0
0
0
0
0
0
0
0
0
0
0
0
0
0
0
0
0
0
0
0
0
0
0
0
0
0
0
0
0
0
0
0
0
0
0
0
0
0
0
0
0
0
0
0
0
0
0
0
0
0
0
0
0
0
0
0
0
0
0
0
0
0
0
0
0
0
0
0
0
0
0
0
0
0
0
0
0
0
0
0
0
0
0
0
0
0
0
0
0
0
0
0
0
0
0
0
0
0
0
0
0
0
0
0
0
0
0
0
0
0
0
0
0
0
0
0
0
0
0
0
0
0
0
0
0
0
0
0
0
0
0
0
0
0
0
0
0
0
0
0
0
0
0
0
0
0
0
0
0
0
0
0
0
0
0
0
0
0
0
0
0
0
0
0
0
0
0
0
0
0
0
0
0
0
0
0
0
0
0
0
0
0
0
0
0
0
0
0
0
0
0
0
0
0
0
0
0
0
0
0
0
0
1
1
1
1
1
1
1
1
1
1
1
1
1
1
1
1
1
1
1
1
1
1
1
1
1
1
1
1
1
1
1
1
1
1
1
1
1
1
1
1
1
1
1
1
1
1
1
1
1
1
1
1
1
1
1
1
1
1
1
1
1
1
1
1
1
1
1
1
1
1
1
1
1
1
1
1
1
1
1
1
1
1
1
1
1
1
1
1
1
1
1
1
1
1
1
1
1
1
1
1
1
1
1
1
1
1
1
1
1
1
1
1
1
1
1
1
1
1
1
1
1
1
1
1
1
1
1
1
1
1
1
1
1
1
1
1
1
1
1
1
1
1
1
1
1
1
1
1
1
1
1
1
1
1
1
1
1
1
1
1
1
1
1
1
1
1
1
1
1
1
1
1
1
1
1
1
1
1
1
1
1
1
1
1
1
1
1
1
1
1
1
1
1
1
1
1
1
1
1
1
0
0
0
0
0
0
0
0
0
0
0
0
0
0
0
0
0
0
0
0
0
0
0
0
0
0
0
0
0
0
0
0
0
0
0
0
0
0
0
0
0
0
0
0
0
0
0
0
0
0
0
0
0
0
0
0
0
0
0
0
0
0
0
0
0
0
0
0
0
0
0
0
0
0
0
0
0
0
0
0
0
0
0
0
0
0
0
0
0
0
0
0
0
0
0
0
0
0
0
0
0
0
0
0
0
0
0
0
0
0
0
0
0
0
0
0
0
0
0
0
0
0
0
0
0
0
0
0
0
0
0
0
0
0
0
0
0
0
0
0
0
0
0
0
0
0
0
0
0
0
0
0
0
0
0
0
0
0
0
0
0
0
0
0
0
0
0
0
0
0
0
0
0
0
0
0
0
0
0
0
0
0
0
0
0
0
0
0
0
0
0
0
0
0
0
0
0
0
0
0
)
;
        value           nonuniform List<scalar> 
800
(
142.362
142.409
142.481
142.584
142.736
142.994
143.464
144.334
145.895
148.567
152.915
159.657
169.662
183.951
203.66
230.056
264.462
308.289
362.916
429.746
142.426
142.569
142.748
142.967
143.282
143.827
144.842
146.709
149.981
155.397
163.884
176.548
194.636
219.52
252.636
295.485
349.544
416.291
497.092
593.263
142.709
143.092
143.455
143.859
144.488
145.679
147.964
152.106
159.114
170.232
186.898
210.687
243.238
286.215
341.223
409.816
493.402
593.3
710.635
846.434
143.959
144.592
145.05
145.65
146.914
149.611
154.815
163.931
178.658
200.908
232.684
275.967
332.615
404.324
492.556
598.577
723.405
867.905
1032.73
1218.45
147.447
147.636
147.688
148.598
151.487
157.832
169.556
188.976
218.648
261.146
318.831
393.726
487.451
601.241
735.932
892.086
1070
1269.86
1491.75
1735.67
154.424
150.983
150.182
152.787
160.345
175.253
200.595
239.787
296.152
372.522
470.953
592.751
738.596
908.636
1102.58
1319.99
1560.3
1823.04
2107.86
2414.25
142.992
145.132
149.952
160.24
179.556
212.24
263.076
336.522
436.012
563.576
719.766
904.17
1115.85
1353.37
1615.09
1899.7
2206.14
2533.59
2881.65
3249.37
143.935
149.14
160.533
183.307
223.263
286.576
379.044
505.066
666.423
862.65
1091.19
1349.2
1634.05
1942.55
2272.24
2621.8
2990.67
3378.23
3784.14
4206.52
146.432
158.847
184.051
230.439
306.133
417.091
569.563
766.135
1005.61
1282.01
1588.43
1920.31
2273.47
2644.58
3031.93
3436.31
3857.51
4295.62
4749.58
5214.85
154.214
182.565
233.313
317.732
444.358
617.123
841.324
1117.85
1443.21
1796.93
2170.39
2561.51
2961.96
3375.69
3803.66
4247.88
4708.87
5186.1
5675
6166.26
181.915
243.062
330.526
461.502
640.197
875.414
1176.11
1531.7
1918.76
2320.73
2729.94
3149.2
3581.29
4020.12
4466.56
4932.43
5422.44
5925.65
6432.06
6923.61
288.275
388.9
499.967
658.533
879.104
1168.16
1513.82
1906.15
2324.11
2742.89
3158.66
3579.19
4005.01
4443.19
4904.8
5383.77
5881.04
6386.42
6878.58
7328.67
725.396
664.567
717.384
865.428
1092.47
1394.72
1759.57
2152.63
2560.78
2965
3361.28
3756.57
4158.57
4585.78
5030.83
5492.25
5967.08
6434.04
6862.53
7219.95
392.599
591.401
765.315
956.908
1190.14
1476.04
1803.35
2157.77
2520.42
2886.2
3245.47
3598.73
3966.14
4353.9
4762.34
5174.1
5576.06
5947.46
6263.99
6490.07
1006.43
971.34
958.278
1010.5
1128.55
1318.17
1560.01
1845.2
2146.23
2455.56
2764.04
3071.21
3391.04
3716.23
4049.63
4367.03
4659.73
4902.35
5086.83
5187.47
557.651
545.788
575.549
648.894
756.144
908.41
1091.91
1311.72
1544.93
1788.73
2033.71
2275.83
2523.42
2760.36
2992.41
3194.48
3365.86
3490.52
3570.26
3592.3
390.4
432.404
451.702
476.228
512.939
579.541
668.892
786.759
921.292
1071.37
1230.4
1391.09
1553.24
1702.58
1840.57
1950.03
2035.83
2091.13
2120.39
2119.7
198.377
222.771
240.325
255.867
272.379
296.119
329.066
377.283
439.59
515.973
602.129
691.769
781.597
864.165
938.269
998.95
1045.61
1075.88
1089.99
1087.43
150.447
156.944
163.355
170.145
177.832
187.912
201.479
220.574
246.094
278.625
317.126
359.016
401.549
441.038
475.06
501.218
518.577
526.659
526.028
517.504
143.259
144.507
146.248
148.824
152.266
157.251
163.848
172.858
184.066
197.337
211.713
225.727
238.278
247.893
254.366
257.209
256.899
253.68
248.287
241.184
142.341
142.341
152.176
142.341
142.341
142.341
142.341
142.341
142.341
142.341
142.341
142.341
884.964
142.341
142.341
1024.22
1015.94
860.51
642.604
248.033
142.341
142.341
142.341
142.341
142.341
142.341
142.341
142.341
142.341
142.341
142.341
142.341
142.341
142.341
142.341
142.341
142.341
142.341
142.341
850.931
142.341
142.341
142.341
142.341
142.341
142.341
142.341
142.341
142.341
142.341
142.341
142.341
142.341
1245.01
142.341
2690.76
142.341
5878.63
142.341
969.731
142.341
142.341
142.341
142.341
142.341
142.341
142.341
142.341
142.341
142.341
142.341
142.341
142.341
142.341
1356.28
142.341
142.341
142.341
3765.09
804.548
142.341
142.341
142.341
142.341
142.341
142.341
142.341
142.341
142.341
142.341
142.341
142.341
142.341
142.341
142.341
142.341
142.341
4489.2
3572.53
638.86
142.341
142.341
142.341
142.341
142.341
142.341
142.341
142.341
142.341
142.341
142.341
142.341
142.341
142.341
3633.7
2450.27
142.341
142.341
142.341
423.392
142.341
142.341
142.341
142.341
142.341
142.341
142.341
142.341
142.341
142.341
142.341
142.341
142.341
142.341
142.341
142.341
142.341
142.341
1142.24
231.051
142.341
142.341
142.341
142.341
142.341
142.341
142.341
142.341
142.341
142.341
142.341
921.392
142.341
142.341
142.341
142.341
142.341
1485.21
334.708
158.475
142.341
142.341
142.341
142.341
142.341
142.341
142.341
142.341
142.341
142.341
142.341
142.341
142.341
142.341
2598.59
142.341
1629.2
387.819
171.229
144.051
142.341
142.341
142.341
143.062
146.034
160.891
142.341
142.341
142.341
142.341
142.341
142.341
942.186
142.341
1001.13
645.548
290.146
165.582
144.302
142.57
2703.22
2541.24
2145.02
1941.92
1926.86
2058.66
2327.49
2724.71
3240.94
3843.36
4416.5
4716
4637.73
4304.69
4112.06
3979.77
3636.64
3056.13
2237.85
1274.54
4467.47
4318.04
3727.53
3383.31
3323.04
3503.48
3896.56
4466.39
5168.28
5934.93
6627.14
7020.48
6988
6696.08
6524.31
6329.87
5608.89
4276.21
2754.72
1530.61
4132.49
4145.47
3885.95
3736.45
3809.49
4115.62
4640.37
5349.54
6199.43
7138.48
8081.29
8877.86
9445.85
9821.7
10057
9823.66
8615.14
6536.53
4148.13
2248.69
3130.05
3190.88
3167.67
3228.63
3461.15
3895.38
4535.01
5369.38
6384.71
7565.4
8873.55
10232.5
11494
12534.3
13097.6
12649
10815.6
7992.81
4894.35
2469.81
2109.13
2188.38
2285.57
2478.59
2823.21
3353.17
4089.12
5048.82
6253.54
7725.09
9455.3
11340.7
13158.5
14599
15099.7
14204.4
11764.8
8398.98
4892.11
2292.47
1340.83
1438.64
1597.93
1864.44
2279.24
2878.74
3695.97
4766.91
6131.56
7826.09
9838.99
12019.9
14079.2
15561.1
15863.7
14336.4
11321.4
7584.55
4110.91
1758.71
860.383
978.832
1175.95
1487.85
1951.88
2606.79
3490.46
4641.89
6097.62
7878.03
9942.21
12099.6
13965.3
15029.6
14723.9
12768.9
9448.14
5805.15
2886.53
1129.86
602.473
741.829
968.639
1317.62
1826.12
2532.61
3471.63
4671.15
6144.21
7869.45
9741.75
11502.8
12730.8
12986.7
11908.3
9545.82
6503.84
3689.96
1743.1
654.9
483.351
640.828
891.139
1268.68
1809.13
2544.65
3494.99
4659.52
6004.17
7442.11
8825.05
9916.65
10406.4
9991.52
8534.73
6303.8
3936.13
2078.43
960.677
378.592
429.746
593.263
846.434
1218.45
1735.67
2414.25
3249.37
4206.52
5214.85
6166.26
6923.61
7328.67
7219.95
6490.07
5187.47
3592.3
2119.7
1087.43
517.504
241.184
)
;
        emissivityMode  lookup;
        emissivity      uniform 1;
    }
    outlet
    {
        type            greyDiffusiveRadiation;
        refValue        nonuniform List<scalar> 
200
(
248.033
251.84
251.199
270.486
281.21
305.661
317.23
327.19
334.768
340.484
340.477
334.791
327.274
317.359
305.785
281.344
270.628
251.341
251.989
248.186
850.931
1210.38
1363.65
2042.19
2414.72
3412.23
3860.33
4321.56
4480.03
4588.83
4588.93
4480.55
4323.59
3863.44
3415.2
2417.23
2044.51
1365.26
1211.8
851.234
969.731
1782.62
2077.01
3274.75
3936.6
5773
6587.12
7526.56
7727.43
7814.04
7814.94
7728.65
7528.91
6590.89
5777.18
3940.59
3278.36
2079.15
1784.56
970.047
804.548
1484.31
1752.01
2740.92
3287.42
4904.29
5659.5
6915.99
7350.85
7838.83
7839.42
7353.95
6920
5661.75
4907.06
3290.36
2743.91
1754.08
1486.06
805.195
638.86
1137.29
1297.86
2058.39
2464.09
3775.85
4440.05
5806.85
6395.62
7005.36
7005.93
6398.88
5816.61
4445.75
3779.86
2467.15
2061.3
1299.8
1138.96
639.992
423.392
632.797
699.861
1077.75
1283.83
2043.15
2466.96
3557.7
4101
4711.16
4711.61
4106.28
3563.98
2469.39
2045.57
1285.91
1079.62
701.044
633.962
423.855
231.051
296.669
319.4
444.657
515.896
767.811
921.982
1299.92
1512.76
1740.89
1741.19
1514.11
1301.12
922.905
768.764
516.629
445.315
319.834
297.065
231.249
158.475
175.684
182.429
211.34
229.342
281.092
315.313
387.371
427.084
466.544
466.613
427.239
387.546
315.511
281.3
229.509
211.496
182.531
175.781
158.525
144.051
147.568
149.555
156.05
161.122
173.003
181.91
198.025
207.456
215.881
215.898
207.487
198.066
181.959
173.054
161.162
156.085
149.576
147.586
144.057
142.57
142.791
143.012
143.649
144.289
145.663
146.857
148.82
150.062
151.068
151.07
150.066
148.825
146.864
145.669
144.293
143.652
143.014
142.792
142.57
)
;
        refGradient     uniform 0;
        valueFraction   uniform 1;
        value           nonuniform List<scalar> 
200
(
248.033
251.84
251.199
270.486
281.21
305.661
317.23
327.19
334.768
340.484
340.477
334.791
327.274
317.359
305.785
281.344
270.628
251.341
251.989
248.186
850.931
1210.38
1363.65
2042.19
2414.72
3412.23
3860.33
4321.56
4480.03
4588.83
4588.93
4480.55
4323.59
3863.44
3415.2
2417.23
2044.51
1365.26
1211.8
851.234
969.731
1782.62
2077.01
3274.75
3936.6
5773
6587.12
7526.56
7727.43
7814.04
7814.94
7728.65
7528.91
6590.89
5777.18
3940.59
3278.36
2079.15
1784.56
970.047
804.548
1484.31
1752.01
2740.92
3287.42
4904.29
5659.5
6915.99
7350.85
7838.83
7839.42
7353.95
6920
5661.75
4907.06
3290.36
2743.91
1754.08
1486.06
805.195
638.86
1137.29
1297.86
2058.39
2464.09
3775.85
4440.05
5806.85
6395.62
7005.36
7005.93
6398.88
5816.61
4445.75
3779.86
2467.15
2061.3
1299.8
1138.96
639.992
423.392
632.797
699.861
1077.75
1283.83
2043.15
2466.96
3557.7
4101
4711.16
4711.61
4106.28
3563.98
2469.39
2045.57
1285.91
1079.62
701.044
633.962
423.855
231.051
296.669
319.4
444.657
515.896
767.811
921.982
1299.92
1512.76
1740.89
1741.19
1514.11
1301.12
922.905
768.764
516.629
445.315
319.834
297.065
231.249
158.475
175.684
182.429
211.34
229.342
281.092
315.313
387.371
427.084
466.544
466.613
427.239
387.546
315.511
281.3
229.509
211.496
182.531
175.781
158.525
144.051
147.568
149.555
156.05
161.122
173.003
181.91
198.025
207.456
215.881
215.898
207.487
198.066
181.959
173.054
161.162
156.085
149.576
147.586
144.057
142.57
142.791
143.012
143.649
144.289
145.663
146.857
148.82
150.062
151.068
151.07
150.066
148.825
146.864
145.669
144.293
143.652
143.014
142.792
142.57
)
;
        emissivityMode  lookup;
        emissivity      uniform 1;
    }
    ground
    {
        type            greyDiffusiveRadiation;
        refValue        uniform 0;
        refGradient     uniform 0;
        valueFraction   uniform 0;
        value           nonuniform List<scalar> 
160
(
148.122
190.204
274.221
402.87
574.309
781.129
1017.59
1268.49
1514.22
1745.02
1957.01
2155.56
2367.9
2621.8
2922.24
3259.49
3602.36
3897.31
4086.37
4132.49
143.211
149.836
167.413
201.374
256.005
334.016
437.155
564.32
710.636
870.198
1037.73
1210.93
1395.06
1600.51
1834.8
2098.47
2381.94
2665.08
2922.08
3130.05
142.475
143.537
146.952
154.775
169.416
193.371
229.146
278.796
343.331
422.662
515.968
622.528
743.358
881.733
1041.46
1224.93
1430.92
1653.77
1883.64
2109.13
142.363
142.539
143.195
144.905
148.504
155.094
166.039
182.873
207.13
240.165
283.089
336.882
402.797
482.755
579.102
694.15
829.149
983.803
1155.69
1340.83
142.345
142.38
142.515
142.894
143.769
145.535
148.767
154.232
162.886
175.828
194.25
219.432
252.779
295.964
350.873
419.572
503.887
605.244
724.165
860.383
142.343
142.354
142.391
142.495
142.747
143.3
144.404
146.44
149.948
155.639
164.391
177.25
195.415
220.287
253.419
296.556
351.446
419.827
503.12
602.473
142.343
142.35
142.37
142.42
142.544
142.824
143.409
144.539
146.578
150.033
155.568
164.014
176.356
193.749
217.476
248.985
289.776
341.442
405.479
483.351
142.362
142.409
142.481
142.584
142.736
142.994
143.464
144.334
145.895
148.567
152.915
159.657
169.662
183.951
203.66
230.056
264.462
308.289
362.916
429.746
)
;
        emissivityMode  lookup;
        emissivity      uniform 1;
    }
    inlet
    {
        type            greyDiffusiveRadiation;
        refValue        uniform 0;
        refGradient     uniform 0;
        valueFraction   uniform 0;
        value           nonuniform List<scalar> 
40
(
241.48
553.006
946.622
1315.1
1608.1
1799.46
1955.2
2085.08
2168.1
2240.88
2308.14
2381.51
2494.22
2615.35
2776.53
3047.22
3308.51
3391.21
3182.2
2703.22
179.851
445.892
777.237
1124.41
1493.24
1850.43
2195.33
2486.44
2704.69
2875.36
3012.68
3139.53
3327.85
3609.22
3946.13
4328.55
4692.66
4930.02
4883.48
4467.47
)
;
        emissivityMode  lookup;
        emissivity      uniform 1;
    }
    region0_to_pyrolysisRegion_coupledWall
    {
        type            greyDiffusiveRadiation;
        refValue        nonuniform List<scalar> 
400
(
579.032
895.53
1122.04
1199.7
1170.75
1092.56
1053.06
1018.51
972.418
960.822
960.851
972.694
1018.56
1053.11
1092.53
1170.78
1199.74
1122.11
895.624
579.089
593.732
801.755
1215.79
1684.69
1884.87
1794.98
1653.34
1551.65
1449.59
1391.78
1391.75
1449.62
1551.57
1653.33
1794.89
1884.87
1684.76
1215.9
801.805
593.751
592.247
703.59
893.637
1239.03
1926.45
2161.06
2113.44
2001.48
1827.75
1738.22
1738.03
1827.39
2001.22
2113.36
2160.95
1926.56
1239.11
893.687
703.636
592.264
624.233
690.41
795.279
968.805
1280.49
1925.9
2270.17
2346.06
2164.9
2016.16
2015.9
2164.32
2345.64
2270.02
1925.8
1280.47
968.766
795.287
690.469
624.263
694.913
733.026
793.818
897.562
1077.69
1404.36
2084.92
2468.09
2486.48
2275.73
2275.37
2485.29
2467.46
2084.58
1404.05
1077.56
897.471
793.815
733.13
694.974
808.132
826.343
858.258
923.552
1045.57
1259.56
1675.71
2379.77
2656.95
2512.29
2511.87
2655.62
2379.02
1675.11
1259.15
1045.4
923.452
858.267
826.499
808.225
969.045
973.431
985.298
1027.48
1122.22
1292.8
1581.99
2199.25
2753.79
2742.99
2742.57
2752.24
2198.28
1581.28
1292.36
1122.04
1027.4
985.333
973.626
969.157
1180.28
1180.38
1182.4
1214.38
1299.23
1458.4
1714.58
2199.52
2912.93
3042.14
3041.77
2911.4
2198.64
1713.85
1458.03
1299.07
1214.36
1182.46
1180.58
1180.39
1439.75
1453.2
1469.67
1506.96
1591.03
1752.61
2014.66
2490.33
3226.71
3414.62
3414.33
3225.33
2489.65
2013.97
1752.34
1590.92
1507
1469.76
1453.38
1439.86
1738.11
1799.78
1894.68
1952.55
2022.22
2181.53
2460.93
2972.99
3695.35
3885.34
3885.13
3694.23
2972.6
2460.39
2181.4
2022.19
1952.66
1894.8
1799.92
1738.24
2058.28
2224.2
2502.26
2538.65
2593.71
2760.41
3073.54
3660.02
4294.39
4477.81
4477.74
4293.59
3660.07
3073.24
2760.44
2593.76
2538.85
2502.42
2224.29
2058.45
2353.55
2627.9
3042.84
3250.3
3325.49
3526.04
3894.61
4468.34
4935.56
5087.19
5087.29
4935.1
4468.57
3894.55
3526.18
3325.58
3250.54
3042.99
2628
2353.78
2679.71
2972.67
3389.55
3874.29
4287.51
4622.34
4958.96
5307.72
5580.45
5672.04
5672.2
5580.27
5307.98
4959.05
4622.49
4287.54
3874.36
3389.75
2972.87
2680
2712.37
3144.72
3601.42
4057.72
4568.94
5128.95
5617.69
5933.2
6122.76
6186.01
6186.14
6122.7
5933.4
5617.73
5128.96
4568.93
4057.9
3601.81
3145.08
2712.8
2792.95
3313.67
3842.86
4300.6
4744.74
5152.38
5512.71
5798.54
6018.39
6125.19
6125.22
6018.28
5798.63
5512.76
5152.54
4744.97
4300.99
3843.41
3314.14
2793.41
3010.93
3541.29
4122.4
4616
5073.54
5457.08
5760.56
5969
6119.36
6190.38
6190.41
6119.35
5969.13
5760.68
5457.46
5073.95
4616.55
4123.02
3541.79
3011.36
3026.27
3608.22
4231.33
4772.03
5271.47
5706.57
6036.78
6279.39
6434.8
6512.03
6512.09
6434.95
6279.7
6037.16
5707.08
5271.99
4772.62
4231.88
3608.59
3026.59
3018.63
3568.65
4118.17
4644.4
5165.26
5660.01
6062.15
6370.63
6574.15
6677.71
6677.82
6574.43
6371.16
6062.8
5660.7
5165.91
4645.02
4118.62
3568.86
3018.75
2817.53
3274.46
3710.1
4191.82
4694.6
5229.82
5682.65
6047.92
6294.08
6421.23
6421.37
6294.48
6048.64
5683.6
5230.8
4695.51
4192.62
3710.63
3274.76
2817.74
2498.33
2812.67
3086.75
3407.06
3757.77
4161.7
4525.21
4838.74
5056.12
5171.28
5171.4
5056.48
4839.38
4526.05
4162.56
3758.56
3407.75
3087.23
2813.03
2498.61
)
;
        refGradient     uniform 0;
        valueFraction   uniform 1;
        value           nonuniform List<scalar> 
400
(
579.032
895.53
1122.04
1199.7
1170.75
1092.56
1053.06
1018.51
972.418
960.822
960.851
972.694
1018.56
1053.11
1092.53
1170.78
1199.74
1122.11
895.624
579.089
593.732
801.755
1215.79
1684.69
1884.87
1794.98
1653.34
1551.65
1449.59
1391.78
1391.75
1449.62
1551.57
1653.33
1794.89
1884.87
1684.76
1215.9
801.805
593.751
592.247
703.59
893.637
1239.03
1926.45
2161.06
2113.44
2001.48
1827.75
1738.22
1738.03
1827.39
2001.22
2113.36
2160.95
1926.56
1239.11
893.687
703.636
592.264
624.233
690.41
795.279
968.805
1280.49
1925.9
2270.17
2346.06
2164.9
2016.16
2015.9
2164.32
2345.64
2270.02
1925.8
1280.47
968.766
795.287
690.469
624.263
694.913
733.026
793.818
897.562
1077.69
1404.36
2084.92
2468.09
2486.48
2275.73
2275.37
2485.29
2467.46
2084.58
1404.05
1077.56
897.471
793.815
733.13
694.974
808.132
826.343
858.258
923.552
1045.57
1259.56
1675.71
2379.77
2656.95
2512.29
2511.87
2655.62
2379.02
1675.11
1259.15
1045.4
923.452
858.267
826.499
808.225
969.045
973.431
985.298
1027.48
1122.22
1292.8
1581.99
2199.25
2753.79
2742.99
2742.57
2752.24
2198.28
1581.28
1292.36
1122.04
1027.4
985.333
973.626
969.157
1180.28
1180.38
1182.4
1214.38
1299.23
1458.4
1714.58
2199.52
2912.93
3042.14
3041.77
2911.4
2198.64
1713.85
1458.03
1299.07
1214.36
1182.46
1180.58
1180.39
1439.75
1453.2
1469.67
1506.96
1591.03
1752.61
2014.66
2490.33
3226.71
3414.62
3414.33
3225.33
2489.65
2013.97
1752.34
1590.92
1507
1469.76
1453.38
1439.86
1738.11
1799.78
1894.68
1952.55
2022.22
2181.53
2460.93
2972.99
3695.35
3885.34
3885.13
3694.23
2972.6
2460.39
2181.4
2022.19
1952.66
1894.8
1799.92
1738.24
2058.28
2224.2
2502.26
2538.65
2593.71
2760.41
3073.54
3660.02
4294.39
4477.81
4477.74
4293.59
3660.07
3073.24
2760.44
2593.76
2538.85
2502.42
2224.29
2058.45
2353.55
2627.9
3042.84
3250.3
3325.49
3526.04
3894.61
4468.34
4935.56
5087.19
5087.29
4935.1
4468.57
3894.55
3526.18
3325.58
3250.54
3042.99
2628
2353.78
2679.71
2972.67
3389.55
3874.29
4287.51
4622.34
4958.96
5307.72
5580.45
5672.04
5672.2
5580.27
5307.98
4959.05
4622.49
4287.54
3874.36
3389.75
2972.87
2680
2712.37
3144.72
3601.42
4057.72
4568.94
5128.95
5617.69
5933.2
6122.76
6186.01
6186.14
6122.7
5933.4
5617.73
5128.96
4568.93
4057.9
3601.81
3145.08
2712.8
2792.95
3313.67
3842.86
4300.6
4744.74
5152.38
5512.71
5798.54
6018.39
6125.19
6125.22
6018.28
5798.63
5512.76
5152.54
4744.97
4300.99
3843.41
3314.14
2793.41
3010.93
3541.29
4122.4
4616
5073.54
5457.08
5760.56
5969
6119.36
6190.38
6190.41
6119.35
5969.13
5760.68
5457.46
5073.95
4616.55
4123.02
3541.79
3011.36
3026.27
3608.22
4231.33
4772.03
5271.47
5706.57
6036.78
6279.39
6434.8
6512.03
6512.09
6434.95
6279.7
6037.16
5707.08
5271.99
4772.62
4231.88
3608.59
3026.59
3018.63
3568.65
4118.17
4644.4
5165.26
5660.01
6062.15
6370.63
6574.15
6677.71
6677.82
6574.43
6371.16
6062.8
5660.7
5165.91
4645.02
4118.62
3568.86
3018.75
2817.53
3274.46
3710.1
4191.82
4694.6
5229.82
5682.65
6047.92
6294.08
6421.23
6421.37
6294.48
6048.64
5683.6
5230.8
4695.51
4192.62
3710.63
3274.76
2817.74
2498.33
2812.67
3086.75
3407.06
3757.77
4161.7
4525.21
4838.74
5056.12
5171.28
5171.4
5056.48
4839.38
4526.05
4162.56
3758.56
3407.75
3087.23
2813.03
2498.61
)
;
        emissivityMode  solidRadiation;
        emissivity      uniform 0;
    }
}


// ************************************************************************* //
