/*--------------------------------*- C++ -*----------------------------------*\
  =========                 |
  \\      /  F ield         | OpenFOAM: The Open Source CFD Toolbox
   \\    /   O peration     | Website:  https://openfoam.org
    \\  /    A nd           | Version:  7
     \\/     M anipulation  |
\*---------------------------------------------------------------------------*/
FoamFile
{
    version     2.0;
    format      ascii;
    class       volScalarField;
    location    "1";
    object      k;
}
// * * * * * * * * * * * * * * * * * * * * * * * * * * * * * * * * * * * * * //

dimensions      [0 2 -2 0 0 0 0];

internalField   nonuniform List<scalar> 
4000
(
0.000280998
0.000220287
4.28266e-05
5.76864e-05
7.53516e-05
9.89253e-05
0.000122216
7.61807e-05
4.15661e-05
2.37036e-05
0.00325354
0.00207105
0.000529108
0.000365238
0.000527612
0.00116781
0.000514358
0.000173179
6.83098e-05
3.01486e-05
0.0105086
0.00775142
0.00166051
0.00115062
0.00187579
0.00241602
0.000654626
0.000209599
8.00696e-05
3.3114e-05
0.0279727
0.020492
0.00396781
0.0032851
0.0064564
0.00238543
0.000673101
0.00023313
9.12115e-05
3.68421e-05
0.0630895
0.0268775
0.00648242
0.00659558
0.00928812
0.00213853
0.000677067
0.000261916
0.000104813
4.1069e-05
0.0817357
0.021344
0.0118239
0.0139293
0.00818853
0.0019265
0.00070183
0.000293951
0.000120533
4.52238e-05
0.0623778
0.0245505
0.0200895
0.0193212
0.0052802
0.00182252
0.00075559
0.000326153
0.000136223
4.90179e-05
0.0643574
0.031897
0.0263578
0.0170945
0.00401766
0.00182213
0.000802915
0.000356317
0.000149857
5.22186e-05
0.0651935
0.0328903
0.0254022
0.00895931
0.00363132
0.00193098
0.000845245
0.000378261
0.000160105
5.4471e-05
0.0539406
0.0321143
0.02172
0.00603357
0.00422989
0.0018161
0.000879299
0.000387909
0.00016578
5.55756e-05
0.053844
0.0321336
0.0217193
0.00603357
0.00423003
0.0018161
0.000879301
0.000387909
0.000165779
5.55756e-05
0.065098
0.0328836
0.0254025
0.00895899
0.0036314
0.00193096
0.000845249
0.000378261
0.000160105
5.44708e-05
0.06433
0.0318948
0.0263572
0.0170939
0.00401769
0.00182216
0.000802917
0.000356317
0.000149856
5.22184e-05
0.0623748
0.0245508
0.0200897
0.0193208
0.00528038
0.00182256
0.000755591
0.000326153
0.000136222
4.90176e-05
0.0817263
0.0213419
0.0118237
0.0139292
0.00818833
0.00192652
0.000701834
0.00029395
0.000120533
4.52234e-05
0.0630923
0.0268749
0.00648205
0.00659507
0.00928765
0.00213854
0.000677067
0.000261917
0.000104813
4.10687e-05
0.0279778
0.0204941
0.00396767
0.00328473
0.00645615
0.00238534
0.00067309
0.000233128
9.12108e-05
3.68416e-05
0.0105103
0.00775263
0.00166067
0.00115058
0.00187569
0.0024159
0.0006546
0.000209593
8.00681e-05
3.31134e-05
0.00325385
0.0020714
0.000529096
0.000365225
0.000527585
0.00116773
0.00051433
0.000173171
6.83077e-05
3.01477e-05
0.000280927
0.000220278
4.28237e-05
5.76831e-05
7.53485e-05
9.89195e-05
0.000122194
7.61719e-05
4.15628e-05
2.37018e-05
0.000481831
0.00113713
0.000129199
1.13963e-05
1.19722e-05
1.85265e-05
4.06413e-05
6.16629e-05
3.86194e-05
2.11004e-05
0.00265646
0.00221374
0.000223025
2.06005e-05
3.69012e-05
0.000167442
0.000319754
0.000152541
6.55454e-05
2.78668e-05
0.00651927
0.00405886
0.00035347
4.85373e-05
0.000202491
0.000836207
0.000462152
0.000159584
6.73182e-05
2.7756e-05
0.0212506
0.0102769
0.0007727
0.000177088
0.000975484
0.00136771
0.000453472
0.000148649
6.45813e-05
2.60151e-05
0.0624178
0.0233028
0.00182465
0.000795682
0.00404015
0.00139147
0.00038013
0.000141308
6.07067e-05
2.28924e-05
0.137705
0.0371901
0.00371508
0.00248119
0.00588566
0.00131114
0.000324662
0.000138959
5.63734e-05
1.90256e-05
0.114719
0.0265673
0.00758546
0.00722072
0.00560417
0.00109819
0.000324184
0.000133265
5.15578e-05
1.62155e-05
0.0904847
0.0245116
0.0158811
0.0150114
0.00425765
0.000966396
0.000346685
0.000127076
4.72924e-05
1.43613e-05
0.0814911
0.0266269
0.0200427
0.0148902
0.00327274
0.000942287
0.000348803
0.000125855
4.35112e-05
1.31657e-05
0.0751045
0.0317792
0.028797
0.00874371
0.0029198
0.000938616
0.000341708
0.000127407
4.12235e-05
1.26001e-05
0.075089
0.0317844
0.0287976
0.00874257
0.00291976
0.000938624
0.00034171
0.000127408
4.12237e-05
1.26001e-05
0.0814252
0.0266259
0.0200436
0.0148887
0.00327259
0.000942302
0.000348811
0.000125858
4.35119e-05
1.31658e-05
0.0904479
0.0245108
0.0158825
0.0150115
0.0042579
0.000966414
0.0003467
0.00012708
4.72936e-05
1.43615e-05
0.114711
0.0265652
0.00758656
0.00722122
0.0056048
0.00109829
0.000324203
0.00013327
5.15595e-05
1.62158e-05
0.137704
0.0371862
0.00371544
0.00248091
0.00588361
0.00131126
0.000324685
0.000138965
5.63752e-05
1.9026e-05
0.0624292
0.0233042
0.00182475
0.000795621
0.00404106
0.00139149
0.000380162
0.000141315
6.07088e-05
2.2893e-05
0.021257
0.0102781
0.000772707
0.000177048
0.00097536
0.00136772
0.0004535
0.000148656
6.45836e-05
2.60156e-05
0.00651991
0.00405935
0.000353492
4.85357e-05
0.000202453
0.00083612
0.00046217
0.00015959
6.732e-05
2.77562e-05
0.00265571
0.00221377
0.000223063
2.06028e-05
3.68963e-05
0.000167418
0.000319722
0.000152543
6.55468e-05
2.78666e-05
0.000481543
0.00113669
0.00012919
1.13967e-05
1.19719e-05
1.85251e-05
4.06326e-05
6.16555e-05
3.86175e-05
2.1099e-05
0.000392076
0.000444665
8.19481e-05
1.42822e-05
1.3054e-05
1.87674e-05
4.95264e-05
0.000165551
0.000102258
2.7106e-05
0.00146311
0.00126712
0.000250061
3.51912e-05
3.03272e-05
0.000124502
0.000430185
0.000480758
0.000187924
4.41418e-05
0.00392417
0.00350009
0.000522585
8.60334e-05
9.97171e-05
0.000591133
0.00105603
0.000493271
0.000173799
4.27192e-05
0.0147322
0.0104044
0.00106401
0.000174537
0.000386362
0.00150046
0.00114316
0.000409019
0.00015395
4.14095e-05
0.0593307
0.0246834
0.00265481
0.000380698
0.00162867
0.00200932
0.00100231
0.000336174
0.000147416
3.69938e-05
0.170304
0.046205
0.00617974
0.000895328
0.0048526
0.00214138
0.000752899
0.000314754
0.000138881
3.14315e-05
0.224517
0.0414235
0.0090239
0.00247177
0.00677431
0.00205319
0.000638385
0.000301
0.000131982
2.66436e-05
0.150343
0.0311718
0.0148359
0.00789076
0.00703892
0.00179923
0.000611897
0.000279907
0.000125745
2.26571e-05
0.111708
0.0279094
0.022396
0.0206141
0.0059777
0.00164906
0.000597429
0.000273216
0.000115663
2.00442e-05
0.0989187
0.0371188
0.0451566
0.0179863
0.00533497
0.00159262
0.000573612
0.000279181
0.00010756
1.87909e-05
0.0989411
0.0371242
0.0451629
0.0179866
0.00533478
0.00159259
0.000573612
0.000279184
0.000107561
1.8791e-05
0.111656
0.0279096
0.0224
0.0206181
0.0059769
0.001649
0.000597435
0.000273222
0.000115667
2.00447e-05
0.150438
0.0311661
0.0148385
0.00789363
0.0070381
0.00179918
0.000611908
0.000279913
0.000125752
2.26579e-05
0.224505
0.0414207
0.00902524
0.00247235
0.00677434
0.00205326
0.000638405
0.000301011
0.000131992
2.66449e-05
0.170346
0.046206
0.00618114
0.000895462
0.00485331
0.00214153
0.000752948
0.000314771
0.00013889
3.14334e-05
0.059354
0.0246877
0.00265581
0.000380736
0.0016288
0.00200944
0.00100243
0.000336203
0.000147427
3.69969e-05
0.0147355
0.010406
0.00106424
0.000174547
0.000386305
0.00150041
0.00114326
0.000409067
0.000153963
4.14134e-05
0.00392324
0.00350016
0.00052264
8.60472e-05
9.9697e-05
0.000590989
0.00105605
0.000493321
0.000173817
4.27235e-05
0.00146306
0.00126725
0.000250202
3.52036e-05
3.03252e-05
0.000124477
0.000430109
0.000480787
0.000187947
4.41466e-05
0.000392175
0.000444692
8.1965e-05
1.42844e-05
1.30538e-05
1.87657e-05
4.95167e-05
0.000165528
0.000102265
2.71079e-05
0.000348726
0.000158165
4.96256e-05
2.13986e-05
1.64877e-05
1.83219e-05
4.39763e-05
0.000173076
0.000438123
0.000107548
0.00151316
0.000640177
0.000170148
4.88193e-05
3.73593e-05
8.06056e-05
0.000319885
0.0012201
0.000767809
0.000165631
0.00409916
0.00204779
0.000453152
0.000108461
8.81694e-05
0.000362576
0.00141851
0.00160288
0.000643184
0.00013112
0.00967516
0.00628343
0.00103574
0.0002328
0.00026852
0.00143832
0.00266954
0.001403
0.000484873
0.000121401
0.0359392
0.0252649
0.00262553
0.000462073
0.00103533
0.0025768
0.0027715
0.00103323
0.000440455
0.000105314
0.155411
0.0795715
0.00843507
0.00101598
0.0041795
0.00392145
0.00231481
0.000857693
0.000418381
8.22092e-05
0.35926
0.074522
0.019221
0.00225998
0.00668542
0.0049079
0.00183486
0.000767132
0.000397809
6.45601e-05
0.275696
0.0542936
0.0206377
0.0051909
0.00841731
0.00467188
0.00165249
0.000712205
0.000375154
5.21698e-05
0.170142
0.0393614
0.0278931
0.0152577
0.0129794
0.00445601
0.00160508
0.000692216
0.000344757
4.26609e-05
0.136195
0.048665
0.0666758
0.0393857
0.0131722
0.00475757
0.00160919
0.000681506
0.000325361
3.86129e-05
0.136233
0.0486776
0.0667037
0.0393999
0.0131734
0.00475765
0.00160917
0.000681506
0.000325364
3.86134e-05
0.17007
0.0393539
0.0279004
0.0152665
0.0129808
0.00445566
0.00160505
0.000692227
0.00034477
4.2663e-05
0.275259
0.0542801
0.0206412
0.00519368
0.00841811
0.00467127
0.00165244
0.000712213
0.000375179
5.21736e-05
0.359303
0.0745225
0.0192277
0.0022612
0.00668613
0.00490758
0.0018348
0.000767146
0.000397845
6.45672e-05
0.15547
0.0795911
0.00844083
0.00101647
0.00418073
0.0039217
0.00231487
0.000857728
0.000418423
8.222e-05
0.0359508
0.0252754
0.00262738
0.000462229
0.00103557
0.00257692
0.00277173
0.00103334
0.000440512
0.000105334
0.00967585
0.00628689
0.00103615
0.000232842
0.000268533
0.00143814
0.00266974
0.00140323
0.000484955
0.000121431
0.00410086
0.00204894
0.000453322
0.000108491
8.8161e-05
0.0003625
0.00141847
0.00160309
0.000643321
0.000131159
0.00151394
0.000640505
0.000170233
4.88405e-05
3.73624e-05
8.05924e-05
0.000319829
0.00122014
0.000767978
0.000165687
0.000348856
0.000158227
4.96533e-05
2.14078e-05
1.64904e-05
1.83208e-05
4.39656e-05
0.000173027
0.00043818
0.000107592
0.000293797
7.16498e-05
3.79518e-05
2.31761e-05
1.83576e-05
1.7492e-05
2.63905e-05
9.68856e-05
0.000858673
0.000673331
0.00154593
0.000330074
0.000123119
5.40352e-05
3.81782e-05
5.31895e-05
0.000172686
0.00106945
0.00222037
0.000730079
0.00438439
0.00104423
0.000300314
0.000109032
8.41467e-05
0.000207997
0.000853513
0.00323255
0.00216974
0.000455296
0.0114738
0.00377499
0.000843944
0.000244511
0.000234544
0.00092108
0.00314907
0.00358826
0.00150806
0.000395542
0.026965
0.0127032
0.00225622
0.000598767
0.000811635
0.00324578
0.00484602
0.00315389
0.00120487
0.00034186
0.102532
0.0659817
0.00693723
0.00132117
0.00359842
0.00537284
0.00530912
0.00247314
0.00103916
0.000261712
0.363378
0.162209
0.0252179
0.00296241
0.00709442
0.00721795
0.00507249
0.00214262
0.000914368
0.000199223
0.492603
0.122649
0.0346047
0.00589724
0.00910785
0.00911931
0.00452195
0.00199305
0.000793848
0.000149195
0.290107
0.073246
0.0389767
0.0146582
0.01489
0.0112959
0.0045336
0.0019476
0.000680203
0.000105991
0.188389
0.0694312
0.0923963
0.058726
0.0298125
0.0124224
0.00498466
0.0019393
0.000635988
9.58831e-05
0.188411
0.069431
0.092425
0.0587447
0.0298164
0.0124229
0.00498472
0.00193929
0.000635987
9.58847e-05
0.290028
0.0732281
0.0389832
0.0146641
0.0148929
0.011296
0.00453333
0.00194759
0.000680215
0.000105998
0.492712
0.122639
0.0346045
0.00589933
0.00910948
0.00912012
0.00452137
0.00199299
0.000793881
0.000149207
0.363416
0.162207
0.0252246
0.00296355
0.00709594
0.00721878
0.00507194
0.00214253
0.000914435
0.000199257
0.102532
0.066005
0.00693999
0.00132176
0.00360077
0.00537381
0.00530902
0.00247313
0.00103925
0.000261755
0.0269631
0.0127098
0.00225725
0.000599003
0.000811892
0.00324612
0.00484651
0.00315423
0.00120504
0.000341939
0.0114769
0.00377694
0.000844273
0.000244581
0.000234521
0.000921084
0.00314944
0.00358881
0.00150844
0.000395665
0.00438436
0.00104451
0.000300408
0.00010905
8.41366e-05
0.000207972
0.000853562
0.00323294
0.00217032
0.000455485
0.001546
0.00033016
0.000123166
5.40531e-05
3.81814e-05
5.31865e-05
0.000172666
0.00106946
0.00222081
0.000730433
0.000293874
7.16803e-05
3.79737e-05
2.31851e-05
1.83617e-05
1.74922e-05
2.63862e-05
9.68633e-05
0.000858704
0.000673653
0.00027863
4.18882e-05
2.72867e-05
1.85545e-05
1.64896e-05
1.52656e-05
1.81727e-05
5.91429e-05
0.000924276
0.00229673
0.00157812
0.000194267
9.2755e-05
4.769e-05
3.48918e-05
3.977e-05
0.00010892
0.000694329
0.00395026
0.00183146
0.00453299
0.000581406
0.00022577
0.000116893
9.62232e-05
0.000166154
0.000683046
0.00370883
0.00480398
0.00106122
0.0119872
0.00233422
0.000804577
0.000336664
0.000342724
0.000777303
0.00352795
0.0059337
0.00391755
0.000804283
0.0276545
0.00846583
0.00338382
0.00110222
0.00113924
0.0032148
0.00704457
0.00624824
0.00308492
0.000655487
0.0794793
0.0369955
0.00785468
0.00284501
0.00408037
0.00774318
0.00836761
0.00605739
0.00252014
0.000433776
0.306596
0.18574
0.0258856
0.00501036
0.00867234
0.0103856
0.009341
0.00565744
0.00214763
0.000317396
0.706728
0.197246
0.0518456
0.00839726
0.0108359
0.0124154
0.0102159
0.00520358
0.00191907
0.000223967
0.55861
0.1292
0.0619593
0.0169996
0.0168127
0.0162736
0.0112123
0.00521756
0.00168512
0.000146012
0.286306
0.109542
0.120358
0.0756028
0.045885
0.0257829
0.013078
0.00549677
0.0016557
0.00013511
0.286326
0.109523
0.120362
0.075607
0.0458899
0.0257856
0.0130778
0.00549678
0.00165568
0.000135111
0.558597
0.129169
0.0619572
0.0170021
0.0168156
0.0162756
0.0112124
0.00521764
0.0016851
0.000146008
0.706608
0.197211
0.0518446
0.00839855
0.0108391
0.0124171
0.0102161
0.0052035
0.00191906
0.000223954
0.306516
0.185725
0.0258868
0.0050114
0.00867615
0.0103876
0.00934178
0.0056572
0.00214769
0.00031741
0.079455
0.0370052
0.00785737
0.00284606
0.00408157
0.00774551
0.00836923
0.00605765
0.00252025
0.000433803
0.0276525
0.00846905
0.00338588
0.00110274
0.00113957
0.00321603
0.00704637
0.00624919
0.00308541
0.000655575
0.0119839
0.00233467
0.000804874
0.000336766
0.000342775
0.000777556
0.00352918
0.00593456
0.00391869
0.000804465
0.0045316
0.000581288
0.000225772
0.000116898
9.62192e-05
0.000166166
0.000683223
0.00370942
0.00480515
0.00106167
0.00157791
0.000194273
9.27654e-05
4.76963e-05
3.48914e-05
3.97696e-05
0.000108924
0.000694367
0.00395088
0.00183232
0.000278632
4.18974e-05
2.72996e-05
1.85598e-05
1.64925e-05
1.52663e-05
1.81709e-05
5.91266e-05
0.000924205
0.00229769
0.000305405
2.52401e-05
1.83691e-05
1.55139e-05
1.37159e-05
1.269e-05
1.53766e-05
6.83052e-05
0.00147016
0.00510136
0.00188992
0.000123386
7.0236e-05
4.46548e-05
3.59177e-05
6.3438e-05
0.000133257
0.000914759
0.00613335
0.00311464
0.00575066
0.000498728
0.000267187
0.000209995
0.000182506
0.000387932
0.000947447
0.00525092
0.00797011
0.00162133
0.0143442
0.00190492
0.00100508
0.000944625
0.000857043
0.00156811
0.00498901
0.00902185
0.00697039
0.00110204
0.0318001
0.00686825
0.00486592
0.0037439
0.00291647
0.00494085
0.010978
0.00969636
0.0061153
0.000837722
0.0749232
0.0240683
0.0104721
0.00811333
0.0080249
0.0130256
0.0125449
0.0103197
0.00534452
0.000574813
0.226313
0.134583
0.0269063
0.0105297
0.0124149
0.0179962
0.0136452
0.0110544
0.00467309
0.000379109
0.705177
0.305528
0.0696154
0.0144497
0.0144539
0.0185196
0.0153743
0.0118148
0.00406253
0.000254642
0.878554
0.226605
0.08178
0.0224986
0.0206994
0.0209187
0.0178256
0.0126707
0.00387193
0.000207077
0.517567
0.162698
0.143022
0.0853386
0.0582846
0.0369433
0.0228364
0.014155
0.00393555
0.000181305
0.51762
0.162659
0.142984
0.0853173
0.0582811
0.0369441
0.0228378
0.0141548
0.0039355
0.000181303
0.878402
0.22656
0.0817622
0.0224933
0.0206998
0.0209207
0.0178275
0.0126705
0.0038718
0.000207058
0.704876
0.305457
0.0696013
0.0144464
0.0144566
0.0185219
0.0153751
0.0118144
0.00406246
0.000254591
0.226193
0.134572
0.0269049
0.0105298
0.0124184
0.0180011
0.0136462
0.0110545
0.00467314
0.000379075
0.0749058
0.0240727
0.0104745
0.00811513
0.00802578
0.0130304
0.012547
0.0103211
0.00534474
0.000574791
0.0317952
0.00687022
0.00486781
0.00374496
0.00291813
0.00494257
0.0109805
0.00969793
0.00611637
0.00083774
0.0143377
0.0019047
0.00100512
0.000944968
0.000857447
0.00156871
0.00499086
0.00902331
0.00697235
0.00110212
0.00574782
0.000498472
0.000267105
0.000210025
0.000182558
0.000388046
0.000947703
0.00525169
0.00797173
0.00162169
0.00188923
0.000123334
7.02176e-05
4.46526e-05
3.59158e-05
6.34442e-05
0.000133268
0.000914811
0.00613403
0.00311595
0.000305356
2.52384e-05
1.83704e-05
1.55149e-05
1.37169e-05
1.26902e-05
1.53757e-05
6.82959e-05
0.00146999
0.00510267
0.000345519
1.71516e-05
1.41407e-05
1.21396e-05
1.168e-05
1.41592e-05
2.44757e-05
0.000223813
0.00577346
0.00838477
0.00278265
0.000230427
0.000169114
9.33457e-05
9.00094e-05
0.000254959
0.000483989
0.0026159
0.0114176
0.00400142
0.0102357
0.0014073
0.00112271
0.000591971
0.000619682
0.00182215
0.0029582
0.011274
0.0117309
0.0016957
0.02696
0.00480411
0.00409957
0.00262985
0.00292729
0.009052
0.0116035
0.0158274
0.00864116
0.00127892
0.0536339
0.012784
0.0140517
0.0107209
0.0107272
0.0166958
0.0198395
0.015323
0.00762381
0.000806744
0.0905671
0.0266511
0.0201677
0.0195092
0.0206251
0.0215478
0.0205736
0.0144094
0.00776698
0.000699461
0.221781
0.0915408
0.0331852
0.0224701
0.02245
0.0238905
0.0191217
0.0151515
0.00753191
0.000600044
0.680809
0.351949
0.0919891
0.0266991
0.0224007
0.0233019
0.0194659
0.0176415
0.00715235
0.000533242
1.12124
0.310343
0.111545
0.0345047
0.0264726
0.02513
0.0221238
0.0194529
0.00682167
0.000361847
0.823392
0.209247
0.166955
0.0928398
0.0661595
0.0442709
0.032241
0.0221666
0.00745343
0.000330699
0.82353
0.209218
0.166886
0.0927901
0.0661432
0.0442673
0.0322403
0.0221674
0.0074534
0.00033069
1.12095
0.310243
0.111482
0.0344888
0.0264745
0.0251336
0.0221262
0.0194536
0.00682166
0.000361798
0.68033
0.351809
0.0919377
0.0266972
0.0224061
0.0233102
0.0194698
0.0176439
0.00715213
0.000533117
0.221657
0.0915051
0.0331763
0.0224715
0.0224554
0.0238949
0.0191257
0.0151539
0.00753243
0.000599954
0.0905444
0.0266473
0.0201671
0.0195082
0.0206291
0.0215502
0.0205774
0.0144119
0.00776757
0.00069946
0.0536182
0.0127788
0.0140507
0.0107222
0.0107288
0.0166989
0.0198429
0.0153256
0.00762467
0.00080671
0.0269363
0.00479985
0.00409829
0.00263054
0.00292797
0.00905551
0.0116065
0.0158294
0.00864293
0.00127881
0.0102313
0.00140582
0.00112219
0.000592144
0.000619844
0.00182293
0.00295943
0.0112757
0.0117326
0.00169563
0.00278114
0.000230179
0.000169023
9.3358e-05
9.00207e-05
0.000255036
0.000484171
0.00261676
0.0114188
0.00400257
0.000345462
1.71473e-05
1.41393e-05
1.2139e-05
1.16798e-05
1.41606e-05
2.44816e-05
0.000223911
0.00577427
0.00838555
0.000535257
4.02728e-05
2.96045e-05
4.18038e-05
2.01926e-05
2.9344e-05
0.000157988
0.00146367
0.0180018
0.0100063
0.00591577
0.00122877
0.000767333
0.000948353
0.000434757
0.000540308
0.00256686
0.0119092
0.0197434
0.00487238
0.0226543
0.00655478
0.0047771
0.00540274
0.00287837
0.00309019
0.0133894
0.0234863
0.0119575
0.00195692
0.0607706
0.0205994
0.0160748
0.0174484
0.0110289
0.0146837
0.0285389
0.0234484
0.00816711
0.00143415
0.125225
0.0453355
0.0470605
0.0359282
0.0310894
0.0335761
0.0312906
0.0175818
0.0087101
0.00130032
0.154364
0.0517641
0.0502878
0.0401968
0.0366298
0.0358379
0.0263053
0.0164595
0.00921152
0.00100755
0.256694
0.0925322
0.0549392
0.0349596
0.033756
0.0313315
0.0213934
0.018841
0.0110875
0.00117777
0.721537
0.371464
0.114193
0.036674
0.0260272
0.0263904
0.0218084
0.0223799
0.0119079
0.0011302
1.34954
0.361986
0.141257
0.0456223
0.0289903
0.0274418
0.0271435
0.0280118
0.0112434
0.000690855
1.14329
0.241571
0.186689
0.0977476
0.0689006
0.0478679
0.0403011
0.0358839
0.0132222
0.000698088
1.14335
0.241548
0.186618
0.0977081
0.0688914
0.0478663
0.0403002
0.035883
0.0132217
0.000698051
1.34905
0.361862
0.141186
0.0455928
0.0289892
0.0274419
0.0271449
0.0280149
0.011241
0.000690762
0.720986
0.371277
0.11411
0.0366614
0.026029
0.0263843
0.021812
0.0223808
0.0119083
0.00112994
0.256568
0.0924898
0.0549239
0.0349612
0.0337633
0.0313413
0.0213989
0.0188423
0.0110893
0.00117757
0.154334
0.0517524
0.050283
0.0402072
0.0366375
0.0358485
0.0263119
0.0164616
0.00921279
0.00100757
0.125193
0.0453213
0.0470403
0.0359371
0.0310959
0.0335855
0.031295
0.0175845
0.00871085
0.00130018
0.0607333
0.0205826
0.0160638
0.0174483
0.0110345
0.0146836
0.0285418
0.023452
0.00816831
0.00143399
0.0226469
0.0065522
0.00477511
0.00540224
0.00288
0.00309047
0.0133932
0.0234898
0.0119613
0.00195672
0.00591372
0.00122805
0.000767145
0.000948142
0.00043503
0.000540417
0.00256782
0.0119141
0.0197485
0.00487245
0.000535221
4.0255e-05
2.96074e-05
4.17784e-05
2.02059e-05
2.93422e-05
0.000158052
0.00146472
0.0180029
0.0100057
0.00161008
0.000315656
0.000249932
0.000364281
0.00029867
0.000504687
0.000834655
0.0112426
0.0196095
0.013434
0.0190718
0.00644186
0.00361225
0.00538383
0.00309612
0.00495857
0.00972172
0.0286564
0.0229384
0.00635776
0.0616211
0.0270172
0.0156453
0.0271252
0.0157455
0.0205108
0.0351618
0.0319984
0.0129541
0.00211772
0.175923
0.0886378
0.0477684
0.0667334
0.042378
0.0412473
0.0480224
0.0230747
0.00874718
0.00172901
0.206455
0.122927
0.100058
0.0863901
0.0586771
0.0533032
0.0399734
0.0172023
0.0116523
0.00259318
0.22024
0.0966924
0.0983141
0.0731872
0.0554394
0.0460021
0.02697
0.018531
0.0137207
0.00211888
0.345352
0.112163
0.0655466
0.042792
0.0395344
0.0314322
0.0229823
0.0252616
0.0129231
0.00113867
0.883376
0.42707
0.143099
0.0403396
0.0279029
0.0262401
0.0250173
0.032237
0.0155922
0.00119594
1.77188
0.431499
0.169856
0.0510288
0.029841
0.0285699
0.0331865
0.0396025
0.0219374
0.00314587
1.67624
0.266546
0.200137
0.100626
0.0699433
0.0490125
0.0451961
0.0488519
0.0252035
0.00295688
1.67618
0.266497
0.200084
0.100595
0.069941
0.0490143
0.0451963
0.0488527
0.0252017
0.0029566
1.77119
0.431264
0.169727
0.0509968
0.0298369
0.0285714
0.0331874
0.039601
0.0219312
0.00314509
0.882609
0.426757
0.142987
0.0403099
0.0278979
0.0262396
0.0250163
0.0322382
0.0155881
0.00119521
0.34524
0.112109
0.0655156
0.0427737
0.0395217
0.0314312
0.0229838
0.0252649
0.0129238
0.00113831
0.220212
0.0966768
0.0983074
0.0731742
0.0554291
0.0459999
0.0269764
0.0185327
0.0137258
0.00211902
0.206432
0.122905
0.100065
0.0863742
0.0586704
0.0532867
0.039982
0.0172052
0.0116537
0.0025932
0.175898
0.0886123
0.0477891
0.0667265
0.0423919
0.0412155
0.0480308
0.0230797
0.00874806
0.00172891
0.0616081
0.0270147
0.0156622
0.0271203
0.0157629
0.0205064
0.0351664
0.0320081
0.0129582
0.00211769
0.0190684
0.00644097
0.00361685
0.00538182
0.00309953
0.00495904
0.00972404
0.0286658
0.0229455
0.00635816
0.00161049
0.000315655
0.000250457
0.000364151
0.000299019
0.00050448
0.000834781
0.0112493
0.0196142
0.0134324
0.00869364
0.00251321
0.00508054
0.00109096
0.00946586
0.0088247
0.0084106
0.0304563
0.0337953
0.0153168
0.0694943
0.0288884
0.0312181
0.0118862
0.0295094
0.0386481
0.0387884
0.0540305
0.0266197
0.00664569
0.25493
0.12524
0.0971662
0.0549018
0.0695831
0.0680646
0.0604307
0.0358186
0.0114198
0.00284835
0.329654
0.228846
0.169392
0.114089
0.0970981
0.0749065
0.0542066
0.0196991
0.011058
0.00402023
0.284115
0.18435
0.173515
0.132714
0.0955925
0.0633412
0.0367268
0.0177487
0.0124456
0.00268955
0.28741
0.0946181
0.107468
0.105248
0.0714937
0.043957
0.0270454
0.0247036
0.0142285
0.00145081
0.456988
0.116174
0.0603694
0.0483074
0.0412727
0.030035
0.0256038
0.0333723
0.0223898
0.00436281
1.16875
0.527895
0.161305
0.0386872
0.0281654
0.0255724
0.0296166
0.0420611
0.0292419
0.00526891
2.19201
0.557824
0.222645
0.0620002
0.0304216
0.0289363
0.0369171
0.0522327
0.0405186
0.00536732
2.19495
0.295179
0.213774
0.107864
0.071446
0.0496559
0.0476036
0.0573836
0.0483664
0.00630728
2.19487
0.295071
0.213713
0.107856
0.0714483
0.0496609
0.0476079
0.0573866
0.0483639
0.00630528
2.19154
0.557521
0.222502
0.0619685
0.0304135
0.0289377
0.0369279
0.0522331
0.0405048
0.00536597
1.16855
0.527741
0.161228
0.0386522
0.0281503
0.0255756
0.0296125
0.0420585
0.0292293
0.00526505
0.457027
0.116143
0.0603266
0.0482545
0.041231
0.0300273
0.025601
0.0333701
0.0223826
0.00435896
0.287397
0.0945922
0.107411
0.105171
0.0714214
0.043946
0.0270457
0.0247051
0.0142282
0.00144968
0.284083
0.18429
0.173476
0.132696
0.0955431
0.0633474
0.0367298
0.01775
0.0124466
0.00268953
0.329611
0.228803
0.169387
0.114145
0.0970642
0.0749712
0.0542158
0.0197019
0.0110506
0.00401983
0.254874
0.125208
0.0971698
0.0549819
0.0695234
0.0681165
0.0604549
0.0358319
0.0114298
0.00284902
0.0695065
0.0288898
0.0312327
0.0119092
0.0295868
0.0386051
0.0387981
0.0540591
0.0266314
0.00664673
0.00870185
0.00251243
0.00509274
0.0010943
0.00946818
0.00882284
0.00840938
0.0304785
0.0338163
0.0153193
0.0337685
0.0196388
0.0231255
0.0142284
0.0201991
0.0173857
0.037019
0.035245
0.0384179
0.0207766
0.152505
0.118915
0.0954657
0.0779734
0.0726962
0.066579
0.0809831
0.0628635
0.0350866
0.00989723
0.51843
0.36173
0.228709
0.169224
0.13615
0.10737
0.0801836
0.0389868
0.0131103
0.00424784
0.623343
0.393701
0.280509
0.195638
0.148441
0.103953
0.0512201
0.0206164
0.0124937
0.00469786
0.451906
0.185003
0.196666
0.175762
0.1329
0.0723877
0.0351274
0.0227107
0.016351
0.00483047
0.438886
0.0969093
0.0944339
0.109673
0.0837658
0.0441751
0.0293148
0.033509
0.023473
0.00580374
0.658005
0.136668
0.0563839
0.0480671
0.0432481
0.0291789
0.0294777
0.04574
0.0323641
0.00487823
1.43769
0.573259
0.163758
0.0379844
0.0295092
0.0248424
0.0315728
0.0552492
0.0508003
0.00788604
2.42973
0.618844
0.275266
0.0728669
0.033102
0.0293941
0.0377112
0.0619999
0.0642823
0.00942409
2.50414
0.301406
0.232402
0.119758
0.0757285
0.0513828
0.0483144
0.06385
0.0702199
0.00854666
2.50405
0.301253
0.232365
0.119734
0.0757603
0.0513922
0.0483231
0.0638649
0.0702139
0.00854299
2.42935
0.618633
0.275197
0.0728609
0.0331013
0.0293942
0.0377127
0.0620043
0.0642573
0.00941667
1.43768
0.573182
0.163692
0.0379514
0.0294834
0.0248348
0.0315689
0.0552407
0.0507628
0.00787654
0.65817
0.136723
0.0563573
0.048005
0.0431861
0.0291642
0.0294688
0.0457292
0.0323366
0.00487191
0.438906
0.0968929
0.0943594
0.109542
0.0836599
0.0441507
0.0293043
0.0334985
0.0234587
0.00579631
0.451866
0.184945
0.196539
0.175697
0.132834
0.0723331
0.0351201
0.0227054
0.0163459
0.00482583
0.623252
0.393633
0.280441
0.195643
0.148417
0.103915
0.0512052
0.0206133
0.012491
0.0046971
0.518339
0.361672
0.228737
0.169298
0.136172
0.107343
0.0801924
0.0389996
0.0131099
0.00424541
0.152498
0.11893
0.0954971
0.0780661
0.0727148
0.0665833
0.0810147
0.062905
0.0351091
0.00989603
0.0337975
0.0196405
0.0231492
0.0142839
0.0202265
0.0174078
0.0370465
0.0352689
0.0384555
0.0207904
0.0772456
0.0665328
0.0958656
0.0481501
0.0422818
0.0502406
0.0670038
0.0514687
0.0592644
0.0280177
0.177335
0.215863
0.233821
0.197227
0.126226
0.11187
0.106177
0.0757414
0.0446808
0.0130998
0.499384
0.451698
0.349039
0.270889
0.196427
0.14216
0.0887179
0.0408057
0.0150229
0.0064219
0.942727
0.550509
0.33164
0.250037
0.186602
0.122716
0.0513482
0.0247083
0.0150823
0.00693495
0.999082
0.2987
0.186889
0.183273
0.152978
0.0848995
0.0373477
0.0308891
0.0187818
0.00577937
0.982829
0.190643
0.0912611
0.107172
0.0921922
0.0502894
0.0336365
0.0433456
0.0317044
0.00841908
1.31417
0.251437
0.0632042
0.0489272
0.0469601
0.0310996
0.0318544
0.0559948
0.0475317
0.00876071
2.17546
0.645452
0.172146
0.0394568
0.031622
0.025253
0.0315965
0.0652133
0.0697964
0.0125864
3.03765
0.702836
0.296472
0.0823398
0.0396222
0.0308706
0.0376736
0.0666319
0.0896445
0.0146597
3.25844
0.323328
0.232409
0.130438
0.0847851
0.0547335
0.0481521
0.0636557
0.0965252
0.0148025
3.25816
0.323162
0.232395
0.130446
0.0847831
0.0547374
0.0481624
0.0636763
0.0965153
0.0147943
3.03746
0.702462
0.29641
0.0822828
0.0396008
0.0308675
0.0376787
0.0666657
0.089606
0.0146464
2.17574
0.645325
0.172057
0.0394208
0.031599
0.0252446
0.0315934
0.0652116
0.069725
0.0125674
1.31445
0.251544
0.0631824
0.0488865
0.0469132
0.0310848
0.0318447
0.0559657
0.0474876
0.00874961
0.982985
0.190659
0.0912093
0.107084
0.0921172
0.0502472
0.0336228
0.0433227
0.0316717
0.00840925
0.999315
0.298755
0.186812
0.183195
0.152922
0.0848376
0.0373313
0.030872
0.0187679
0.00577546
0.942953
0.550608
0.331584
0.250012
0.186574
0.122657
0.0513165
0.0246898
0.0150718
0.00693031
0.49931
0.451712
0.349002
0.270956
0.196457
0.142128
0.0886848
0.040796
0.0150263
0.00643357
0.177323
0.215911
0.233921
0.197509
0.126277
0.111866
0.106185
0.0757843
0.0447065
0.0131149
0.07725
0.0665317
0.0960368
0.0483639
0.0423641
0.0502685
0.0670229
0.0515017
0.0592748
0.0280068
0.0999612
0.123028
0.108242
0.0891233
0.0904136
0.0925011
0.110106
0.0813196
0.092337
0.0380252
0.139685
0.268731
0.298711
0.26553
0.195272
0.149518
0.137427
0.0896522
0.0507481
0.015756
0.251252
0.427737
0.379996
0.319623
0.232267
0.157063
0.089367
0.0372745
0.0162914
0.00808061
0.672207
0.572608
0.37904
0.269759
0.197742
0.125756
0.0568574
0.0282206
0.0171523
0.00840595
1.16218
0.668927
0.225372
0.192498
0.160032
0.095623
0.0455227
0.0365828
0.0232842
0.00897985
1.55084
0.712055
0.146538
0.113457
0.100027
0.0604312
0.0387743
0.0497817
0.0398324
0.0133543
2.1173
0.851317
0.129928
0.0581834
0.0529251
0.0375456
0.0340166
0.0601702
0.0575501
0.0154654
2.91027
1.07161
0.233723
0.048631
0.0346191
0.0275361
0.0316132
0.0662717
0.0825241
0.017983
3.4622
1.06855
0.325747
0.0956663
0.0454639
0.0341364
0.0377337
0.0660854
0.104923
0.0203809
3.62252
0.640205
0.234675
0.134815
0.0924463
0.0607215
0.0482569
0.0620329
0.112339
0.0265188
3.62253
0.639872
0.234667
0.134848
0.092443
0.0607034
0.0482675
0.0620616
0.112338
0.0264995
3.46245
1.06787
0.32566
0.0955676
0.0454273
0.034121
0.037735
0.0661255
0.104861
0.0203499
2.9111
1.07139
0.233589
0.0485914
0.0346037
0.0275289
0.0316113
0.0662778
0.0824403
0.0179612
2.11829
0.851523
0.12992
0.0582037
0.0529286
0.0375406
0.0340162
0.0601383
0.0574827
0.0154432
1.55175
0.712382
0.146553
0.113442
0.100058
0.0604258
0.0387706
0.0497487
0.0397779
0.0133335
1.16275
0.66928
0.22546
0.192505
0.160028
0.0955874
0.0454975
0.0365486
0.0232551
0.00896673
0.672369
0.572747
0.379074
0.269753
0.19773
0.125707
0.0567989
0.0281859
0.0171362
0.00840283
0.251274
0.427818
0.380003
0.319653
0.23228
0.157035
0.0893053
0.037253
0.0162765
0.00806667
0.13968
0.268761
0.298827
0.265791
0.195329
0.14949
0.137437
0.0896559
0.0506621
0.0157139
0.099943
0.122998
0.108398
0.0892831
0.0904808
0.0925214
0.110161
0.081281
0.0924717
0.0381064
0.107443
0.149488
0.161145
0.133819
0.140263
0.165289
0.141516
0.147176
0.131961
0.0490259
0.126769
0.256781
0.334349
0.310608
0.236532
0.180572
0.153554
0.0879137
0.0578867
0.0174144
0.148958
0.350577
0.363409
0.32689
0.242291
0.15314
0.0895835
0.0361185
0.0176264
0.00997804
0.243723
0.464872
0.377754
0.268531
0.192438
0.120333
0.0620303
0.0320493
0.0200457
0.0102475
0.460673
0.619223
0.373747
0.221404
0.160114
0.0984822
0.0549952
0.0411226
0.0277302
0.0118128
0.866006
0.781786
0.36203
0.160894
0.113758
0.0701855
0.046507
0.0527532
0.045244
0.0172212
1.47292
1.05778
0.37914
0.111574
0.0654217
0.0460082
0.0381663
0.0610305
0.0630203
0.0197088
2.22043
1.30677
0.415941
0.0959433
0.0423882
0.0332331
0.0331888
0.0641649
0.0876161
0.019999
2.77994
1.3691
0.394735
0.128676
0.0545797
0.0395859
0.0391018
0.0625411
0.110216
0.031056
2.99786
1.20678
0.271958
0.139267
0.093779
0.0646679
0.0485705
0.0582477
0.117501
0.0376795
2.99812
1.20661
0.271945
0.139316
0.0937867
0.0646473
0.0485807
0.0582738
0.117497
0.0376576
2.78061
1.36873
0.394621
0.128567
0.0545225
0.0395686
0.0390945
0.0625835
0.110148
0.0310256
2.22159
1.30676
0.41572
0.0958934
0.0423919
0.033239
0.0331919
0.0641735
0.0875275
0.019973
1.47397
1.05827
0.379119
0.111602
0.0654876
0.0460466
0.0381779
0.0610006
0.0629411
0.0196779
0.86661
0.782187
0.36216
0.161015
0.113889
0.0702265
0.0465138
0.0527137
0.0451791
0.0171946
0.460884
0.619513
0.37392
0.221496
0.16015
0.0984866
0.054976
0.0410793
0.0276912
0.011801
0.243768
0.464979
0.377812
0.268538
0.192433
0.120299
0.061983
0.0320042
0.0200216
0.0102373
0.148958
0.350699
0.363411
0.326897
0.242303
0.153115
0.0895276
0.0360779
0.0176122
0.00997467
0.126769
0.256803
0.334409
0.310657
0.236467
0.18049
0.153517
0.0878207
0.0578389
0.0174147
0.107445
0.149539
0.16136
0.133992
0.140238
0.165228
0.141389
0.147282
0.132094
0.0490787
0.155588
0.208479
0.207522
0.233877
0.217701
0.222961
0.19957
0.202608
0.175282
0.0576038
0.129967
0.25199
0.327271
0.305348
0.257128
0.195234
0.158682
0.075511
0.0497617
0.0145727
0.133184
0.272448
0.325101
0.291797
0.221889
0.13755
0.0810548
0.0339511
0.0174595
0.0103996
0.165043
0.364676
0.344018
0.264904
0.17683
0.107811
0.0634979
0.034278
0.0219813
0.0111179
0.209997
0.472217
0.394753
0.245789
0.159869
0.0977688
0.0608845
0.0437323
0.030333
0.0143329
0.282901
0.633814
0.458946
0.224276
0.131107
0.080587
0.0551386
0.0548103
0.0474902
0.0178852
0.390496
0.856069
0.541654
0.211626
0.0987912
0.0627637
0.0482442
0.0612734
0.062986
0.0185697
0.534253
1.06355
0.580962
0.199646
0.0756771
0.0471477
0.0395968
0.0640583
0.0862083
0.0274301
0.686693
1.14657
0.551748
0.196649
0.0816208
0.0532649
0.0441726
0.0622008
0.107681
0.0356361
0.775515
1.08912
0.419143
0.155764
0.0951958
0.0669521
0.0496657
0.056918
0.115704
0.0358394
0.775608
1.08904
0.419107
0.155821
0.0952229
0.0669457
0.0496775
0.0569415
0.115698
0.0358201
0.686918
1.14638
0.551663
0.196603
0.0815838
0.0532196
0.0441549
0.0622359
0.10762
0.0355976
0.534561
1.06356
0.580881
0.199638
0.075702
0.047175
0.0396042
0.0640622
0.0861281
0.0273997
0.390706
0.85636
0.541688
0.211781
0.0989326
0.0628342
0.0482797
0.0612468
0.0629102
0.018543
0.283001
0.634084
0.459102
0.224416
0.131175
0.0806224
0.0551514
0.0547763
0.0474239
0.0178637
0.21002
0.472401
0.394916
0.245904
0.1599
0.0977771
0.0608758
0.0436895
0.0302912
0.0143188
0.165046
0.364807
0.344117
0.264925
0.176832
0.107801
0.0634611
0.0342347
0.0219512
0.0111152
0.133178
0.272557
0.325163
0.291803
0.221875
0.137517
0.0809922
0.0338982
0.0174433
0.0104025
0.129971
0.251995
0.327362
0.305343
0.257003
0.19512
0.158553
0.075382
0.0497293
0.0145777
0.1556
0.208552
0.207735
0.233974
0.217717
0.222852
0.199497
0.202612
0.17539
0.057653
0.18454
0.282044
0.356274
0.345819
0.299241
0.302719
0.291966
0.230754
0.196365
0.0557773
0.15627
0.217131
0.290807
0.300759
0.235549
0.173285
0.125782
0.0506595
0.0317509
0.0128185
0.141965
0.221832
0.27151
0.248127
0.184356
0.115961
0.0726936
0.0300046
0.0168157
0.00994641
0.152793
0.32468
0.310198
0.253576
0.168678
0.103418
0.0654038
0.0340275
0.0217955
0.0115005
0.166091
0.419546
0.382018
0.265156
0.164307
0.0997757
0.067667
0.0433764
0.0304566
0.0133957
0.189093
0.542187
0.45726
0.268001
0.156258
0.0939244
0.0663285
0.0555962
0.047568
0.0170287
0.214248
0.690154
0.543597
0.27003
0.141546
0.0853495
0.0640114
0.0635234
0.0601737
0.0196637
0.240158
0.82245
0.5808
0.257426
0.125423
0.0773412
0.0599191
0.069108
0.0822777
0.0271369
0.25718
0.882079
0.562838
0.237638
0.120289
0.0791639
0.0613539
0.070082
0.0990698
0.031871
0.26513
0.882803
0.501996
0.199707
0.108624
0.0750591
0.0554785
0.0612086
0.106051
0.0368408
0.265158
0.882779
0.50197
0.19976
0.108664
0.075078
0.0554985
0.0612311
0.106041
0.0368269
0.257251
0.88207
0.562774
0.237568
0.12024
0.0791468
0.0613564
0.0700936
0.0990199
0.0318414
0.240253
0.82252
0.580751
0.25735
0.125419
0.0773642
0.0599306
0.0690997
0.0822131
0.0271078
0.214326
0.690399
0.543649
0.269994
0.141576
0.0853874
0.0640362
0.0634973
0.0601094
0.0196411
0.189131
0.542443
0.457436
0.268075
0.156317
0.0939334
0.0663379
0.0555633
0.0475102
0.0170168
0.166102
0.419764
0.382189
0.265267
0.164348
0.0998933
0.0676726
0.0433415
0.0304201
0.0133857
0.152806
0.324869
0.310347
0.253632
0.1687
0.103425
0.0653709
0.0339866
0.0217663
0.0115002
0.14197
0.221938
0.271637
0.24818
0.184348
0.115828
0.0726157
0.0299808
0.0168059
0.00994981
0.156307
0.217122
0.290801
0.300716
0.235426
0.173085
0.1256
0.0505711
0.0317935
0.0128279
0.184564
0.282178
0.356216
0.345821
0.298992
0.302624
0.291842
0.230851
0.196484
0.0558468
0.220902
0.359448
0.350865
0.337535
0.329536
0.357607
0.337255
0.194292
0.188409
0.0369473
0.167483
0.161665
0.230306
0.225851
0.168235
0.109028
0.0723042
0.0321582
0.0187277
0.00899552
0.146219
0.154172
0.204234
0.192663
0.149545
0.0890642
0.0518876
0.0180893
0.00997244
0.00743447
0.147238
0.222736
0.267336
0.242596
0.166907
0.094212
0.0594128
0.0236802
0.0137828
0.00784574
0.146069
0.303247
0.331361
0.273277
0.174378
0.102043
0.068486
0.0307352
0.0184132
0.008643
0.150791
0.39338
0.40109
0.301313
0.179858
0.103852
0.0749917
0.0446755
0.031193
0.0113554
0.154672
0.495253
0.474679
0.318676
0.182013
0.107406
0.0793742
0.0549244
0.0401212
0.0127386
0.159835
0.578112
0.507856
0.31475
0.176728
0.107622
0.0815404
0.0700711
0.058984
0.0170324
0.158485
0.620988
0.516821
0.307534
0.175313
0.110872
0.084536
0.07604
0.0687971
0.018758
0.156555
0.62954
0.487626
0.278502
0.158042
0.10258
0.074623
0.0729318
0.0753155
0.02447
0.156567
0.629562
0.487609
0.278507
0.15807
0.102609
0.0746555
0.0729445
0.0753059
0.0244609
0.158525
0.621094
0.516813
0.307445
0.175286
0.110862
0.0845419
0.0760412
0.0687696
0.0187458
0.159885
0.578306
0.507877
0.314696
0.176696
0.107614
0.0815386
0.0700507
0.0589447
0.0170223
0.154721
0.495522
0.474739
0.318647
0.182011
0.107382
0.0793787
0.0549011
0.0400898
0.0127331
0.150828
0.393682
0.401259
0.30138
0.179889
0.103879
0.0749953
0.0446549
0.0311729
0.0113516
0.146099
0.303498
0.331536
0.273382
0.174419
0.1021
0.0684806
0.0307097
0.0184002
0.00864268
0.147265
0.222915
0.267489
0.242696
0.166927
0.094187
0.0593837
0.0236745
0.0137782
0.00785051
0.146222
0.154234
0.204323
0.192709
0.149483
0.0889868
0.0518466
0.0180697
0.00997334
0.00743954
0.167503
0.161689
0.230286
0.225793
0.168132
0.108909
0.0722308
0.0321773
0.0187892
0.00900657
0.22093
0.359464
0.350619
0.337308
0.329269
0.357349
0.337128
0.19441
0.188608
0.0369998
0.256964
0.291566
0.315865
0.325932
0.355877
0.283257
0.285756
0.183413
0.074577
0.028091
0.193569
0.112998
0.164378
0.180324
0.117761
0.0895964
0.0676888
0.0260609
0.0122409
0.0113857
0.166589
0.111866
0.165604
0.152375
0.108416
0.0613335
0.0400434
0.0163537
0.00941575
0.00851711
0.164725
0.176167
0.252849
0.225158
0.145242
0.0791775
0.0526623
0.0227108
0.0118505
0.00818392
0.157612
0.250096
0.322349
0.266988
0.164195
0.0887396
0.0605801
0.0272631
0.0141661
0.00805675
0.161953
0.310086
0.417491
0.320058
0.18882
0.103773
0.0768694
0.0401675
0.0241676
0.00966395
0.156879
0.355925
0.483079
0.347211
0.202047
0.11214
0.0855786
0.0462052
0.0299799
0.0106384
0.156009
0.399402
0.519637
0.36161
0.216157
0.126916
0.104699
0.0633574
0.0467623
0.0133087
0.150011
0.420011
0.535305
0.363991
0.220965
0.136214
0.114307
0.0717238
0.0540898
0.0148501
0.147538
0.420851
0.515437
0.345703
0.220027
0.142703
0.119302
0.0765768
0.0625832
0.0171222
0.147543
0.420879
0.515428
0.345689
0.220002
0.142689
0.119301
0.0765779
0.0625808
0.0171215
0.15003
0.420125
0.535313
0.363943
0.220926
0.136182
0.114304
0.0717177
0.0540793
0.014847
0.156048
0.39956
0.519676
0.361575
0.216115
0.126916
0.104708
0.0633478
0.0467507
0.0133062
0.156918
0.356144
0.483153
0.347181
0.202047
0.112124
0.0855714
0.046197
0.0299749
0.0106363
0.161985
0.310311
0.417615
0.320071
0.188811
0.103756
0.0768593
0.0401677
0.0241699
0.00966416
0.15765
0.25029
0.32246
0.267038
0.164166
0.0887155
0.0605785
0.0272683
0.0141686
0.00805682
0.164761
0.176243
0.252927
0.225213
0.145205
0.0791536
0.0526516
0.0227203
0.0118533
0.00818479
0.166599
0.111886
0.165601
0.152378
0.108363
0.0613106
0.0400491
0.0163662
0.00942008
0.00851812
0.193598
0.113004
0.164346
0.18026
0.117713
0.0895374
0.067659
0.0261164
0.0122627
0.0113908
0.257023
0.291549
0.315701
0.32576
0.355662
0.283175
0.285719
0.183645
0.0747312
0.0281265
0.232517
0.121362
0.114634
0.114716
0.0844133
0.0883213
0.0715976
0.0396506
0.0303377
0.0109397
0.18278
0.0397907
0.0464187
0.0382654
0.0240928
0.0183049
0.0149842
0.00976368
0.0127601
0.0118478
0.169703
0.0340001
0.0463335
0.032433
0.0216586
0.0144974
0.0115928
0.00825614
0.00957477
0.0080252
0.166107
0.0507158
0.0744032
0.0505021
0.0304371
0.0182002
0.0143829
0.00895658
0.00926992
0.00757626
0.160647
0.0571611
0.0922539
0.062947
0.0385653
0.0204885
0.0157753
0.00933852
0.00884905
0.00708222
0.171907
0.122269
0.112637
0.0861141
0.0467302
0.0289593
0.0216427
0.0120902
0.0100393
0.00722191
0.165955
0.121077
0.124082
0.0976424
0.0507076
0.029908
0.0239691
0.0132818
0.0109605
0.00721174
0.165183
0.132317
0.137971
0.108393
0.0590295
0.0360129
0.0352217
0.0194759
0.0147917
0.00788832
0.161631
0.133438
0.138262
0.109612
0.0623277
0.0393519
0.0394464
0.0221207
0.0164634
0.00828342
0.159947
0.12923
0.130659
0.107855
0.0671192
0.0453967
0.0467279
0.0276407
0.0195132
0.0089897
0.159954
0.129241
0.130669
0.107872
0.0670961
0.0453754
0.046709
0.0276351
0.0195122
0.00898993
0.161652
0.133472
0.138261
0.109555
0.0622768
0.0393197
0.0394197
0.0221204
0.0164616
0.00828318
0.165213
0.132374
0.137984
0.108361
0.0589757
0.0359744
0.0351809
0.0194763
0.014791
0.0078881
0.165976
0.121135
0.124108
0.0976275
0.0506517
0.0298613
0.0239538
0.0132814
0.01096
0.00721164
0.171931
0.122329
0.112657
0.0861123
0.0466803
0.028918
0.0216325
0.0120897
0.0100393
0.00722171
0.160671
0.057182
0.0922635
0.0629548
0.0385316
0.0204722
0.0157737
0.00933929
0.00884852
0.0070824
0.166132
0.050708
0.0743922
0.0504944
0.030416
0.0181913
0.0143859
0.00895888
0.00926944
0.00757769
0.16972
0.0339918
0.0462988
0.0324283
0.0216525
0.0144963
0.0115975
0.00825828
0.0095745
0.00802833
0.182819
0.0398126
0.046423
0.0382787
0.0240926
0.0183109
0.0149957
0.00977293
0.0127654
0.0118612
0.23261
0.121398
0.114666
0.114781
0.0844652
0.0883756
0.0716714
0.0397096
0.0303768
0.0109633
)
;

boundaryField
{
    side
    {
        type            inletOutlet;
        inletValue      uniform 1e-05;
        value           nonuniform List<scalar> 
800
(
1e-05
1e-05
1e-05
1e-05
1e-05
1e-05
1e-05
1e-05
1e-05
1e-05
1e-05
1e-05
1e-05
1e-05
1e-05
1e-05
1e-05
1e-05
1e-05
1e-05
1e-05
1e-05
1e-05
1e-05
1e-05
1e-05
1e-05
1e-05
1e-05
1e-05
1e-05
1e-05
1e-05
1e-05
1e-05
1e-05
1e-05
1e-05
1e-05
1e-05
1e-05
1e-05
1e-05
1e-05
1e-05
1e-05
1e-05
1e-05
1e-05
1e-05
1e-05
1e-05
1e-05
1e-05
1e-05
1e-05
1e-05
1e-05
1e-05
1e-05
0.000107548
0.000165631
1e-05
1e-05
1e-05
1e-05
1e-05
1e-05
1e-05
1e-05
1e-05
1e-05
1e-05
1e-05
1e-05
1e-05
1e-05
1e-05
0.000165687
0.000107592
0.000673331
0.000730079
1e-05
1e-05
1e-05
1e-05
1e-05
1e-05
1e-05
1e-05
1e-05
1e-05
1e-05
1e-05
1e-05
1e-05
1e-05
1e-05
0.000730433
0.000673653
0.00229673
1e-05
1e-05
1e-05
1e-05
1e-05
1e-05
1e-05
1e-05
1e-05
1e-05
1e-05
1e-05
1e-05
1e-05
1e-05
1e-05
1e-05
1e-05
0.00229769
1e-05
1e-05
1e-05
1e-05
1e-05
1e-05
1e-05
1e-05
1e-05
1e-05
1e-05
1e-05
1e-05
1e-05
1e-05
1e-05
1e-05
1e-05
1e-05
1e-05
1e-05
1e-05
1e-05
1e-05
1e-05
1e-05
1e-05
1e-05
1e-05
1e-05
1e-05
1e-05
1e-05
1e-05
1e-05
1e-05
1e-05
1e-05
1e-05
1e-05
1e-05
1e-05
1e-05
1e-05
1e-05
1e-05
1e-05
1e-05
1e-05
1e-05
1e-05
1e-05
1e-05
1e-05
1e-05
1e-05
1e-05
1e-05
1e-05
1e-05
1e-05
1e-05
1e-05
1e-05
1e-05
1e-05
1e-05
1e-05
1e-05
1e-05
1e-05
1e-05
1e-05
1e-05
1e-05
1e-05
1e-05
1e-05
1e-05
1e-05
1e-05
1e-05
1e-05
1e-05
1e-05
1e-05
1e-05
1e-05
1e-05
1e-05
1e-05
1e-05
1e-05
1e-05
1e-05
1e-05
1e-05
1e-05
1e-05
1e-05
1e-05
1e-05
1e-05
1e-05
1e-05
1e-05
1e-05
1e-05
1e-05
1e-05
1e-05
1e-05
1e-05
1e-05
1e-05
1e-05
1e-05
1e-05
1e-05
1e-05
1e-05
1e-05
1e-05
1e-05
1e-05
1e-05
1e-05
0.0125864
1e-05
1e-05
1e-05
1e-05
0.0125674
1e-05
1e-05
1e-05
1e-05
1e-05
1e-05
1e-05
1e-05
0.015756
1e-05
1e-05
1e-05
1e-05
1e-05
1e-05
0.0203809
1e-05
1e-05
0.0203499
1e-05
1e-05
1e-05
1e-05
1e-05
1e-05
0.0157139
1e-05
1e-05
1e-05
1e-05
0.0102475
1e-05
1e-05
1e-05
1e-05
0.031056
1e-05
1e-05
0.0310256
1e-05
1e-05
1e-05
1e-05
0.0102373
1e-05
1e-05
1e-05
0.0576038
1e-05
0.0103996
1e-05
1e-05
1e-05
1e-05
0.0274301
1e-05
1e-05
1e-05
1e-05
0.0273997
1e-05
1e-05
1e-05
1e-05
0.0104025
1e-05
0.057653
0.0557773
1e-05
0.00994641
0.0115005
1e-05
1e-05
0.0196637
1e-05
1e-05
1e-05
1e-05
1e-05
1e-05
0.0196411
1e-05
1e-05
0.0115002
0.00994981
1e-05
0.0558468
0.0369473
0.00899552
0.00743447
0.00784574
0.008643
1e-05
1e-05
0.0170324
0.018758
0.02447
0.0244609
0.0187458
0.0170223
1e-05
1e-05
0.00864268
0.00785051
0.00743954
0.00900657
0.0369998
0.028091
0.0113857
0.00851711
0.00818392
0.00805675
0.00966395
0.0106384
0.0133087
0.0148501
0.0171222
0.0171215
0.014847
0.0133062
0.0106363
0.00966416
0.00805682
0.00818479
0.00851812
0.0113908
0.0281265
0.0109397
0.0118478
0.0080252
0.00757626
0.00708222
0.00722191
0.00721174
0.00788832
0.00828342
0.0089897
0.00898993
0.00828318
0.0078881
0.00721164
0.00722171
0.0070824
0.00757769
0.00802833
0.0118612
0.0109633
1e-05
1e-05
0.000392076
0.000348726
1e-05
1e-05
1e-05
1e-05
1e-05
1e-05
1e-05
1e-05
1e-05
0.0999612
0.107443
1e-05
0.18454
0.220902
0.256964
0.232517
1e-05
1e-05
0.000444665
1e-05
1e-05
1e-05
1e-05
1e-05
1e-05
1e-05
1e-05
1e-05
1e-05
1e-05
1e-05
0.208479
0.282044
0.359448
0.291566
0.121362
1e-05
1e-05
1e-05
1e-05
1e-05
1e-05
1e-05
1e-05
1e-05
1e-05
1e-05
1e-05
0.0958656
0.108242
0.161145
0.207522
1e-05
1e-05
0.315865
0.114634
1e-05
1e-05
1e-05
1e-05
1e-05
1e-05
1e-05
1e-05
1e-05
1e-05
1e-05
1e-05
1e-05
0.0891233
1e-05
1e-05
0.345819
1e-05
1e-05
0.114716
1e-05
1e-05
1e-05
1e-05
1e-05
1e-05
1e-05
1e-05
1e-05
1e-05
1e-05
1e-05
1e-05
1e-05
0.140263
1e-05
0.299241
0.329536
0.355877
0.0844133
1e-05
1e-05
1e-05
1e-05
1e-05
1e-05
1e-05
1e-05
1e-05
1e-05
1e-05
1e-05
0.0502406
1e-05
1e-05
0.222961
0.302719
0.357607
1e-05
0.0883213
1e-05
1e-05
1e-05
1e-05
1e-05
1e-05
1e-05
1e-05
1e-05
1e-05
1e-05
1e-05
1e-05
0.110106
0.141516
1e-05
0.291966
0.337255
1e-05
0.0715976
1e-05
1e-05
1e-05
1e-05
1e-05
1e-05
1e-05
1e-05
1e-05
1e-05
1e-05
1e-05
1e-05
1e-05
0.147176
1e-05
1e-05
0.194292
0.183413
0.0396506
1e-05
1e-05
1e-05
1e-05
1e-05
1e-05
1e-05
1e-05
1e-05
1e-05
1e-05
1e-05
1e-05
1e-05
1e-05
1e-05
0.196365
1e-05
0.074577
0.0303377
1e-05
1e-05
2.7106e-05
0.000107548
0.000673331
1e-05
1e-05
1e-05
1e-05
1e-05
1e-05
1e-05
1e-05
1e-05
1e-05
1e-05
1e-05
0.0369473
0.028091
0.0109397
1e-05
1e-05
0.000392175
0.000348856
1e-05
1e-05
1e-05
1e-05
1e-05
1e-05
1e-05
1e-05
1e-05
0.099943
0.107445
1e-05
0.184564
0.22093
0.257023
0.23261
1e-05
1e-05
0.000444692
1e-05
1e-05
1e-05
1e-05
1e-05
1e-05
1e-05
1e-05
1e-05
1e-05
1e-05
1e-05
0.208552
0.282178
0.359464
0.291549
0.121398
1e-05
1e-05
1e-05
1e-05
1e-05
1e-05
1e-05
1e-05
1e-05
1e-05
1e-05
1e-05
0.0960368
0.108398
0.16136
0.207735
1e-05
1e-05
0.315701
0.114666
1e-05
1e-05
1e-05
1e-05
1e-05
1e-05
1e-05
1e-05
1e-05
1e-05
1e-05
1e-05
1e-05
0.0892831
1e-05
1e-05
0.345821
1e-05
1e-05
0.114781
1e-05
1e-05
1e-05
1e-05
1e-05
1e-05
1e-05
1e-05
1e-05
1e-05
1e-05
1e-05
1e-05
1e-05
0.140238
1e-05
0.298992
0.329269
0.355662
0.0844652
1e-05
1e-05
1e-05
1e-05
1e-05
1e-05
1e-05
1e-05
1e-05
1e-05
1e-05
1e-05
0.0502685
1e-05
1e-05
0.222852
0.302624
0.357349
1e-05
0.0883756
1e-05
1e-05
1e-05
1e-05
1e-05
1e-05
1e-05
1e-05
1e-05
1e-05
1e-05
1e-05
1e-05
0.110161
0.141389
1e-05
0.291842
0.337128
1e-05
0.0716714
1e-05
1e-05
1e-05
1e-05
1e-05
1e-05
1e-05
1e-05
1e-05
1e-05
1e-05
1e-05
1e-05
1e-05
0.147282
1e-05
1e-05
0.19441
0.183645
0.0397096
1e-05
1e-05
1e-05
1e-05
1e-05
1e-05
1e-05
1e-05
1e-05
1e-05
1e-05
1e-05
1e-05
1e-05
1e-05
1e-05
0.196484
1e-05
0.0747312
0.0303768
1e-05
1e-05
2.71079e-05
0.000107592
0.000673653
1e-05
1e-05
1e-05
1e-05
1e-05
1e-05
1e-05
1e-05
1e-05
1e-05
1e-05
1e-05
0.0369998
0.0281265
0.0109633
)
;
    }
    outlet
    {
        type            inletOutlet;
        inletValue      uniform 1e-05;
        value           nonuniform List<scalar> 
200
(
0.232517
0.18278
0.169703
0.166107
0.160647
0.171907
0.165955
0.165183
0.161631
0.159947
0.159954
0.161652
0.165213
0.165976
0.171931
0.160671
0.166132
0.16972
0.182819
0.23261
0.121362
0.0397907
1e-05
1e-05
1e-05
0.122269
0.121077
0.132317
0.133438
0.12923
0.129241
0.133472
0.132374
0.121135
0.122329
1e-05
1e-05
1e-05
0.0398126
0.121398
0.114634
0.0464187
1e-05
1e-05
1e-05
1e-05
1e-05
1e-05
1e-05
1e-05
1e-05
1e-05
1e-05
1e-05
1e-05
1e-05
1e-05
1e-05
0.046423
0.114666
0.114716
0.0382654
0.032433
0.0505021
1e-05
1e-05
1e-05
1e-05
1e-05
1e-05
1e-05
1e-05
1e-05
1e-05
1e-05
1e-05
0.0504944
0.0324283
0.0382787
0.114781
0.0844133
0.0240928
0.0216586
0.0304371
1e-05
1e-05
1e-05
1e-05
1e-05
1e-05
1e-05
1e-05
1e-05
1e-05
1e-05
1e-05
0.030416
0.0216525
0.0240926
0.0844652
0.0883213
0.0183049
0.0144974
0.0182002
0.0204885
1e-05
1e-05
1e-05
1e-05
1e-05
1e-05
1e-05
1e-05
1e-05
1e-05
0.0204722
0.0181913
0.0144963
0.0183109
0.0883756
0.0715976
0.0149842
0.0115928
0.0143829
0.0157753
0.0216427
0.0239691
1e-05
1e-05
1e-05
1e-05
1e-05
1e-05
0.0239538
0.0216325
0.0157737
0.0143859
0.0115975
0.0149957
0.0716714
0.0396506
0.00976368
0.00825614
0.00895658
0.00933852
0.0120902
0.0132818
0.0194759
0.0221207
0.0276407
0.0276351
0.0221204
0.0194763
0.0132814
0.0120897
0.00933929
0.00895888
0.00825828
0.00977293
0.0397096
0.0303377
0.0127601
0.00957477
0.00926992
0.00884905
0.0100393
0.0109605
0.0147917
0.0164634
0.0195132
0.0195122
0.0164616
0.014791
0.01096
0.0100393
0.00884852
0.00926944
0.0095745
0.0127654
0.0303768
0.0109397
0.0118478
0.0080252
0.00757626
0.00708222
0.00722191
0.00721174
0.00788832
0.00828342
0.0089897
0.00898993
0.00828318
0.0078881
0.00721164
0.00722171
0.0070824
0.00757769
0.00802833
0.0118612
0.0109633
)
;
    }
    ground
    {
        type            zeroGradient;
    }
    inlet
    {
        type            fixedValue;
        value           uniform 1e-05;
    }
    region0_to_pyrolysisRegion_coupledWall
    {
        type            zeroGradient;
    }
}


// ************************************************************************* //
