/*--------------------------------*- C++ -*----------------------------------*\
  =========                 |
  \\      /  F ield         | OpenFOAM: The Open Source CFD Toolbox
   \\    /   O peration     | Website:  https://openfoam.org
    \\  /    A nd           | Version:  7
     \\/     M anipulation  |
\*---------------------------------------------------------------------------*/
FoamFile
{
    version     2.0;
    format      ascii;
    class       volScalarField;
    location    "1";
    object      N2;
}
// * * * * * * * * * * * * * * * * * * * * * * * * * * * * * * * * * * * * * //

dimensions      [0 0 0 0 0 0 0];

internalField   nonuniform List<scalar> 
4000
(
0.745276
0.745505
0.766148
0.766982
0.76699
0.76699
0.76699
0.76699
0.76699
0.76699
0.691687
0.692001
0.76576
0.766981
0.76699
0.766989
0.766989
0.76699
0.76699
0.76699
0.643692
0.640627
0.765272
0.766976
0.766988
0.766982
0.766988
0.76699
0.76699
0.76699
0.558009
0.629023
0.765069
0.766964
0.76698
0.766971
0.766987
0.76699
0.76699
0.76699
0.506546
0.641709
0.765067
0.766952
0.766947
0.766971
0.766987
0.76699
0.76699
0.76699
0.452723
0.676384
0.765168
0.766903
0.766906
0.766974
0.766987
0.76699
0.76699
0.76699
0.485056
0.698279
0.765376
0.766865
0.766901
0.766976
0.766987
0.76699
0.76699
0.76699
0.492231
0.706161
0.765483
0.766751
0.766907
0.766978
0.766987
0.766989
0.76699
0.76699
0.480531
0.713468
0.765479
0.766686
0.766916
0.766978
0.766987
0.766989
0.76699
0.76699
0.486213
0.714348
0.765333
0.766689
0.76692
0.766978
0.766987
0.766989
0.76699
0.76699
0.486288
0.714349
0.765333
0.766689
0.76692
0.766978
0.766987
0.766989
0.76699
0.76699
0.480777
0.713471
0.765479
0.766686
0.766916
0.766978
0.766987
0.766989
0.76699
0.76699
0.492314
0.706161
0.765483
0.766751
0.766907
0.766978
0.766987
0.766989
0.76699
0.76699
0.485064
0.698279
0.765376
0.766865
0.766901
0.766976
0.766987
0.76699
0.76699
0.76699
0.452717
0.676384
0.765168
0.766903
0.766906
0.766974
0.766987
0.76699
0.76699
0.76699
0.506541
0.641713
0.765067
0.766952
0.766947
0.766971
0.766987
0.76699
0.76699
0.76699
0.558001
0.629028
0.765069
0.766964
0.76698
0.766971
0.766987
0.76699
0.76699
0.76699
0.643676
0.640627
0.765272
0.766976
0.766988
0.766982
0.766988
0.76699
0.76699
0.76699
0.691669
0.691987
0.76576
0.766981
0.76699
0.766989
0.766989
0.76699
0.76699
0.76699
0.745268
0.745498
0.766148
0.766982
0.76699
0.76699
0.76699
0.76699
0.76699
0.76699
0.762132
0.763382
0.76691
0.76699
0.76699
0.76699
0.766989
0.76699
0.76699
0.76699
0.745622
0.74649
0.76612
0.766977
0.76699
0.766988
0.766983
0.766988
0.76699
0.76699
0.720345
0.715034
0.764177
0.766933
0.766987
0.766974
0.766974
0.766988
0.76699
0.76699
0.687948
0.686514
0.762174
0.766868
0.76698
0.766941
0.766974
0.766988
0.76699
0.76699
0.630605
0.668137
0.762414
0.76688
0.766957
0.766927
0.766976
0.766988
0.76699
0.76699
0.57904
0.681142
0.762864
0.766878
0.766896
0.766931
0.766977
0.766988
0.76699
0.76699
0.545085
0.713252
0.763765
0.766855
0.766831
0.766942
0.766977
0.766987
0.76699
0.76699
0.592375
0.737871
0.76483
0.766792
0.766822
0.766944
0.766977
0.766987
0.76699
0.76699
0.6089
0.742815
0.765281
0.766613
0.766844
0.766942
0.766976
0.766987
0.76699
0.76699
0.600964
0.74212
0.765155
0.766398
0.766839
0.766928
0.766975
0.766987
0.76699
0.76699
0.60099
0.74212
0.765155
0.766398
0.766839
0.766928
0.766975
0.766987
0.76699
0.76699
0.608927
0.742815
0.765281
0.766613
0.766844
0.766942
0.766976
0.766987
0.76699
0.76699
0.592395
0.73787
0.76483
0.766792
0.766822
0.766944
0.766977
0.766987
0.76699
0.76699
0.545087
0.713254
0.763765
0.766855
0.766833
0.766942
0.766977
0.766987
0.76699
0.76699
0.57903
0.681143
0.762864
0.766878
0.766893
0.766931
0.766977
0.766988
0.76699
0.76699
0.630592
0.668138
0.762414
0.76688
0.766958
0.766927
0.766976
0.766988
0.76699
0.76699
0.687939
0.686515
0.762174
0.766868
0.76698
0.766941
0.766974
0.766988
0.76699
0.76699
0.720341
0.715036
0.764177
0.766933
0.766987
0.766974
0.766974
0.766988
0.76699
0.76699
0.745622
0.746491
0.76612
0.766977
0.76699
0.766988
0.766983
0.766988
0.76699
0.76699
0.762132
0.763382
0.76691
0.76699
0.76699
0.76699
0.766989
0.76699
0.76699
0.76699
0.766568
0.766809
0.766988
0.76699
0.76699
0.76699
0.766988
0.766987
0.766989
0.76699
0.76484
0.765162
0.766876
0.766988
0.766989
0.766986
0.766972
0.766974
0.766987
0.76699
0.758844
0.756048
0.766017
0.76696
0.766986
0.766974
0.766933
0.766971
0.766987
0.76699
0.734067
0.731558
0.763348
0.766845
0.76698
0.766932
0.766916
0.766973
0.766987
0.76699
0.689082
0.700699
0.759146
0.766614
0.766949
0.766843
0.766917
0.766973
0.766987
0.76699
0.63389
0.687439
0.754501
0.766366
0.766901
0.766819
0.766921
0.766972
0.766987
0.76699
0.596654
0.700563
0.757428
0.766445
0.766784
0.766805
0.766916
0.766971
0.766986
0.76699
0.59772
0.730909
0.761647
0.766554
0.766715
0.766781
0.766913
0.766969
0.766986
0.76699
0.628599
0.746993
0.764255
0.766514
0.76654
0.766773
0.766908
0.766968
0.766986
0.76699
0.646131
0.752803
0.764635
0.766159
0.766444
0.766806
0.766905
0.766967
0.766985
0.76699
0.646103
0.752802
0.764635
0.766159
0.766444
0.766806
0.766905
0.766967
0.766985
0.76699
0.628548
0.746992
0.764256
0.766514
0.76654
0.766773
0.766908
0.766968
0.766986
0.76699
0.59773
0.730911
0.761648
0.766554
0.766715
0.766781
0.766913
0.766969
0.766986
0.76699
0.596643
0.700563
0.757428
0.766444
0.766784
0.766805
0.766916
0.766971
0.766986
0.76699
0.633868
0.687433
0.754499
0.766366
0.766901
0.766819
0.766921
0.766972
0.766987
0.76699
0.689062
0.700691
0.759144
0.766614
0.766949
0.766843
0.766917
0.766973
0.766987
0.76699
0.734054
0.73155
0.763347
0.766845
0.76698
0.766932
0.766916
0.766973
0.766987
0.76699
0.758847
0.756046
0.766017
0.76696
0.766986
0.766974
0.766933
0.766971
0.766987
0.76699
0.76484
0.765162
0.766876
0.766988
0.766989
0.766986
0.766972
0.766974
0.766987
0.76699
0.766568
0.766809
0.766988
0.76699
0.76699
0.76699
0.766988
0.766987
0.766989
0.76699
0.766909
0.766987
0.76699
0.76699
0.76699
0.76699
0.76699
0.766982
0.766978
0.766988
0.766734
0.76691
0.766986
0.76699
0.766989
0.766986
0.766966
0.766922
0.76695
0.766985
0.766191
0.766154
0.766909
0.766987
0.766987
0.766978
0.766914
0.766871
0.766956
0.766987
0.762436
0.762002
0.766345
0.766962
0.766984
0.766936
0.766795
0.766872
0.766958
0.766986
0.741986
0.741663
0.763418
0.7668
0.766964
0.766848
0.766738
0.766878
0.766958
0.766987
0.690338
0.708955
0.757066
0.766467
0.766885
0.766676
0.766718
0.766882
0.766957
0.766987
0.628703
0.698511
0.751399
0.765815
0.766762
0.76663
0.766714
0.766881
0.766956
0.766987
0.611999
0.716855
0.754915
0.765916
0.766622
0.76658
0.766678
0.766877
0.766955
0.766987
0.631693
0.742232
0.760799
0.766221
0.766494
0.766563
0.766654
0.766873
0.766953
0.766986
0.652391
0.753366
0.763837
0.766059
0.766168
0.766562
0.766654
0.766871
0.766952
0.766986
0.652346
0.753366
0.763838
0.766059
0.766169
0.766562
0.766654
0.766871
0.766952
0.766986
0.631598
0.742234
0.760801
0.766221
0.766493
0.766563
0.766654
0.766873
0.766953
0.766986
0.611982
0.71686
0.754913
0.765916
0.766622
0.766579
0.766678
0.766877
0.766955
0.766987
0.628691
0.698506
0.751394
0.765814
0.766762
0.76663
0.766714
0.766881
0.766956
0.766987
0.690319
0.70894
0.75706
0.766467
0.766885
0.766676
0.766718
0.766882
0.766957
0.766987
0.741975
0.74165
0.763416
0.7668
0.766964
0.766848
0.766738
0.766878
0.766958
0.766987
0.762434
0.762
0.766344
0.766962
0.766984
0.766936
0.766795
0.766872
0.766958
0.766986
0.766191
0.766153
0.766909
0.766987
0.766987
0.766978
0.766914
0.766871
0.766956
0.766987
0.766734
0.76691
0.766986
0.76699
0.766989
0.766986
0.766966
0.766922
0.76695
0.766985
0.766909
0.766987
0.76699
0.76699
0.76699
0.76699
0.76699
0.766982
0.766978
0.766988
0.766924
0.766989
0.76699
0.76699
0.76699
0.76699
0.76699
0.766988
0.766952
0.766953
0.766842
0.766985
0.76699
0.76699
0.766989
0.766986
0.766973
0.7669
0.766781
0.766923
0.766801
0.766927
0.766983
0.766989
0.766988
0.76698
0.766939
0.766728
0.766769
0.766946
0.766311
0.766479
0.766915
0.766985
0.766978
0.76695
0.76678
0.766575
0.766777
0.766948
0.763144
0.763332
0.76637
0.766939
0.766959
0.766853
0.766563
0.766519
0.766783
0.766955
0.740243
0.746546
0.764145
0.766754
0.766872
0.766642
0.766413
0.766494
0.766787
0.76696
0.672899
0.711717
0.756103
0.766279
0.766772
0.766437
0.766291
0.766464
0.766786
0.766963
0.62847
0.709833
0.752312
0.765441
0.766455
0.766355
0.766254
0.766437
0.766787
0.766965
0.631158
0.731029
0.755884
0.765634
0.766351
0.766273
0.766251
0.766401
0.766785
0.766965
0.654905
0.751535
0.761935
0.76581
0.765998
0.76603
0.766262
0.766383
0.766784
0.766964
0.654849
0.751536
0.761935
0.765809
0.765998
0.76603
0.766262
0.766383
0.766784
0.766964
0.631038
0.731037
0.755884
0.765634
0.766351
0.766273
0.766251
0.766401
0.766785
0.766965
0.628451
0.709833
0.752309
0.765441
0.766456
0.766355
0.766254
0.766437
0.766787
0.766965
0.672895
0.711707
0.756095
0.766278
0.766773
0.766437
0.76629
0.766464
0.766786
0.766963
0.740238
0.746536
0.764142
0.766754
0.766873
0.766642
0.766413
0.766494
0.766787
0.76696
0.763143
0.76333
0.76637
0.766939
0.766959
0.766853
0.766563
0.766519
0.766783
0.766955
0.766311
0.766479
0.766915
0.766985
0.766978
0.76695
0.76678
0.766575
0.766777
0.766948
0.766801
0.766927
0.766983
0.766989
0.766988
0.76698
0.766939
0.766728
0.766768
0.766946
0.766842
0.766985
0.76699
0.76699
0.766989
0.766986
0.766973
0.7669
0.766781
0.766923
0.766924
0.766989
0.76699
0.76699
0.76699
0.76699
0.76699
0.766988
0.766952
0.766953
0.766931
0.76699
0.76699
0.76699
0.76699
0.76699
0.76699
0.766989
0.766953
0.766801
0.766846
0.766987
0.766989
0.76699
0.76699
0.766987
0.766972
0.76691
0.76657
0.766663
0.766842
0.766978
0.766987
0.766988
0.766987
0.76698
0.766938
0.766731
0.766279
0.766743
0.766653
0.76685
0.766924
0.766975
0.766964
0.766947
0.766766
0.766259
0.766141
0.766759
0.765858
0.766218
0.766701
0.766874
0.766911
0.766828
0.766401
0.7659
0.766086
0.766806
0.760906
0.762741
0.766014
0.766709
0.766734
0.766576
0.765988
0.765731
0.766072
0.766851
0.724162
0.743016
0.763443
0.766445
0.76664
0.766135
0.765757
0.765647
0.766049
0.766872
0.650876
0.713284
0.753705
0.765467
0.766436
0.766097
0.765742
0.765589
0.766046
0.766892
0.636301
0.722379
0.754825
0.765266
0.766109
0.765993
0.76569
0.765594
0.76605
0.766905
0.654436
0.747469
0.760139
0.765406
0.765831
0.765755
0.76561
0.765621
0.766026
0.766906
0.654375
0.747475
0.760139
0.765406
0.765831
0.765755
0.76561
0.765621
0.766026
0.766906
0.636166
0.722382
0.754825
0.765266
0.766109
0.765994
0.76569
0.765594
0.76605
0.766905
0.650875
0.713283
0.753702
0.765467
0.766436
0.766097
0.765742
0.765589
0.766046
0.766892
0.724166
0.743007
0.763441
0.766445
0.76664
0.766135
0.765757
0.765647
0.766049
0.766872
0.760906
0.762739
0.766014
0.766709
0.766734
0.766575
0.765988
0.76573
0.766072
0.766851
0.765859
0.766218
0.766701
0.766873
0.766912
0.766828
0.766401
0.7659
0.766086
0.766805
0.766653
0.76685
0.766924
0.766975
0.766963
0.766947
0.766766
0.766259
0.766141
0.766759
0.766842
0.766978
0.766987
0.766988
0.766987
0.76698
0.766938
0.766731
0.766278
0.766743
0.766846
0.766987
0.766989
0.76699
0.76699
0.766987
0.766972
0.76691
0.76657
0.766663
0.766931
0.76699
0.76699
0.76699
0.76699
0.76699
0.76699
0.766989
0.766953
0.766801
0.766927
0.76699
0.76699
0.76699
0.76699
0.76699
0.76699
0.766989
0.766955
0.766533
0.76683
0.766979
0.766982
0.766989
0.766989
0.766986
0.766968
0.766888
0.766385
0.766196
0.766801
0.766964
0.76697
0.766976
0.766977
0.76696
0.766908
0.766635
0.765652
0.766289
0.766393
0.766775
0.766908
0.766908
0.766907
0.766872
0.766635
0.765846
0.765046
0.766365
0.765602
0.766204
0.766431
0.766464
0.76668
0.766628
0.766114
0.765028
0.764745
0.766474
0.763843
0.764953
0.765976
0.766059
0.766361
0.766244
0.765342
0.764575
0.764697
0.766627
0.752565
0.758877
0.764696
0.766032
0.766134
0.765725
0.764943
0.764367
0.764685
0.76669
0.693342
0.728335
0.757695
0.765462
0.766163
0.76552
0.76489
0.764357
0.764742
0.766749
0.643983
0.722443
0.7531
0.764754
0.765932
0.76558
0.764972
0.764341
0.764723
0.766782
0.652407
0.741552
0.758209
0.764918
0.765557
0.765449
0.764989
0.764316
0.764748
0.766799
0.652341
0.741554
0.758209
0.764919
0.765557
0.765449
0.764989
0.764316
0.764748
0.766799
0.643873
0.722445
0.753102
0.764755
0.765931
0.765579
0.764972
0.764341
0.764723
0.766782
0.693381
0.728337
0.757694
0.765462
0.766163
0.765519
0.76489
0.764357
0.764742
0.766749
0.752571
0.758876
0.764695
0.766032
0.766133
0.765724
0.764943
0.764367
0.764685
0.76669
0.763844
0.764952
0.765975
0.766058
0.76636
0.766244
0.765342
0.764575
0.764697
0.766627
0.765602
0.766203
0.766431
0.766464
0.76668
0.766628
0.766114
0.765028
0.764744
0.766474
0.766394
0.766775
0.766908
0.766908
0.766907
0.766872
0.766635
0.765846
0.765045
0.766365
0.766801
0.766964
0.766969
0.766976
0.766977
0.76696
0.766908
0.766635
0.765652
0.766289
0.76683
0.766979
0.766982
0.766989
0.766989
0.766986
0.766968
0.766888
0.766385
0.766196
0.766927
0.76699
0.76699
0.76699
0.76699
0.76699
0.76699
0.766989
0.766955
0.766533
0.766892
0.766973
0.76699
0.76699
0.76699
0.76699
0.76699
0.766986
0.766862
0.766195
0.766708
0.766884
0.766917
0.766964
0.766982
0.766967
0.766954
0.76676
0.765689
0.76568
0.766274
0.766729
0.766801
0.766897
0.766898
0.766817
0.766763
0.766203
0.764419
0.76581
0.764662
0.765983
0.766304
0.766571
0.766512
0.766173
0.766077
0.764797
0.76346
0.765962
0.763136
0.7644
0.764953
0.765444
0.76552
0.765422
0.765159
0.763575
0.763062
0.766202
0.762662
0.763958
0.764284
0.76484
0.765376
0.765276
0.764107
0.762814
0.762779
0.76628
0.758242
0.76138
0.764117
0.765032
0.765489
0.765071
0.763736
0.762585
0.762694
0.76634
0.729489
0.747296
0.76098
0.764992
0.765679
0.765003
0.763769
0.762529
0.762738
0.766416
0.658714
0.724288
0.752794
0.764321
0.765676
0.765183
0.764134
0.762467
0.763017
0.766596
0.651762
0.736643
0.756621
0.764516
0.765384
0.765157
0.764354
0.762698
0.763133
0.766616
0.651698
0.736641
0.756622
0.764517
0.765384
0.765157
0.764354
0.762698
0.763133
0.766616
0.658644
0.724292
0.752797
0.764322
0.765676
0.765183
0.764134
0.762466
0.763017
0.766596
0.729515
0.747304
0.760981
0.764992
0.765679
0.765003
0.763769
0.762529
0.762738
0.766416
0.758247
0.761381
0.764117
0.765032
0.765488
0.76507
0.763736
0.762584
0.762694
0.76634
0.762664
0.763959
0.764283
0.76484
0.765375
0.765276
0.764107
0.762814
0.762779
0.76628
0.76314
0.7644
0.764953
0.765443
0.765519
0.765421
0.765159
0.763575
0.763062
0.766202
0.764667
0.765984
0.766304
0.766571
0.766512
0.766172
0.766077
0.764797
0.76346
0.765962
0.766275
0.766729
0.766801
0.766897
0.766898
0.766817
0.766763
0.766203
0.764419
0.76581
0.766708
0.766884
0.766917
0.766964
0.766982
0.766967
0.766954
0.76676
0.765689
0.76568
0.766891
0.766973
0.76699
0.76699
0.76699
0.76699
0.76699
0.766986
0.766862
0.766195
0.766822
0.76694
0.766989
0.766989
0.766989
0.766989
0.766984
0.766954
0.766205
0.765916
0.766279
0.766496
0.766652
0.766727
0.766916
0.766932
0.766781
0.76616
0.763419
0.765157
0.764051
0.765529
0.766071
0.766247
0.766551
0.766553
0.765858
0.764366
0.762072
0.765384
0.757862
0.761554
0.763088
0.763857
0.764683
0.765056
0.76401
0.762298
0.761016
0.765506
0.758602
0.760636
0.761739
0.762589
0.763481
0.763749
0.762831
0.760967
0.760393
0.765468
0.758727
0.760444
0.761969
0.762595
0.76334
0.763782
0.762112
0.760275
0.760238
0.765909
0.756942
0.760304
0.762638
0.762468
0.764191
0.764058
0.761898
0.759721
0.759525
0.765854
0.739111
0.753023
0.76095
0.763657
0.76426
0.764524
0.762463
0.759758
0.759534
0.765947
0.678026
0.729271
0.753028
0.76342
0.76503
0.76481
0.763344
0.760355
0.760877
0.766156
0.652404
0.734446
0.755677
0.763727
0.764944
0.764886
0.764006
0.761245
0.761067
0.766186
0.65236
0.734445
0.755679
0.763728
0.764944
0.764887
0.764006
0.761245
0.761067
0.766186
0.677991
0.729275
0.753031
0.763421
0.765031
0.76481
0.763343
0.760355
0.760877
0.766156
0.739124
0.753027
0.760951
0.763657
0.76426
0.764524
0.762463
0.759758
0.759534
0.765948
0.756946
0.760305
0.762638
0.762467
0.764191
0.764058
0.761898
0.759721
0.759525
0.765854
0.758731
0.760445
0.761969
0.762595
0.76334
0.763783
0.762112
0.760275
0.760237
0.765909
0.758608
0.760637
0.76174
0.762588
0.76348
0.76375
0.762831
0.760967
0.760393
0.765468
0.757867
0.761555
0.763089
0.763856
0.764683
0.765056
0.764009
0.762298
0.761016
0.765506
0.764052
0.765529
0.766071
0.766247
0.766551
0.766553
0.765858
0.764366
0.762072
0.765384
0.766279
0.766495
0.766652
0.766727
0.766915
0.766932
0.766781
0.76616
0.763419
0.765157
0.766822
0.76694
0.766989
0.766989
0.766989
0.766989
0.766984
0.766954
0.766206
0.765916
0.76659
0.76684
0.76698
0.766974
0.766977
0.766967
0.766952
0.766675
0.766128
0.765641
0.764431
0.76547
0.76616
0.765954
0.76649
0.76654
0.76618
0.763855
0.762291
0.764761
0.753681
0.760002
0.764584
0.7642
0.765075
0.764779
0.763215
0.76033
0.759643
0.765047
0.749122
0.753319
0.758342
0.758384
0.760321
0.760782
0.76019
0.758418
0.758036
0.764937
0.7493
0.753215
0.756516
0.757092
0.75913
0.760291
0.759481
0.757157
0.756473
0.764451
0.754743
0.756877
0.758516
0.758264
0.759849
0.761113
0.759387
0.756558
0.756369
0.765229
0.75474
0.758082
0.759639
0.76062
0.761744
0.76246
0.759644
0.756809
0.757826
0.765783
0.738534
0.75285
0.760007
0.761935
0.763279
0.763585
0.760675
0.757054
0.757892
0.765809
0.680794
0.730696
0.753014
0.761385
0.764039
0.764212
0.762816
0.758173
0.75636
0.764348
0.652083
0.733245
0.755267
0.762726
0.764509
0.764531
0.763718
0.760164
0.756842
0.764808
0.652048
0.733245
0.755269
0.762727
0.764509
0.764531
0.763718
0.760163
0.756842
0.764809
0.680757
0.730697
0.753016
0.761386
0.76404
0.764213
0.762817
0.758173
0.756361
0.764349
0.73854
0.752854
0.760008
0.761936
0.763279
0.763585
0.760676
0.757054
0.757893
0.76581
0.754744
0.758083
0.759639
0.760619
0.761745
0.76246
0.759644
0.756808
0.757827
0.765784
0.754745
0.756878
0.758515
0.758263
0.75985
0.761112
0.759387
0.756558
0.756369
0.76523
0.749302
0.753217
0.756515
0.75709
0.75913
0.760286
0.759481
0.757157
0.756473
0.764451
0.749127
0.753321
0.75834
0.758383
0.760321
0.760775
0.76019
0.758419
0.758037
0.764938
0.753687
0.760005
0.764583
0.7642
0.765074
0.764778
0.763215
0.76033
0.759644
0.765047
0.764433
0.765471
0.766159
0.765954
0.766489
0.766541
0.76618
0.763854
0.762291
0.764762
0.766589
0.76684
0.76698
0.766974
0.766977
0.766967
0.766952
0.766675
0.766128
0.765642
0.765722
0.766507
0.766822
0.766934
0.766689
0.766623
0.766644
0.765528
0.764995
0.765356
0.758627
0.76292
0.763622
0.765143
0.762989
0.762984
0.763323
0.759054
0.759821
0.764679
0.735607
0.748912
0.755649
0.761704
0.758708
0.755888
0.757021
0.754813
0.756602
0.764752
0.735185
0.742682
0.747475
0.751785
0.752026
0.753826
0.754451
0.753077
0.753807
0.763573
0.744626
0.74405
0.747685
0.750004
0.752217
0.754727
0.754779
0.752725
0.754566
0.765049
0.751671
0.753168
0.752484
0.752365
0.754522
0.756868
0.755519
0.752863
0.75515
0.765501
0.752126
0.756138
0.757583
0.757918
0.75821
0.759808
0.756699
0.75286
0.75261
0.763784
0.735123
0.751037
0.7584
0.759396
0.761731
0.761975
0.759276
0.753857
0.752438
0.762857
0.679131
0.729533
0.752401
0.760514
0.762159
0.763077
0.762045
0.756824
0.752854
0.764287
0.650924
0.732131
0.75389
0.761822
0.763747
0.764029
0.76335
0.75973
0.753961
0.764656
0.650891
0.732132
0.753893
0.761823
0.763748
0.764029
0.76335
0.75973
0.753961
0.764657
0.679088
0.729531
0.752403
0.760515
0.76216
0.763077
0.762045
0.756821
0.752854
0.764288
0.735119
0.751038
0.758401
0.759396
0.761732
0.761975
0.759276
0.753856
0.752439
0.76286
0.752128
0.75614
0.757583
0.757919
0.758211
0.759808
0.756701
0.75286
0.752613
0.763787
0.751672
0.753169
0.752486
0.752365
0.754521
0.756868
0.75552
0.752864
0.755153
0.765503
0.744623
0.74405
0.747683
0.75
0.752215
0.754735
0.754779
0.752726
0.754568
0.76505
0.735183
0.742681
0.747472
0.751774
0.75202
0.75384
0.754452
0.753078
0.753809
0.763575
0.735611
0.748918
0.755647
0.761696
0.758688
0.755909
0.757023
0.754814
0.756603
0.764753
0.75863
0.762921
0.763621
0.76514
0.762991
0.762987
0.763324
0.759054
0.759822
0.764679
0.765721
0.766507
0.766822
0.766933
0.766688
0.766623
0.766644
0.765528
0.764995
0.765357
0.76448
0.76568
0.766173
0.766236
0.766045
0.766124
0.765125
0.764976
0.764581
0.76498
0.752146
0.75732
0.759244
0.759576
0.758931
0.759756
0.756847
0.756765
0.758429
0.763743
0.727319
0.735969
0.744517
0.751267
0.750118
0.748343
0.748497
0.74874
0.753922
0.764037
0.729642
0.732968
0.737659
0.74155
0.743129
0.746126
0.747237
0.747376
0.751051
0.763722
0.739549
0.741793
0.740465
0.741609
0.744421
0.748152
0.749093
0.747613
0.749664
0.763195
0.745336
0.75077
0.749097
0.745313
0.748247
0.751696
0.751444
0.748467
0.74985
0.76255
0.744914
0.754107
0.755902
0.753643
0.753783
0.756106
0.753954
0.749415
0.750174
0.764194
0.725169
0.749002
0.756614
0.758022
0.759674
0.760078
0.757602
0.751541
0.749199
0.763518
0.675527
0.727739
0.750436
0.758782
0.760771
0.76147
0.760807
0.756069
0.750375
0.763393
0.648048
0.729427
0.752497
0.759954
0.762281
0.763013
0.76261
0.759265
0.752725
0.764427
0.648002
0.729428
0.752501
0.759955
0.762281
0.763014
0.76261
0.759265
0.752724
0.764428
0.67547
0.727734
0.750438
0.758784
0.760771
0.76147
0.760807
0.756064
0.750373
0.763395
0.725149
0.749002
0.756614
0.758023
0.759675
0.760079
0.757602
0.751537
0.749202
0.763521
0.74491
0.754108
0.755903
0.753649
0.753791
0.756108
0.753956
0.749414
0.75018
0.764197
0.745333
0.750771
0.749101
0.745315
0.74825
0.751697
0.751446
0.748468
0.749857
0.762556
0.739544
0.741794
0.740465
0.741604
0.74442
0.748154
0.749094
0.747615
0.749669
0.763201
0.729638
0.732967
0.737656
0.741542
0.743129
0.746118
0.747238
0.74738
0.751057
0.763725
0.72733
0.735975
0.744515
0.751255
0.750111
0.748332
0.748499
0.748745
0.753926
0.76404
0.752149
0.757322
0.759239
0.759566
0.758927
0.759753
0.756844
0.756763
0.75843
0.763745
0.764479
0.76568
0.766172
0.766233
0.766044
0.766124
0.765123
0.764975
0.76458
0.76498
0.762144
0.764302
0.763028
0.764911
0.764986
0.764729
0.76341
0.76448
0.763128
0.764313
0.751276
0.753556
0.751575
0.753038
0.755245
0.755128
0.751273
0.754407
0.755111
0.762831
0.73092
0.732806
0.735341
0.73981
0.742821
0.741577
0.740838
0.743006
0.750159
0.762508
0.722857
0.728916
0.730914
0.732635
0.734631
0.737615
0.739982
0.741159
0.746905
0.762331
0.726697
0.737544
0.738505
0.73526
0.735825
0.740565
0.742832
0.742188
0.747768
0.763425
0.729823
0.744593
0.74752
0.740542
0.74088
0.746179
0.746743
0.743992
0.746154
0.762597
0.724749
0.747161
0.753451
0.74941
0.748618
0.752143
0.750699
0.746226
0.746627
0.761821
0.698058
0.741237
0.754744
0.755871
0.756342
0.757654
0.75592
0.749815
0.747105
0.762738
0.661503
0.723465
0.749111
0.757434
0.75912
0.759783
0.759369
0.755327
0.748473
0.762761
0.6394
0.72632
0.750997
0.758013
0.760101
0.761168
0.761107
0.758411
0.751197
0.762959
0.639406
0.726325
0.751002
0.758013
0.760102
0.761167
0.761106
0.75841
0.751195
0.76296
0.661455
0.723464
0.749117
0.757432
0.759125
0.759781
0.759364
0.755317
0.748468
0.762763
0.698009
0.741233
0.754744
0.75587
0.75634
0.757651
0.755914
0.749803
0.747107
0.762742
0.724725
0.74716
0.753451
0.749403
0.748615
0.752142
0.750695
0.746219
0.746631
0.761826
0.729816
0.744593
0.747521
0.740541
0.740881
0.746179
0.74674
0.743989
0.746163
0.762603
0.726692
0.737543
0.738504
0.73526
0.735827
0.740565
0.742831
0.742189
0.747778
0.763429
0.72286
0.728917
0.730915
0.732629
0.734626
0.73761
0.739985
0.741163
0.746917
0.762339
0.730931
0.732811
0.735334
0.739788
0.742807
0.741568
0.740842
0.743007
0.750167
0.762509
0.751282
0.753553
0.751566
0.753014
0.755238
0.755129
0.751276
0.754407
0.755116
0.762833
0.762144
0.764302
0.763019
0.764903
0.764985
0.764729
0.76341
0.76448
0.76313
0.764315
0.762643
0.762684
0.763036
0.763537
0.762899
0.762795
0.761964
0.762457
0.762138
0.763985
0.757395
0.752818
0.750123
0.750317
0.750259
0.749738
0.74639
0.751006
0.752557
0.762048
0.748953
0.736911
0.734386
0.734999
0.734425
0.733662
0.734067
0.73801
0.747849
0.762225
0.730472
0.728103
0.729767
0.729099
0.728444
0.729994
0.73351
0.735918
0.745064
0.762222
0.715231
0.725052
0.734316
0.732572
0.730288
0.733021
0.737029
0.737281
0.744188
0.761861
0.703056
0.724607
0.743294
0.738775
0.735073
0.740033
0.742399
0.739782
0.742825
0.761242
0.685612
0.72345
0.748331
0.746295
0.743568
0.747596
0.74781
0.743142
0.742741
0.760929
0.668364
0.717313
0.749662
0.752698
0.752132
0.754284
0.753763
0.748219
0.744527
0.761165
0.650716
0.708455
0.745337
0.755331
0.756316
0.757448
0.757496
0.753967
0.747066
0.761746
0.636776
0.709974
0.747653
0.756224
0.758128
0.7591
0.759237
0.756861
0.749269
0.761548
0.63678
0.709985
0.74766
0.756226
0.758126
0.759098
0.759236
0.756859
0.749266
0.761549
0.650696
0.708461
0.745347
0.755331
0.756305
0.757447
0.757491
0.753954
0.74706
0.76175
0.668344
0.717309
0.749664
0.752695
0.752123
0.754281
0.753753
0.748199
0.744526
0.761168
0.68559
0.723444
0.748327
0.7463
0.743564
0.747589
0.7478
0.743129
0.742744
0.760936
0.703047
0.724602
0.743294
0.738758
0.735056
0.740021
0.742388
0.739773
0.742833
0.76125
0.715229
0.725049
0.734308
0.732565
0.730274
0.733013
0.737023
0.737278
0.7442
0.761869
0.73048
0.728105
0.729767
0.729096
0.728438
0.729989
0.733511
0.73592
0.745079
0.762227
0.74896
0.736914
0.734383
0.734987
0.734414
0.733656
0.734067
0.738021
0.747866
0.762234
0.757396
0.752816
0.750105
0.750302
0.750251
0.749736
0.746387
0.751013
0.75255
0.762049
0.762644
0.762683
0.76303
0.763532
0.762898
0.762796
0.761962
0.76246
0.762134
0.763981
0.762986
0.761788
0.762027
0.761672
0.761921
0.759434
0.761298
0.761159
0.761668
0.763601
0.759767
0.751906
0.746863
0.745302
0.745262
0.739704
0.743816
0.746583
0.750498
0.761101
0.757648
0.741024
0.73281
0.730945
0.728124
0.727072
0.729328
0.734705
0.744407
0.761091
0.752005
0.732901
0.730075
0.728036
0.724683
0.724673
0.727967
0.733056
0.7422
0.760851
0.739537
0.726634
0.730215
0.730067
0.726701
0.727582
0.731902
0.733657
0.74008
0.760464
0.722759
0.719353
0.731961
0.735068
0.732022
0.734443
0.738108
0.73628
0.739948
0.760026
0.701025
0.710074
0.733112
0.741819
0.739422
0.742593
0.744371
0.740475
0.740224
0.760434
0.683143
0.700957
0.733463
0.747971
0.7473
0.749977
0.750729
0.746112
0.742624
0.760714
0.666991
0.695051
0.732536
0.750975
0.752261
0.754056
0.754868
0.75168
0.744502
0.760032
0.655371
0.694308
0.737141
0.752804
0.75527
0.756681
0.757024
0.75464
0.747084
0.760188
0.655377
0.69432
0.73715
0.752807
0.755265
0.756678
0.757022
0.754637
0.747081
0.760189
0.666986
0.695059
0.73255
0.750989
0.752227
0.754045
0.754863
0.751666
0.744493
0.760034
0.683134
0.700959
0.733466
0.747968
0.747283
0.749959
0.750712
0.746089
0.742621
0.760718
0.701013
0.710072
0.733113
0.741776
0.739384
0.742567
0.744349
0.740456
0.740224
0.760442
0.722755
0.719352
0.73196
0.735065
0.732028
0.734432
0.73809
0.736266
0.739952
0.760035
0.73954
0.726635
0.730213
0.730062
0.726693
0.727573
0.731891
0.733652
0.740084
0.760472
0.752009
0.732903
0.730076
0.728031
0.724675
0.724667
0.727964
0.733057
0.742218
0.760859
0.757647
0.74102
0.732805
0.730936
0.728115
0.727068
0.729331
0.734713
0.744414
0.761098
0.759766
0.751897
0.746836
0.745278
0.74525
0.739707
0.743829
0.746576
0.750497
0.761104
0.762986
0.761785
0.762021
0.76167
0.761917
0.759438
0.761305
0.761157
0.761669
0.763601
0.761629
0.761075
0.761295
0.758947
0.759859
0.760327
0.759392
0.758135
0.759888
0.762659
0.759823
0.749378
0.745266
0.736456
0.737971
0.739199
0.740701
0.741838
0.747878
0.76025
0.759417
0.739423
0.729145
0.725995
0.723477
0.723888
0.726764
0.7341
0.742826
0.759752
0.758549
0.734257
0.727711
0.725135
0.721482
0.721873
0.72525
0.732486
0.739999
0.758867
0.756039
0.72853
0.726429
0.725899
0.722874
0.72305
0.726715
0.732467
0.739141
0.75926
0.752373
0.722518
0.725063
0.728286
0.726912
0.728085
0.732554
0.733764
0.738449
0.759392
0.746384
0.71469
0.723303
0.733678
0.733677
0.735967
0.739633
0.737022
0.739012
0.759934
0.738267
0.706347
0.722061
0.7385
0.741035
0.743756
0.746347
0.742878
0.739973
0.758838
0.729152
0.701403
0.721309
0.742606
0.746382
0.749105
0.750839
0.748423
0.741942
0.759001
0.723089
0.699789
0.723964
0.745623
0.750189
0.753046
0.753686
0.751348
0.74386
0.759171
0.723091
0.699799
0.723973
0.745629
0.750183
0.753039
0.753682
0.751344
0.743857
0.759173
0.729155
0.701411
0.721324
0.742643
0.746357
0.749074
0.750819
0.748405
0.741935
0.759005
0.738267
0.706353
0.722069
0.738529
0.741031
0.743736
0.746322
0.742854
0.739968
0.758842
0.746385
0.714694
0.723308
0.733704
0.73368
0.735952
0.739603
0.737003
0.739012
0.75994
0.752373
0.72252
0.725063
0.728266
0.726897
0.72806
0.732529
0.733752
0.738451
0.759399
0.756039
0.72853
0.72643
0.725885
0.722842
0.723034
0.726704
0.732462
0.739144
0.759269
0.758547
0.734256
0.727711
0.725128
0.721473
0.721866
0.725246
0.732486
0.740009
0.758877
0.759413
0.739415
0.729139
0.725986
0.72347
0.723885
0.726765
0.734109
0.742832
0.759761
0.759821
0.749361
0.745236
0.736425
0.737958
0.739205
0.74071
0.741843
0.747885
0.760255
0.761628
0.761073
0.761291
0.75894
0.759859
0.760332
0.759396
0.75813
0.759893
0.762665
0.762049
0.757787
0.756923
0.758174
0.757289
0.758448
0.757689
0.755922
0.759212
0.762291
0.759847
0.741406
0.733838
0.731718
0.730426
0.735073
0.736645
0.741074
0.747879
0.760036
0.759516
0.733807
0.722965
0.721118
0.721007
0.722852
0.726589
0.736407
0.744013
0.75958
0.759315
0.72958
0.721283
0.719755
0.719296
0.720877
0.724847
0.734521
0.74104
0.759134
0.758545
0.724773
0.719641
0.719373
0.719074
0.720682
0.724814
0.7335
0.739759
0.7584
0.757878
0.719833
0.717562
0.719432
0.720649
0.722475
0.726773
0.733592
0.738797
0.758396
0.756748
0.714604
0.716083
0.722157
0.723617
0.725781
0.730496
0.734898
0.738912
0.75788
0.755425
0.708001
0.713346
0.724032
0.728015
0.731309
0.737647
0.738233
0.739521
0.758093
0.753949
0.704467
0.712658
0.726245
0.734144
0.738511
0.744334
0.742685
0.740988
0.758334
0.75304
0.703001
0.713527
0.730144
0.739733
0.745252
0.748166
0.745904
0.741948
0.75711
0.753041
0.703011
0.713536
0.730152
0.739724
0.745241
0.748161
0.745899
0.741946
0.757113
0.75395
0.704476
0.712671
0.726299
0.734088
0.738468
0.74432
0.742674
0.740985
0.758337
0.755426
0.708009
0.713358
0.724062
0.728013
0.73131
0.737624
0.73822
0.739517
0.758097
0.756748
0.714614
0.716093
0.722192
0.723622
0.725781
0.730477
0.734883
0.73891
0.757885
0.757876
0.719832
0.717567
0.719451
0.720654
0.722462
0.726762
0.733582
0.738797
0.758403
0.758542
0.72477
0.719643
0.719372
0.719071
0.720674
0.724802
0.733493
0.739758
0.758405
0.759311
0.72957
0.721281
0.719752
0.719293
0.720872
0.724842
0.734533
0.741048
0.759138
0.759512
0.733793
0.722959
0.721113
0.721005
0.722851
0.726589
0.736395
0.744018
0.75958
0.759844
0.741379
0.733813
0.731706
0.730437
0.735074
0.736648
0.741046
0.747879
0.760038
0.76205
0.757778
0.756924
0.758173
0.757298
0.75845
0.757695
0.75594
0.759234
0.762299
0.760933
0.755532
0.75323
0.746217
0.751282
0.753891
0.754516
0.75615
0.758258
0.763171
0.759439
0.735759
0.727808
0.724451
0.725897
0.731607
0.735937
0.744267
0.750003
0.761368
0.759156
0.728326
0.719965
0.719529
0.721129
0.723909
0.728674
0.741098
0.747323
0.761106
0.75908
0.72476
0.717284
0.717691
0.719048
0.721577
0.726604
0.738117
0.743949
0.759705
0.758407
0.720934
0.715422
0.716463
0.718097
0.720551
0.72548
0.736657
0.74266
0.759302
0.758013
0.717071
0.713273
0.715269
0.717573
0.720246
0.725521
0.735507
0.74124
0.758391
0.757616
0.712327
0.711294
0.714915
0.717419
0.720769
0.7264
0.735942
0.740993
0.757954
0.757236
0.707966
0.709437
0.714638
0.718305
0.722116
0.728196
0.736907
0.740586
0.757787
0.756639
0.705574
0.708326
0.714147
0.720577
0.72526
0.732306
0.739156
0.741399
0.757921
0.756301
0.704728
0.708417
0.715423
0.722723
0.728915
0.736614
0.740826
0.741878
0.757694
0.756302
0.704737
0.708425
0.715437
0.722716
0.728904
0.736608
0.740823
0.741877
0.757695
0.756639
0.705584
0.708338
0.714209
0.720535
0.725188
0.732287
0.739153
0.741399
0.757923
0.757234
0.707975
0.70945
0.714677
0.718267
0.722082
0.728166
0.736897
0.740583
0.75779
0.757613
0.712334
0.711305
0.714966
0.717411
0.720722
0.726379
0.735932
0.740989
0.757956
0.75801
0.717073
0.71328
0.715297
0.717574
0.720264
0.725512
0.7355
0.741236
0.758392
0.758403
0.720932
0.715427
0.716472
0.718099
0.720551
0.725474
0.736641
0.742654
0.759301
0.759076
0.724754
0.717286
0.717695
0.719048
0.721576
0.726601
0.738115
0.743947
0.759703
0.759153
0.728317
0.719964
0.719529
0.721129
0.723909
0.728676
0.74112
0.747334
0.761098
0.759436
0.735745
0.727809
0.724446
0.725897
0.731607
0.735939
0.744278
0.750004
0.761364
0.760932
0.755526
0.753243
0.746216
0.751287
0.753893
0.754525
0.756165
0.758278
0.76317
0.760915
0.748352
0.746527
0.748862
0.753114
0.750193
0.753088
0.75839
0.760183
0.765382
0.759588
0.732703
0.726392
0.728035
0.73161
0.734185
0.739257
0.750356
0.755707
0.764255
0.758584
0.727439
0.720322
0.721891
0.724958
0.729357
0.734763
0.747511
0.754272
0.763899
0.758012
0.723477
0.717307
0.718675
0.721309
0.725415
0.730927
0.74386
0.749046
0.762464
0.756911
0.719668
0.715279
0.716568
0.719017
0.722913
0.728841
0.742237
0.747302
0.761871
0.756076
0.716728
0.71279
0.715356
0.717937
0.721095
0.726825
0.739557
0.744099
0.760315
0.755398
0.71384
0.710925
0.714011
0.716999
0.720259
0.726162
0.738751
0.743786
0.759641
0.754886
0.711754
0.709372
0.713205
0.716778
0.720183
0.726205
0.738231
0.743011
0.758473
0.754291
0.710487
0.708203
0.712258
0.716858
0.720887
0.727204
0.73896
0.743251
0.758418
0.753995
0.710092
0.708105
0.712723
0.717206
0.721699
0.72841
0.739478
0.743145
0.758128
0.753996
0.710098
0.708112
0.712737
0.717201
0.721691
0.728404
0.739476
0.743145
0.758127
0.754293
0.710494
0.708212
0.712315
0.716825
0.720823
0.72716
0.738961
0.743254
0.758418
0.754885
0.711761
0.709384
0.713248
0.716734
0.720143
0.726168
0.738225
0.743012
0.758473
0.755396
0.713847
0.710933
0.714068
0.716975
0.720224
0.726134
0.738743
0.743784
0.759639
0.756072
0.716731
0.712798
0.715385
0.717933
0.721089
0.726815
0.739548
0.744097
0.760311
0.756907
0.719668
0.715284
0.716588
0.719024
0.722923
0.728842
0.742238
0.74729
0.761867
0.758008
0.723473
0.71731
0.718686
0.721318
0.725424
0.730927
0.743855
0.749028
0.762458
0.758581
0.727435
0.720323
0.721897
0.724964
0.729361
0.734757
0.747525
0.754264
0.763895
0.759585
0.732698
0.726395
0.728036
0.731615
0.734189
0.739258
0.750356
0.755695
0.76425
0.760915
0.748355
0.746551
0.748873
0.753121
0.750213
0.753114
0.758409
0.760178
0.765378
0.761202
0.753052
0.751851
0.753333
0.754219
0.754672
0.757253
0.762121
0.76527
0.766793
0.760161
0.746459
0.744241
0.74584
0.747198
0.749172
0.752421
0.759568
0.764003
0.766493
0.75959
0.744731
0.742322
0.744308
0.745939
0.748294
0.751442
0.758958
0.763574
0.766359
0.758666
0.742004
0.7393
0.741691
0.74379
0.746227
0.748725
0.756352
0.76182
0.765921
0.757892
0.740243
0.737127
0.739942
0.742641
0.745275
0.747742
0.755262
0.760978
0.765648
0.75694
0.738217
0.734012
0.737515
0.740763
0.743438
0.745636
0.752701
0.758374
0.765024
0.756301
0.736246
0.731798
0.735756
0.739434
0.742573
0.744901
0.751859
0.757426
0.76469
0.755841
0.735161
0.730535
0.734474
0.738054
0.741097
0.74343
0.750249
0.755607
0.764123
0.755487
0.734599
0.730058
0.73388
0.737339
0.740472
0.743011
0.74999
0.755039
0.763842
0.755307
0.734576
0.730315
0.733686
0.736591
0.739634
0.742301
0.74936
0.754325
0.763553
0.755308
0.734578
0.730317
0.733693
0.73659
0.739633
0.7423
0.749359
0.754324
0.763552
0.755488
0.734599
0.730062
0.733905
0.737322
0.740462
0.743002
0.749986
0.755039
0.763841
0.75584
0.735161
0.730539
0.734502
0.738019
0.741075
0.743414
0.750242
0.755605
0.764122
0.756299
0.736247
0.731801
0.735784
0.739407
0.742549
0.744886
0.751852
0.757421
0.764688
0.756937
0.738217
0.734014
0.737538
0.740752
0.743427
0.745627
0.752695
0.758367
0.765022
0.757889
0.740242
0.737127
0.739958
0.742635
0.745269
0.747735
0.755254
0.760972
0.765646
0.758663
0.742002
0.7393
0.741701
0.743788
0.746223
0.748719
0.756344
0.761813
0.765919
0.759587
0.74473
0.742324
0.744314
0.745941
0.748292
0.751433
0.758944
0.763569
0.766357
0.760158
0.746455
0.744239
0.745843
0.747199
0.749168
0.752412
0.759561
0.763997
0.766492
0.761201
0.753052
0.751855
0.753341
0.754222
0.754675
0.757257
0.762118
0.765266
0.766792
)
;

boundaryField
{
    side
    {
        type            calculated;
        value           nonuniform List<scalar> 
800
(
0.76699
0.76699
0.76699
0.76699
0.76699
0.76699
0.76699
0.76699
0.76699
0.76699
0.76699
0.76699
0.76699
0.76699
0.76699
0.76699
0.76699
0.76699
0.76699
0.76699
0.76699
0.76699
0.76699
0.76699
0.76699
0.76699
0.76699
0.76699
0.76699
0.76699
0.76699
0.76699
0.76699
0.76699
0.76699
0.76699
0.76699
0.76699
0.76699
0.76699
0.76699
0.76699
0.76699
0.76699
0.76699
0.76699
0.76699
0.76699
0.76699
0.76699
0.76699
0.76699
0.76699
0.76699
0.76699
0.76699
0.76699
0.76699
0.76699
0.76699
0.766988
0.766985
0.76699
0.76699
0.76699
0.76699
0.76699
0.76699
0.76699
0.76699
0.76699
0.76699
0.76699
0.76699
0.76699
0.76699
0.76699
0.76699
0.766985
0.766988
0.766953
0.766923
0.76699
0.76699
0.76699
0.76699
0.76699
0.76699
0.76699
0.76699
0.76699
0.76699
0.76699
0.76699
0.76699
0.76699
0.76699
0.76699
0.766923
0.766953
0.766801
0.76699
0.76699
0.76699
0.76699
0.76699
0.76699
0.76699
0.76699
0.76699
0.76699
0.76699
0.76699
0.76699
0.76699
0.76699
0.76699
0.76699
0.76699
0.766801
0.76699
0.76699
0.76699
0.76699
0.76699
0.76699
0.76699
0.76699
0.76699
0.76699
0.76699
0.76699
0.76699
0.76699
0.76699
0.76699
0.76699
0.76699
0.76699
0.76699
0.76699
0.76699
0.76699
0.76699
0.76699
0.76699
0.76699
0.76699
0.76699
0.76699
0.76699
0.76699
0.76699
0.76699
0.76699
0.76699
0.76699
0.76699
0.76699
0.76699
0.76699
0.76699
0.76699
0.76699
0.76699
0.76699
0.76699
0.76699
0.76699
0.76699
0.76699
0.76699
0.76699
0.76699
0.76699
0.76699
0.76699
0.76699
0.76699
0.76699
0.76699
0.76699
0.76699
0.76699
0.76699
0.76699
0.76699
0.76699
0.76699
0.76699
0.76699
0.76699
0.76699
0.76699
0.76699
0.76699
0.76699
0.76699
0.76699
0.76699
0.76699
0.76699
0.76699
0.76699
0.76699
0.76699
0.76699
0.76699
0.76699
0.76699
0.76699
0.76699
0.76699
0.76699
0.76699
0.76699
0.76699
0.76699
0.76699
0.76699
0.766956
0.76699
0.76699
0.76699
0.76699
0.76699
0.76699
0.76699
0.76699
0.76699
0.76699
0.76699
0.76699
0.76699
0.76699
0.76699
0.76699
0.76699
0.76699
0.766956
0.764375
0.766905
0.76699
0.766829
0.763568
0.76677
0.76699
0.76699
0.76699
0.76699
0.76699
0.76699
0.76699
0.76699
0.76677
0.763572
0.76683
0.76699
0.766905
0.764377
0.764104
0.76699
0.762391
0.766771
0.76699
0.76699
0.76699
0.761535
0.76699
0.76699
0.76699
0.76699
0.761538
0.76699
0.76699
0.76699
0.766771
0.7624
0.76699
0.764101
0.763729
0.76129
0.766694
0.76699
0.766549
0.76699
0.766507
0.761159
0.76699
0.76699
0.76699
0.76699
0.761163
0.766507
0.76699
0.766549
0.76699
0.766694
0.761293
0.763729
0.766831
0.760475
0.766598
0.759343
0.759784
0.76639
0.766391
0.76699
0.76699
0.76699
0.76699
0.76699
0.76699
0.766391
0.766391
0.759792
0.759351
0.766599
0.760479
0.766832
0.762291
0.760036
0.766621
0.766555
0.759001
0.759025
0.766262
0.766284
0.766288
0.757947
0.757949
0.766289
0.766284
0.766263
0.759031
0.759006
0.766555
0.766621
0.760038
0.762299
0.763171
0.761368
0.761106
0.759705
0.759302
0.758391
0.757954
0.766327
0.766306
0.766291
0.766291
0.766306
0.766327
0.757956
0.758392
0.759301
0.759703
0.761098
0.761364
0.76317
0.765382
0.764255
0.763899
0.762464
0.761871
0.760315
0.759641
0.758473
0.758418
0.758128
0.758127
0.758418
0.758473
0.759639
0.760311
0.761867
0.762458
0.763895
0.76425
0.765378
0.766793
0.766493
0.766359
0.765921
0.765648
0.765024
0.76469
0.764123
0.763842
0.763553
0.763552
0.763841
0.764122
0.764688
0.765022
0.765646
0.765919
0.766357
0.766492
0.766792
0.76699
0.76699
0.766568
0.76699
0.76699
0.76699
0.76699
0.76699
0.76699
0.76699
0.76699
0.76699
0.762246
0.76699
0.76689
0.761819
0.766812
0.761246
0.760915
0.761202
0.76699
0.76699
0.766809
0.76699
0.76699
0.76699
0.76699
0.76699
0.76699
0.76699
0.76699
0.76699
0.76699
0.766813
0.762043
0.766555
0.75853
0.766168
0.748352
0.753052
0.76699
0.76699
0.76699
0.76699
0.76699
0.76699
0.76699
0.76699
0.76699
0.76699
0.76699
0.76699
0.76699
0.76699
0.76699
0.766563
0.758055
0.75323
0.746527
0.751851
0.76699
0.76699
0.76699
0.76699
0.76699
0.76699
0.76699
0.76699
0.76699
0.76699
0.76699
0.76699
0.76699
0.76699
0.761953
0.759468
0.766176
0.746217
0.748862
0.753333
0.76699
0.76699
0.76699
0.76699
0.76699
0.76699
0.76699
0.76699
0.76699
0.76699
0.76699
0.76699
0.76699
0.76699
0.766745
0.760268
0.758067
0.752813
0.766054
0.754219
0.76699
0.76699
0.76699
0.76699
0.76699
0.76699
0.76699
0.76699
0.76699
0.76699
0.76699
0.76699
0.76699
0.766851
0.759843
0.766578
0.766467
0.766224
0.750193
0.754672
0.76699
0.76699
0.76699
0.76699
0.76699
0.76699
0.76699
0.76699
0.76699
0.76699
0.76699
0.76699
0.763489
0.76682
0.761565
0.759802
0.766413
0.766302
0.753088
0.757253
0.76699
0.76699
0.76699
0.76699
0.76699
0.76699
0.76699
0.76699
0.76699
0.76699
0.76699
0.76699
0.76699
0.76699
0.76699
0.758517
0.756584
0.756764
0.766543
0.762121
0.76699
0.76699
0.76699
0.76699
0.76699
0.76699
0.76699
0.76699
0.76699
0.76699
0.76699
0.76699
0.766892
0.76699
0.766766
0.760187
0.766598
0.758672
0.760183
0.76527
0.76699
0.76699
0.76699
0.766988
0.766953
0.76699
0.76699
0.76699
0.76699
0.76699
0.76699
0.76699
0.764375
0.76687
0.766862
0.762818
0.762291
0.763171
0.765382
0.766793
0.76699
0.76699
0.766568
0.76699
0.76699
0.76699
0.76699
0.76699
0.76699
0.76699
0.76699
0.76699
0.762246
0.76699
0.76689
0.761818
0.766812
0.761245
0.760915
0.761201
0.76699
0.76699
0.766809
0.76699
0.76699
0.76699
0.76699
0.76699
0.76699
0.76699
0.76699
0.76699
0.76699
0.766813
0.762039
0.766555
0.758521
0.766169
0.748355
0.753052
0.76699
0.76699
0.76699
0.76699
0.76699
0.76699
0.76699
0.76699
0.76699
0.76699
0.76699
0.76699
0.76699
0.76699
0.76699
0.766562
0.758054
0.753243
0.746551
0.751855
0.76699
0.76699
0.76699
0.76699
0.76699
0.76699
0.76699
0.76699
0.76699
0.76699
0.76699
0.76699
0.76699
0.76699
0.76195
0.759461
0.766176
0.746216
0.748873
0.753341
0.76699
0.76699
0.76699
0.76699
0.76699
0.76699
0.76699
0.76699
0.76699
0.76699
0.76699
0.76699
0.76699
0.76699
0.766745
0.760268
0.758074
0.752816
0.766056
0.754222
0.76699
0.76699
0.76699
0.76699
0.76699
0.76699
0.76699
0.76699
0.76699
0.76699
0.76699
0.76699
0.76699
0.766851
0.759847
0.766578
0.766467
0.766225
0.750213
0.754675
0.76699
0.76699
0.76699
0.76699
0.76699
0.76699
0.76699
0.76699
0.76699
0.76699
0.76699
0.76699
0.763489
0.76682
0.761571
0.759805
0.766415
0.766304
0.753114
0.757257
0.76699
0.76699
0.76699
0.76699
0.76699
0.76699
0.76699
0.76699
0.76699
0.76699
0.76699
0.76699
0.76699
0.76699
0.76699
0.758512
0.756601
0.756777
0.766544
0.762118
0.76699
0.76699
0.76699
0.76699
0.76699
0.76699
0.76699
0.76699
0.76699
0.76699
0.76699
0.76699
0.766892
0.76699
0.766766
0.760192
0.766599
0.75869
0.760178
0.765266
0.76699
0.76699
0.76699
0.766988
0.766953
0.76699
0.76699
0.76699
0.76699
0.76699
0.76699
0.76699
0.764377
0.76687
0.766862
0.762823
0.762299
0.76317
0.765378
0.766792
)
;
    }
    outlet
    {
        type            calculated;
        value           nonuniform List<scalar> 
200
(
0.761202
0.760161
0.75959
0.758666
0.757892
0.75694
0.756301
0.755841
0.755487
0.755307
0.755308
0.755488
0.75584
0.756299
0.756937
0.757889
0.758663
0.759587
0.760158
0.761201
0.753052
0.746459
0.744731
0.742004
0.740243
0.761236
0.759623
0.758943
0.758238
0.758089
0.758091
0.758242
0.758947
0.759626
0.761238
0.740242
0.742002
0.74473
0.746455
0.753052
0.751851
0.744241
0.742322
0.7393
0.737127
0.734012
0.731798
0.730535
0.730058
0.730315
0.730317
0.730062
0.730539
0.731801
0.734014
0.737127
0.7393
0.742324
0.744239
0.751855
0.753333
0.74584
0.744308
0.741691
0.739942
0.737515
0.735756
0.734474
0.73388
0.733686
0.733693
0.733905
0.734502
0.735784
0.737538
0.739958
0.741701
0.744314
0.745843
0.753341
0.754219
0.747198
0.745939
0.74379
0.742641
0.740763
0.739434
0.738054
0.737339
0.736591
0.73659
0.737322
0.738019
0.739407
0.740752
0.742635
0.743788
0.745941
0.747199
0.754222
0.754672
0.749172
0.748294
0.746227
0.745275
0.743438
0.742573
0.741097
0.740472
0.739634
0.739633
0.740462
0.741075
0.742549
0.743427
0.745269
0.746223
0.748292
0.749168
0.754675
0.757253
0.752421
0.751442
0.748725
0.747742
0.745636
0.744901
0.74343
0.743011
0.742301
0.7423
0.743002
0.743414
0.744886
0.745627
0.747735
0.748719
0.751433
0.752412
0.757257
0.762121
0.759568
0.758958
0.756352
0.755262
0.752701
0.751859
0.750249
0.74999
0.74936
0.749359
0.749986
0.750242
0.751852
0.752695
0.755254
0.756344
0.758944
0.759561
0.762118
0.76527
0.764003
0.763574
0.76182
0.760978
0.758374
0.757426
0.755607
0.755039
0.754325
0.754324
0.755039
0.755605
0.757421
0.758367
0.760972
0.761813
0.763569
0.763997
0.765266
0.766793
0.766493
0.766359
0.765921
0.765648
0.765024
0.76469
0.764123
0.763842
0.763553
0.763552
0.763841
0.764122
0.764688
0.765022
0.765646
0.765919
0.766357
0.766492
0.766792
)
;
    }
    ground
    {
        type            calculated;
        value           nonuniform List<scalar> 
160
(
0.766148
0.76576
0.765272
0.765069
0.765067
0.765168
0.765376
0.765483
0.765479
0.765333
0.765333
0.765479
0.765483
0.765376
0.765168
0.765067
0.765069
0.765272
0.76576
0.766148
0.766982
0.766981
0.766976
0.766964
0.766952
0.766903
0.766865
0.766751
0.766686
0.766689
0.766689
0.766686
0.766751
0.766865
0.766903
0.766952
0.766964
0.766976
0.766981
0.766982
0.76699
0.76699
0.766988
0.76698
0.766947
0.766906
0.766901
0.766907
0.766916
0.76692
0.76692
0.766916
0.766907
0.766901
0.766906
0.766947
0.76698
0.766988
0.76699
0.76699
0.76699
0.766989
0.766982
0.766971
0.766971
0.766974
0.766976
0.766978
0.766978
0.766978
0.766978
0.766978
0.766978
0.766976
0.766974
0.766971
0.766971
0.766982
0.766989
0.76699
0.76699
0.766989
0.766988
0.766987
0.766987
0.766987
0.766987
0.766987
0.766987
0.766987
0.766987
0.766987
0.766987
0.766987
0.766987
0.766987
0.766987
0.766988
0.766989
0.76699
0.76699
0.76699
0.76699
0.76699
0.76699
0.76699
0.76699
0.766989
0.766989
0.766989
0.766989
0.766989
0.766989
0.76699
0.76699
0.76699
0.76699
0.76699
0.76699
0.76699
0.76699
0.76699
0.76699
0.76699
0.76699
0.76699
0.76699
0.76699
0.76699
0.76699
0.76699
0.76699
0.76699
0.76699
0.76699
0.76699
0.76699
0.76699
0.76699
0.76699
0.76699
0.76699
0.76699
0.76699
0.76699
0.76699
0.76699
0.76699
0.76699
0.76699
0.76699
0.76699
0.76699
0.76699
0.76699
0.76699
0.76699
0.76699
0.76699
0.76699
)
;
    }
    inlet
    {
        type            calculated;
        value           nonuniform List<scalar> 
40
(
0.0097776
0.00925722
0.00871615
0.00762423
0.00693548
0.00619156
0.00662257
0.00671253
0.00653665
0.00661051
0.00661152
0.00654001
0.00671367
0.00662267
0.00619148
0.00693541
0.00762412
0.00871596
0.00925702
0.00977755
0.00977555
0.00926032
0.00863825
0.00847539
0.00862121
0.00905397
0.00932322
0.00941136
0.00950413
0.00951633
0.00951634
0.00950416
0.00941135
0.00932321
0.00905398
0.00862126
0.00847545
0.00863825
0.00926017
0.0097755
)
;
    }
    region0_to_pyrolysisRegion_coupledWall
    {
        type            calculated;
        value           nonuniform List<scalar> 
400
(
0.745276
0.691687
0.643692
0.558009
0.506546
0.452723
0.485056
0.492231
0.480531
0.486213
0.486288
0.480777
0.492314
0.485064
0.452717
0.506541
0.558001
0.643676
0.691669
0.745268
0.762132
0.745622
0.720345
0.687948
0.630605
0.57904
0.545085
0.592375
0.6089
0.600964
0.60099
0.608927
0.592395
0.545087
0.57903
0.630592
0.687939
0.720341
0.745622
0.762132
0.766568
0.76484
0.758844
0.734067
0.689082
0.63389
0.596654
0.59772
0.628599
0.646131
0.646103
0.628548
0.59773
0.596643
0.633868
0.689062
0.734054
0.758847
0.76484
0.766568
0.766909
0.766734
0.766191
0.762436
0.741986
0.690338
0.628703
0.611999
0.631693
0.652391
0.652346
0.631598
0.611982
0.628691
0.690319
0.741975
0.762434
0.766191
0.766734
0.766909
0.766924
0.766842
0.766801
0.766311
0.763144
0.740243
0.672899
0.62847
0.631158
0.654905
0.654849
0.631038
0.628451
0.672895
0.740238
0.763143
0.766311
0.766801
0.766842
0.766924
0.766931
0.766846
0.766842
0.766653
0.765858
0.760906
0.724162
0.650876
0.636301
0.654436
0.654375
0.636166
0.650875
0.724166
0.760906
0.765859
0.766653
0.766842
0.766846
0.766931
0.766927
0.76683
0.766801
0.766393
0.765602
0.763843
0.752565
0.693342
0.643983
0.652407
0.652341
0.643873
0.693381
0.752571
0.763844
0.765602
0.766394
0.766801
0.76683
0.766927
0.766892
0.766708
0.766274
0.764662
0.763136
0.762662
0.758242
0.729489
0.658714
0.651762
0.651698
0.658644
0.729515
0.758247
0.762664
0.76314
0.764667
0.766275
0.766708
0.766891
0.766822
0.766279
0.764051
0.757862
0.758602
0.758727
0.756942
0.739111
0.678026
0.652404
0.65236
0.677991
0.739124
0.756946
0.758731
0.758608
0.757867
0.764052
0.766279
0.766822
0.76659
0.764431
0.753681
0.749122
0.7493
0.754743
0.75474
0.738534
0.680794
0.652083
0.652048
0.680757
0.73854
0.754744
0.754745
0.749302
0.749127
0.753687
0.764433
0.766589
0.765722
0.758627
0.735607
0.735185
0.744626
0.751671
0.752126
0.735123
0.679131
0.650924
0.650891
0.679088
0.735119
0.752128
0.751672
0.744623
0.735183
0.735611
0.75863
0.765721
0.76448
0.752146
0.727319
0.729642
0.739549
0.745336
0.744914
0.725169
0.675527
0.648048
0.648002
0.67547
0.725149
0.74491
0.745333
0.739544
0.729638
0.72733
0.752149
0.764479
0.762144
0.751276
0.73092
0.722857
0.726697
0.729823
0.724749
0.698058
0.661503
0.6394
0.639406
0.661455
0.698009
0.724725
0.729816
0.726692
0.72286
0.730931
0.751282
0.762144
0.762643
0.757395
0.748953
0.730472
0.715231
0.703056
0.685612
0.668364
0.650716
0.636776
0.63678
0.650696
0.668344
0.68559
0.703047
0.715229
0.73048
0.74896
0.757396
0.762644
0.762986
0.759767
0.757648
0.752005
0.739537
0.722759
0.701025
0.683143
0.666991
0.655371
0.655377
0.666986
0.683134
0.701013
0.722755
0.73954
0.752009
0.757647
0.759766
0.762986
0.761629
0.759823
0.759417
0.758549
0.756039
0.752373
0.746384
0.738267
0.729152
0.723089
0.723091
0.729155
0.738267
0.746385
0.752373
0.756039
0.758547
0.759413
0.759821
0.761628
0.762049
0.759847
0.759516
0.759315
0.758545
0.757878
0.756748
0.755425
0.753949
0.75304
0.753041
0.75395
0.755426
0.756748
0.757876
0.758542
0.759311
0.759512
0.759844
0.76205
0.760933
0.759439
0.759156
0.75908
0.758407
0.758013
0.757616
0.757236
0.756639
0.756301
0.756302
0.756639
0.757234
0.757613
0.75801
0.758403
0.759076
0.759153
0.759436
0.760932
0.760915
0.759588
0.758584
0.758012
0.756911
0.756076
0.755398
0.754886
0.754291
0.753995
0.753996
0.754293
0.754885
0.755396
0.756072
0.756907
0.758008
0.758581
0.759585
0.760915
0.761202
0.760161
0.75959
0.758666
0.757892
0.75694
0.756301
0.755841
0.755487
0.755307
0.755308
0.755488
0.75584
0.756299
0.756937
0.757889
0.758663
0.759587
0.760158
0.761201
)
;
    }
}


// ************************************************************************* //
