/*--------------------------------*- C++ -*----------------------------------*\
  =========                 |
  \\      /  F ield         | OpenFOAM: The Open Source CFD Toolbox
   \\    /   O peration     | Website:  https://openfoam.org
    \\  /    A nd           | Version:  7
     \\/     M anipulation  |
\*---------------------------------------------------------------------------*/
FoamFile
{
    version     2.0;
    format      ascii;
    class       volScalarField;
    location    "1";
    object      nut;
}
// * * * * * * * * * * * * * * * * * * * * * * * * * * * * * * * * * * * * * //

dimensions      [0 2 -1 0 0 0 0];

internalField   nonuniform List<scalar> 
4000
(
0.000125065
0.000110733
4.88249e-05
5.66658e-05
6.47636e-05
7.42059e-05
8.24799e-05
6.51189e-05
4.8101e-05
3.63238e-05
0.000425562
0.000339531
0.000171616
0.000142585
0.000171373
0.000254959
0.000169207
9.81821e-05
6.16632e-05
4.09655e-05
0.000764816
0.000656863
0.000304022
0.000253076
0.000323129
0.00036672
0.000190889
0.000108014
6.67603e-05
4.29329e-05
0.00124782
0.00106801
0.000469959
0.000427621
0.000599487
0.000364391
0.000193564
0.000113916
7.1254e-05
4.52852e-05
0.00187397
0.00122315
0.000600694
0.000605914
0.000719032
0.000345019
0.000194133
0.000120744
7.63821e-05
4.78125e-05
0.002133
0.00108999
0.000811268
0.000880539
0.00067513
0.000327468
0.000197652
0.000127915
8.19103e-05
5.01727e-05
0.00186337
0.001169
0.00105747
0.00103706
0.000542138
0.000318508
0.000205082
0.00013474
8.70781e-05
5.2235e-05
0.00189271
0.00133248
0.00121126
0.000975468
0.000472902
0.000318474
0.000211407
0.000140833
9.13319e-05
5.39134e-05
0.00190496
0.00135306
0.00118911
0.00070619
0.00044959
0.000327848
0.000216908
0.000145104
9.44034e-05
5.50639e-05
0.00173278
0.00133701
0.00109955
0.000579524
0.000485231
0.000317947
0.000221235
0.000146943
9.60617e-05
5.56195e-05
0.00173122
0.00133741
0.00109953
0.000579524
0.00048524
0.000317947
0.000221235
0.000146943
9.60616e-05
5.56195e-05
0.00190357
0.00135293
0.00118911
0.000706178
0.000449595
0.000327847
0.000216909
0.000145104
9.44033e-05
5.50638e-05
0.00189231
0.00133243
0.00121125
0.000975451
0.000472904
0.000318476
0.000211407
0.000140833
9.13318e-05
5.39133e-05
0.00186333
0.00116901
0.00105748
0.00103704
0.000542147
0.000318512
0.000205082
0.00013474
8.7078e-05
5.22349e-05
0.00213288
0.00108994
0.000811261
0.000880538
0.000675122
0.00032747
0.000197652
0.000127915
8.191e-05
5.01725e-05
0.00187401
0.00122309
0.000600677
0.000605891
0.000719014
0.000345019
0.000194133
0.000120744
7.6382e-05
4.78124e-05
0.00124793
0.00106807
0.000469951
0.000427597
0.000599475
0.000364384
0.000193563
0.000113915
7.12538e-05
4.52849e-05
0.000764878
0.000656915
0.000304036
0.000253071
0.000323121
0.000366711
0.000190885
0.000108012
6.67597e-05
4.29325e-05
0.000425582
0.00033956
0.000171614
0.000142582
0.000171368
0.00025495
0.000169202
9.81798e-05
6.16623e-05
4.09649e-05
0.000125049
0.000110731
4.88232e-05
5.66642e-05
6.47622e-05
7.42037e-05
8.24726e-05
6.51151e-05
4.80991e-05
3.63225e-05
0.000163769
0.000251588
8.48037e-05
2.51864e-05
2.5815e-05
3.2113e-05
4.75629e-05
5.85864e-05
4.63647e-05
3.42712e-05
0.000384536
0.000351033
0.000111419
3.38628e-05
4.53215e-05
9.65421e-05
0.000133411
9.21463e-05
6.04026e-05
3.93847e-05
0.000602399
0.00047532
0.000140269
5.19783e-05
0.000106166
0.000215745
0.00016039
9.42495e-05
6.1214e-05
3.93064e-05
0.0010876
0.000756337
0.000207391
9.92841e-05
0.000233021
0.000275919
0.000158876
9.09631e-05
5.99567e-05
3.80538e-05
0.00186397
0.00113891
0.000318695
0.000210453
0.000474224
0.000278306
0.000145462
8.86885e-05
5.81303e-05
3.56969e-05
0.0027686
0.00143879
0.000454746
0.000371633
0.000572377
0.000270153
0.000134431
8.79484e-05
5.60172e-05
3.25427e-05
0.00252698
0.00121607
0.000649794
0.000633979
0.000558522
0.000247242
0.000134332
8.61278e-05
5.35713e-05
3.00435e-05
0.00224425
0.00116807
0.00094021
0.000914102
0.000486821
0.000231933
0.000138916
8.41039e-05
5.13074e-05
2.82736e-05
0.0021298
0.00121743
0.00105624
0.000910405
0.000426816
0.000229021
0.00013934
8.3699e-05
4.92136e-05
2.70711e-05
0.00204464
0.00133001
0.00126607
0.000697642
0.000403145
0.000228575
0.000137915
8.42132e-05
4.79024e-05
2.64833e-05
0.00204443
0.00133012
0.00126608
0.000697596
0.000403142
0.000228576
0.000137916
8.42136e-05
4.79025e-05
2.64833e-05
0.00212894
0.00121741
0.00105626
0.000910358
0.000426806
0.000229023
0.000139341
8.36999e-05
4.9214e-05
2.70712e-05
0.0022438
0.00116806
0.000940251
0.000914106
0.000486836
0.000231935
0.000138919
8.41051e-05
5.13081e-05
2.82738e-05
0.0025269
0.00121602
0.000649841
0.000634001
0.000558553
0.000247254
0.000134336
8.61292e-05
5.35721e-05
3.00437e-05
0.00276859
0.00143872
0.000454768
0.000371612
0.000572277
0.000270165
0.000134436
8.79502e-05
5.60181e-05
3.2543e-05
0.00186414
0.00113894
0.000318703
0.000210445
0.000474277
0.000278308
0.000145468
8.86907e-05
5.81314e-05
3.56973e-05
0.00108777
0.000756382
0.000207392
9.92727e-05
0.000233006
0.00027592
0.000158881
9.09652e-05
5.99578e-05
3.80541e-05
0.000602428
0.000475349
0.000140273
5.19775e-05
0.000106157
0.000215734
0.000160393
9.42513e-05
6.12148e-05
3.93065e-05
0.000384481
0.000351035
0.000111429
3.38647e-05
4.53185e-05
9.65352e-05
0.000133405
9.2147e-05
6.04033e-05
3.93846e-05
0.00016372
0.000251539
8.48006e-05
2.51869e-05
2.58146e-05
3.21118e-05
4.75578e-05
5.85828e-05
4.63635e-05
3.42701e-05
0.00014773
0.000157326
6.75389e-05
2.81957e-05
2.6956e-05
3.23212e-05
5.25053e-05
9.59954e-05
7.54454e-05
3.88434e-05
0.00028538
0.000265579
0.00011798
4.4259e-05
4.10866e-05
8.32478e-05
0.000154743
0.000163587
0.000102276
4.95689e-05
0.000467367
0.000441392
0.000170554
6.92019e-05
7.45022e-05
0.000181396
0.00024245
0.000165702
9.83576e-05
4.87636e-05
0.000905561
0.000761014
0.000243364
9.85664e-05
0.00014665
0.000289
0.000252254
0.000150889
9.25708e-05
4.80103e-05
0.00181729
0.00117216
0.000384416
0.000145571
0.000301093
0.000334433
0.000236204
0.000136794
9.05852e-05
4.53784e-05
0.00307891
0.00160372
0.000586502
0.000223242
0.000519723
0.000345248
0.000204716
0.000132364
8.79237e-05
4.1828e-05
0.00353516
0.00151848
0.000708731
0.000370927
0.000614069
0.000338064
0.000188506
0.00012944
8.57122e-05
3.85106e-05
0.00289285
0.00131724
0.000908743
0.000662741
0.000625947
0.000316466
0.000184554
0.000124822
8.36622e-05
3.5513e-05
0.0024936
0.00124641
0.00111653
0.00107119
0.000576835
0.000302972
0.000182359
0.000123321
8.02384e-05
3.34025e-05
0.00234652
0.00143741
0.00158542
0.00100059
0.000544942
0.000297742
0.000178687
0.00012466
7.73767e-05
3.23413e-05
0.00234678
0.00143752
0.00158553
0.0010006
0.000544932
0.00029774
0.000178687
0.000124661
7.73769e-05
3.23415e-05
0.00249302
0.00124641
0.00111663
0.00107129
0.000576796
0.000302967
0.00018236
0.000123323
8.02396e-05
3.34029e-05
0.00289377
0.00131712
0.000908823
0.000662862
0.00062591
0.000316462
0.000184556
0.000124823
8.36646e-05
3.55136e-05
0.00353507
0.00151843
0.000708784
0.00037097
0.00061407
0.00033807
0.000188509
0.000129442
8.57152e-05
3.85116e-05
0.00307929
0.00160374
0.000586568
0.000223258
0.000519761
0.00034526
0.000204723
0.000132368
8.79265e-05
4.18292e-05
0.00181765
0.00117226
0.000384488
0.000145578
0.000301105
0.000334443
0.000236217
0.0001368
9.05884e-05
4.53803e-05
0.000905662
0.000761072
0.000243391
9.8569e-05
0.000146639
0.000288994
0.000252264
0.000150897
9.25748e-05
4.80126e-05
0.000467312
0.000441396
0.000170563
6.92075e-05
7.44947e-05
0.000181374
0.000242452
0.00016571
9.83629e-05
4.87661e-05
0.000285375
0.000265593
0.000118013
4.42668e-05
4.10853e-05
8.32393e-05
0.00015473
0.000163592
0.000102283
4.95717e-05
0.000147749
0.000157331
6.75459e-05
2.81978e-05
2.69558e-05
3.23197e-05
5.25002e-05
9.59888e-05
7.5448e-05
3.88447e-05
0.000139324
9.38295e-05
5.25578e-05
3.45126e-05
3.02946e-05
3.19352e-05
4.94759e-05
9.81529e-05
0.000156165
7.73722e-05
0.000290219
0.000188771
9.73192e-05
5.21291e-05
4.5602e-05
6.69834e-05
0.000133439
0.000260605
0.000206734
9.60187e-05
0.000477674
0.000337619
0.00015882
7.77001e-05
7.00557e-05
0.000142064
0.000280996
0.0002987
0.000189214
8.54316e-05
0.000733861
0.000591402
0.00024011
0.000113835
0.000122257
0.000282952
0.000385481
0.000279456
0.000164285
8.22045e-05
0.00141439
0.00118589
0.00038229
0.000160376
0.000240062
0.000378726
0.000392773
0.000239819
0.00015658
7.65644e-05
0.00294121
0.00210457
0.000685218
0.000237809
0.000482332
0.000467206
0.000358957
0.0002185
0.000152606
6.76464e-05
0.00447187
0.0020367
0.00103436
0.00035468
0.000610027
0.000522676
0.000319585
0.000206643
0.000148806
5.99469e-05
0.00391742
0.00173844
0.0010718
0.000537534
0.000684496
0.000509953
0.000303287
0.000199107
0.000144507
5.38882e-05
0.00307745
0.0014802
0.00124604
0.000921571
0.000849986
0.000498033
0.000298905
0.000196293
0.000138529
4.87304e-05
0.00275337
0.00164586
0.0019265
0.00148065
0.000856274
0.000514609
0.000299287
0.000194769
0.000134576
4.63608e-05
0.00275376
0.00164607
0.0019269
0.00148092
0.000856314
0.000514613
0.000299285
0.000194769
0.000134577
4.63611e-05
0.0030768
0.00148006
0.00124621
0.000921837
0.000850031
0.000498013
0.000298902
0.000196295
0.000138532
4.87316e-05
0.00391431
0.00173822
0.0010719
0.000537678
0.000684529
0.00050992
0.000303283
0.000199108
0.000144512
5.38902e-05
0.00447214
0.00203671
0.00103454
0.000354776
0.000610059
0.000522659
0.000319579
0.000206644
0.000148813
5.99502e-05
0.00294176
0.00210483
0.000685452
0.000237865
0.000482404
0.000467221
0.000358962
0.000218504
0.000152613
6.76509e-05
0.00141462
0.00118613
0.000382424
0.000160403
0.00024009
0.000378734
0.00039279
0.000239831
0.00015659
7.65716e-05
0.000733887
0.000591565
0.000240157
0.000113845
0.00012226
0.000282934
0.000385496
0.000279479
0.000164299
8.22146e-05
0.000477774
0.000337714
0.00015885
7.77109e-05
7.00524e-05
0.000142049
0.000280993
0.000298719
0.000189234
8.54444e-05
0.000290294
0.000188819
9.73435e-05
5.21405e-05
4.56039e-05
6.69779e-05
0.000133427
0.000260609
0.000206756
9.60348e-05
0.00013935
9.3848e-05
5.25725e-05
3.452e-05
3.0297e-05
3.19343e-05
4.94699e-05
9.8139e-05
0.000156175
7.7388e-05
0.000127882
6.31527e-05
4.59622e-05
3.59174e-05
3.19663e-05
3.12036e-05
3.83273e-05
7.34369e-05
0.000218624
0.000193597
0.000293345
0.000135547
8.27841e-05
5.48432e-05
4.60991e-05
5.44124e-05
9.80423e-05
0.000243986
0.000351558
0.00020159
0.000494014
0.000241092
0.000129292
7.79044e-05
6.84389e-05
0.0001076
0.000217966
0.000424187
0.000347527
0.000159196
0.000799169
0.000458398
0.000216741
0.000116663
0.000114261
0.00022643
0.000418673
0.000446917
0.00028973
0.000148382
0.00122514
0.000840895
0.000354385
0.000182563
0.000212552
0.000425054
0.00051937
0.000418994
0.000258973
0.000137946
0.00238899
0.00191644
0.000621409
0.000271184
0.000447549
0.000546873
0.00054362
0.00037103
0.000240505
0.000120697
0.00449743
0.00300484
0.00118478
0.000406076
0.00062841
0.000633857
0.000531367
0.000345348
0.000225603
0.000105306
0.0052364
0.00261287
0.00138788
0.00057294
0.00071202
0.000712468
0.000501704
0.000333076
0.00021021
9.113e-05
0.0040185
0.00201919
0.00147295
0.000903286
0.000910399
0.000792947
0.00050235
0.000329257
0.000194582
7.68104e-05
0.00323827
0.0019659
0.00226784
0.00180801
0.0012882
0.000831549
0.000526747
0.000328554
0.000188152
7.30559e-05
0.00323845
0.0019659
0.00226819
0.00180829
0.00128829
0.000831564
0.00052675
0.000328553
0.000188152
7.30566e-05
0.00401795
0.00201894
0.00147307
0.000903468
0.000910488
0.000792951
0.000502335
0.000329255
0.000194584
7.68126e-05
0.00523698
0.00261275
0.00138788
0.000573041
0.000712084
0.0007125
0.000501671
0.000333071
0.000210214
9.11339e-05
0.00449766
0.00300482
0.00118494
0.000406154
0.000628477
0.000633894
0.000531339
0.000345341
0.000225611
0.000105315
0.00238898
0.00191678
0.000621533
0.000271244
0.000447695
0.000546923
0.000543615
0.000371029
0.000240516
0.000120707
0.00122509
0.000841111
0.000354466
0.000182599
0.000212586
0.000425076
0.000519396
0.000419017
0.000258992
0.000137962
0.000799277
0.000458516
0.000216783
0.00011668
0.000114255
0.00022643
0.000418698
0.000446951
0.000289767
0.000148405
0.000494012
0.000241124
0.000129312
7.79108e-05
6.84348e-05
0.000107594
0.000217973
0.000424212
0.000347573
0.000159229
0.000293352
0.000135565
8.27998e-05
5.48523e-05
4.6101e-05
5.44108e-05
9.80366e-05
0.000243987
0.000351593
0.000201639
0.000127898
6.31662e-05
4.59754e-05
3.59243e-05
3.19699e-05
3.12038e-05
3.83242e-05
7.34284e-05
0.000218628
0.000193643
0.000124537
4.8287e-05
3.89727e-05
3.21373e-05
3.02963e-05
2.91502e-05
3.18049e-05
5.73767e-05
0.000226822
0.000357552
0.000296384
0.000103988
7.18544e-05
5.15226e-05
4.40703e-05
4.70503e-05
7.78642e-05
0.000196593
0.000468918
0.000319288
0.000502316
0.000179897
0.000112103
8.0664e-05
7.31854e-05
9.617e-05
0.000194989
0.000454363
0.000517112
0.000243045
0.000816851
0.000360458
0.000211626
0.000136894
0.00013812
0.000208008
0.000443145
0.000574708
0.000466973
0.000211587
0.0012407
0.000686467
0.000433998
0.000247696
0.000251821
0.000423021
0.000626198
0.000589744
0.000414387
0.000191015
0.00210335
0.00143502
0.000661224
0.000397948
0.000476578
0.000656514
0.000682473
0.000580667
0.000374539
0.000155388
0.00413112
0.00321542
0.00120037
0.000528103
0.000694789
0.000760327
0.000721076
0.00056117
0.000345752
0.000132919
0.00627206
0.00331351
0.00169879
0.000683681
0.000776636
0.000831313
0.000754088
0.00053819
0.000326836
0.000111655
0.00557621
0.00268173
0.00185711
0.000972755
0.000967394
0.000951759
0.000790009
0.000538913
0.000306267
9.01526e-05
0.00399209
0.00246931
0.00258834
0.00205141
0.00159816
0.00119798
0.000853208
0.000553144
0.000303581
8.67219e-05
0.00399222
0.00246909
0.00258839
0.00205147
0.00159824
0.00119804
0.000853203
0.000553145
0.00030358
8.67222e-05
0.00557614
0.00268141
0.00185708
0.000972827
0.000967478
0.000951816
0.000790011
0.000538916
0.000306265
9.01514e-05
0.00627154
0.00331322
0.00169878
0.000683733
0.00077675
0.000831372
0.000754096
0.000538186
0.000326835
0.000111651
0.00413058
0.00321528
0.00120039
0.000528158
0.000694941
0.000760401
0.000721107
0.000561158
0.000345757
0.000132921
0.00210303
0.00143521
0.000661338
0.000398021
0.000476649
0.000656613
0.000682539
0.000580679
0.000374547
0.000155393
0.00124066
0.000686597
0.000434131
0.000247754
0.000251858
0.000423101
0.000626278
0.000589789
0.00041442
0.000191027
0.00081674
0.000360493
0.000211665
0.000136914
0.00013813
0.000208042
0.000443222
0.00057475
0.000467041
0.000211611
0.000502239
0.000179879
0.000112104
8.06654e-05
7.31839e-05
9.61736e-05
0.000195014
0.000454399
0.000517175
0.000243096
0.000296364
0.00010399
7.18584e-05
5.15261e-05
4.40701e-05
4.70501e-05
7.78656e-05
0.000196598
0.000468955
0.000319363
0.000124537
4.82923e-05
3.89818e-05
3.21419e-05
3.0299e-05
2.91509e-05
3.18033e-05
5.73688e-05
0.000226813
0.000357627
0.000130384
3.74827e-05
3.19763e-05
2.93863e-05
2.7631e-05
2.65776e-05
2.9256e-05
6.16611e-05
0.000286066
0.000532878
0.000324344
8.28738e-05
6.25265e-05
4.98561e-05
4.47135e-05
5.94236e-05
8.6125e-05
0.000225651
0.000584297
0.000416378
0.000565774
0.000166616
0.000121953
0.000108116
0.000100791
0.000146948
0.000229648
0.000540633
0.000666065
0.000300414
0.000893559
0.000325629
0.000236529
0.000229305
0.000218417
0.000295442
0.000526977
0.000708651
0.000622892
0.000247676
0.00133045
0.000618312
0.000520436
0.000456506
0.000402915
0.000524427
0.000781711
0.000734664
0.000583436
0.000215941
0.00204217
0.00115746
0.000763488
0.000672023
0.000668351
0.000851496
0.000835637
0.000757911
0.00054543
0.000178874
0.00354928
0.00273703
0.0012238
0.000765585
0.000831296
0.00100086
0.000871515
0.000784426
0.000510019
0.000145267
0.00626518
0.00412392
0.00196851
0.000896839
0.000896968
0.00101531
0.000925086
0.000810958
0.000475536
0.000119055
0.00699308
0.00355156
0.00213358
0.00111908
0.0010734
0.00107908
0.00099611
0.000839819
0.000464246
0.000107362
0.00536745
0.00300937
0.00282154
0.0021795
0.0018012
0.00143401
0.00112745
0.000887645
0.000468045
0.000100459
0.00536772
0.00300901
0.00282117
0.00217923
0.00180114
0.00143403
0.00112749
0.000887637
0.000468042
0.000100458
0.00699248
0.00355121
0.00213334
0.00111895
0.00107341
0.00107913
0.000996162
0.00083981
0.000464238
0.000107357
0.00626384
0.00412344
0.00196831
0.000896736
0.000897053
0.00101538
0.00092511
0.000810944
0.000475531
0.000119044
0.00354833
0.00273692
0.00122377
0.000765586
0.000831413
0.001001
0.000871546
0.00078443
0.000510022
0.00014526
0.00204194
0.00115757
0.000763575
0.000672097
0.000668387
0.000851654
0.000835709
0.000757962
0.000545441
0.000178871
0.00133035
0.0006184
0.000520537
0.000456571
0.000403029
0.000524518
0.0007818
0.000734724
0.000583487
0.000215943
0.000893355
0.00032561
0.000236534
0.000229347
0.000218468
0.000295499
0.000527075
0.000708708
0.00062298
0.000247684
0.000565635
0.000166573
0.000121934
0.000108124
0.000100806
0.000146969
0.000229679
0.000540672
0.000666133
0.000300448
0.000324285
8.28562e-05
6.25183e-05
4.98549e-05
4.47123e-05
5.94266e-05
8.61285e-05
0.000225658
0.000584329
0.000416466
0.000130373
3.74814e-05
3.19775e-05
2.93872e-05
2.76321e-05
2.65778e-05
2.92551e-05
6.16569e-05
0.00028605
0.000532946
0.000138682
3.08985e-05
2.80557e-05
2.59948e-05
2.5498e-05
2.80739e-05
3.69107e-05
0.000111616
0.000566895
0.000683172
0.000393563
0.000113254
9.7023e-05
7.20828e-05
7.07829e-05
0.00011913
0.000164135
0.000381589
0.000797209
0.000471945
0.000754821
0.000279884
0.000249988
0.000181524
0.000185724
0.000318476
0.000405787
0.000792178
0.000808071
0.000307226
0.00122502
0.00051712
0.000477698
0.000382605
0.000403662
0.000709834
0.000803673
0.000938618
0.000693538
0.000266812
0.00172784
0.000843565
0.000884402
0.000772501
0.000772731
0.000964024
0.00105087
0.000923541
0.000651434
0.00021191
0.00224528
0.00121799
0.00105953
0.00104209
0.00107148
0.00109518
0.00107014
0.000895585
0.000657522
0.000197318
0.00351356
0.00225731
0.00135912
0.00111837
0.00111787
0.00115318
0.00103169
0.000918358
0.000647496
0.000182758
0.00615598
0.00442613
0.00226283
0.00121908
0.00111664
0.00113889
0.00104093
0.000990952
0.00063097
0.000172285
0.00790013
0.00415628
0.00249178
0.00138587
0.0012139
0.00118272
0.00110972
0.00104058
0.000616212
0.000141921
0.00676999
0.00341283
0.00304849
0.00227327
0.00191903
0.0015698
0.00133964
0.0011108
0.000644114
0.000135675
0.00677056
0.00341259
0.00304786
0.00227267
0.00191879
0.00156973
0.00133963
0.00111082
0.000644112
0.000135674
0.00789912
0.00415562
0.00249107
0.00138556
0.00121394
0.0011828
0.00110978
0.0010406
0.000616211
0.000141912
0.00615381
0.00442525
0.0022622
0.00121904
0.00111678
0.00113909
0.00104104
0.000991018
0.000630961
0.000172265
0.00351257
0.00225687
0.00135894
0.00111841
0.00111801
0.00115329
0.00103179
0.000918432
0.000647518
0.000182744
0.00224499
0.0012179
0.00105951
0.00104206
0.00107158
0.00109524
0.00107024
0.000895663
0.000657548
0.000197318
0.00172759
0.000843392
0.000884371
0.000772548
0.000772788
0.000964116
0.00105096
0.00092362
0.000651471
0.000211906
0.00122449
0.00051689
0.000477623
0.000382654
0.000403708
0.000709972
0.000803775
0.000938677
0.000693609
0.000266801
0.000754659
0.000279736
0.00024993
0.000181551
0.000185749
0.000318544
0.000405872
0.000792241
0.000808132
0.00030722
0.000393456
0.000113193
9.69969e-05
7.20875e-05
7.07874e-05
0.000119148
0.000164166
0.000381651
0.000797249
0.000472013
0.000138671
3.08946e-05
2.80542e-05
2.59941e-05
2.54978e-05
2.80753e-05
3.69152e-05
0.000111641
0.000566935
0.000683204
0.00017261
4.73468e-05
4.05941e-05
4.82383e-05
3.35259e-05
4.04151e-05
9.3777e-05
0.000285434
0.00100102
0.000746315
0.000573839
0.000261529
0.000206669
0.000229757
0.000155564
0.000173422
0.000377995
0.000814192
0.00104832
0.000520781
0.00112295
0.000604037
0.000515664
0.000548392
0.000400274
0.000414741
0.000863307
0.00114338
0.000815838
0.000330044
0.00183921
0.00107081
0.000945925
0.000985514
0.000783522
0.000904071
0.00126038
0.00114246
0.000674247
0.000282541
0.00264015
0.00158856
0.0016185
0.00141417
0.0013155
0.0013671
0.00131975
0.000989272
0.0006963
0.000269036
0.00293128
0.00169746
0.00167308
0.00149582
0.00142791
0.00141239
0.00121006
0.000957178
0.000716061
0.000236819
0.00378
0.0022695
0.00174874
0.00139498
0.00137076
0.00132061
0.00109125
0.00102409
0.0007856
0.000256044
0.00633744
0.00454719
0.00252119
0.00142877
0.00120365
0.00121201
0.00110178
0.00111613
0.000814145
0.00025082
0.00866716
0.0044888
0.00280407
0.00159358
0.00127031
0.00123592
0.00122918
0.00124869
0.000791104
0.0001961
0.00797741
0.00366696
0.00322362
0.00233259
0.00195838
0.00163233
0.00149776
0.0014133
0.000857901
0.000197124
0.00797762
0.00366679
0.00322301
0.00233211
0.00195824
0.0016323
0.00149775
0.00141328
0.000857884
0.000197119
0.00866559
0.00448803
0.00280337
0.00159306
0.00127029
0.00123592
0.00122922
0.00124876
0.000791021
0.000196087
0.00633502
0.00454604
0.00252027
0.00142853
0.00120369
0.00121187
0.00110187
0.00111615
0.000814158
0.000250791
0.00377907
0.00226898
0.0017485
0.00139501
0.0013709
0.00132082
0.00109139
0.00102412
0.000785664
0.000256023
0.002931
0.00169727
0.001673
0.00149602
0.00142806
0.0014126
0.00121021
0.000957238
0.000716111
0.000236822
0.00263983
0.00158831
0.00161815
0.00141435
0.00131564
0.00136729
0.00131984
0.00098935
0.00069633
0.000269021
0.00183865
0.00107037
0.000945603
0.000985511
0.00078372
0.000904067
0.00126045
0.00114255
0.000674296
0.000282525
0.00112277
0.000603918
0.000515556
0.000548367
0.000400388
0.00041476
0.000863431
0.00114347
0.000815969
0.000330026
0.00057374
0.000261452
0.000206644
0.000229732
0.000155612
0.00017344
0.000378066
0.000814356
0.00104846
0.000520785
0.000172604
4.73363e-05
4.05961e-05
4.82237e-05
3.35369e-05
4.04139e-05
9.37962e-05
0.000285537
0.00100105
0.00074629
0.00029937
0.000132554
0.000117949
0.000142398
0.000128938
0.000167608
0.000215545
0.000791074
0.00104476
0.000864742
0.00103034
0.000598812
0.000448408
0.000547432
0.000415139
0.000525367
0.000735624
0.00126298
0.00112997
0.00059489
0.00185204
0.00122632
0.000933205
0.00122877
0.000936189
0.0010685
0.00139901
0.00133459
0.000849156
0.000343335
0.00312929
0.00222123
0.00163063
0.00192733
0.00153587
0.00151524
0.00163496
0.00113332
0.00069778
0.00031023
0.00338998
0.00261582
0.00235999
0.00219289
0.00180725
0.00172251
0.00149166
0.000978537
0.000805359
0.000379928
0.00350133
0.00231996
0.00233933
0.00201838
0.00175668
0.0016002
0.00122525
0.00101563
0.000873922
0.000343429
0.00438445
0.00249867
0.00191011
0.00154335
0.00148345
0.00132273
0.00113105
0.00118581
0.000848142
0.000251758
0.00701225
0.00487567
0.0028223
0.00149848
0.00124626
0.00120856
0.00118006
0.00133956
0.000931618
0.000258011
0.00993121
0.00490088
0.00307486
0.00168536
0.00128882
0.00126107
0.00135914
0.00148472
0.00110504
0.000418461
0.00965946
0.00385186
0.00333771
0.00236668
0.00197314
0.00165173
0.00158612
0.00164902
0.00118445
0.000405696
0.00965927
0.00385151
0.00333726
0.00236631
0.00197311
0.00165176
0.00158612
0.00164903
0.0011844
0.000405677
0.00992927
0.00489955
0.00307369
0.00168483
0.00128873
0.0012611
0.00135916
0.0014847
0.00110488
0.000418409
0.00700921
0.00487388
0.00282119
0.00149793
0.00124615
0.00120855
0.00118004
0.00133958
0.000931495
0.000257933
0.00438374
0.00249807
0.00190966
0.00154302
0.00148321
0.00132271
0.00113108
0.00118589
0.000848165
0.000251719
0.0035011
0.00231977
0.00233926
0.0020182
0.00175652
0.00160016
0.0012254
0.00101567
0.000874084
0.000343441
0.00338979
0.00261559
0.00236008
0.00219269
0.00180715
0.00172224
0.00149182
0.000978621
0.000805409
0.000379929
0.00312907
0.00222091
0.00163098
0.00192723
0.00153612
0.00151466
0.0016351
0.00113344
0.000697815
0.000310221
0.00185184
0.00122627
0.000933708
0.00122866
0.000936706
0.00106839
0.0013991
0.00133479
0.000849291
0.000343333
0.00103025
0.00059877
0.000448694
0.00054733
0.000415368
0.000525392
0.000735712
0.00126318
0.00113014
0.000594909
0.000299408
0.000132553
0.000118073
0.000142372
0.000129013
0.000167574
0.000215561
0.00079131
0.00104489
0.00086469
0.000695641
0.000374024
0.000531789
0.000246427
0.00072588
0.000700865
0.000684224
0.00130204
0.00137155
0.000923355
0.0019668
0.00126808
0.00131822
0.000813402
0.00128164
0.00146672
0.00146938
0.00173422
0.00121727
0.000608212
0.003767
0.00264032
0.00232564
0.00174815
0.00196805
0.00194646
0.00183406
0.00141201
0.000797285
0.000398182
0.00428365
0.00356908
0.00307065
0.00252003
0.00232482
0.00204195
0.00173704
0.00104715
0.000784554
0.000473053
0.00397678
0.00320336
0.0031078
0.00271796
0.00230673
0.00187771
0.0014298
0.000993958
0.000832323
0.000386923
0.00399977
0.00229494
0.00244581
0.00242042
0.00199489
0.00156422
0.00122696
0.00117264
0.000889948
0.000284177
0.00504356
0.00254296
0.00183313
0.0016398
0.00151571
0.001293
0.00119381
0.00136294
0.00111637
0.000492796
0.00806575
0.00542074
0.00299646
0.00146747
0.00125211
0.00119308
0.00128396
0.00153012
0.00127581
0.000541558
0.011046
0.00557228
0.00352039
0.00185772
0.00130129
0.00126913
0.0014335
0.00170512
0.0015018
0.000546592
0.0110534
0.00405347
0.00344955
0.00245032
0.00199422
0.00166253
0.00162781
0.00178722
0.0016408
0.000592523
0.0110532
0.00405273
0.00344906
0.00245023
0.00199425
0.00166261
0.00162789
0.00178727
0.00164076
0.000592429
0.0110448
0.00557077
0.00351926
0.00185725
0.00130112
0.00126916
0.00143371
0.00170513
0.00150154
0.000546523
0.00806508
0.00541994
0.00299574
0.0014668
0.00125178
0.00119316
0.00128387
0.00153007
0.00127554
0.000541359
0.00504377
0.00254261
0.00183248
0.0016389
0.00151494
0.00129283
0.00119375
0.0013629
0.00111619
0.000492579
0.00399968
0.00229463
0.00244516
0.00241954
0.00199388
0.00156403
0.00122697
0.00117267
0.000889936
0.000284067
0.00397656
0.00320284
0.00310745
0.00271778
0.00230613
0.0018778
0.00142986
0.000993994
0.000832357
0.000386922
0.00428337
0.00356874
0.00307061
0.00252066
0.00232442
0.00204283
0.00173719
0.00104722
0.000784292
0.000473029
0.00376658
0.00263998
0.00232568
0.00174942
0.00196721
0.0019472
0.00183443
0.00141228
0.000797634
0.000398229
0.00196697
0.00126811
0.00131853
0.00081419
0.00128332
0.00146591
0.00146957
0.00173468
0.00121754
0.000608259
0.00069597
0.000373965
0.000532427
0.000246804
0.000725968
0.000700791
0.000684174
0.00130251
0.00137198
0.00092343
0.00137101
0.00104554
0.00113457
0.000889944
0.00106035
0.000983742
0.00143548
0.00140066
0.00146235
0.0010754
0.00291358
0.00257278
0.0023052
0.00208333
0.00201159
0.0019251
0.00212316
0.00187061
0.00139751
0.000742235
0.00537192
0.00448722
0.00356801
0.00306914
0.00275292
0.0024447
0.00211265
0.00147314
0.000854262
0.00048626
0.00589045
0.00468131
0.00395146
0.00329997
0.00287449
0.00240549
0.00168851
0.00107125
0.00083393
0.000511369
0.00501544
0.00320903
0.00330864
0.00312785
0.00271987
0.00200732
0.00139832
0.00112435
0.000954019
0.000518536
0.00494265
0.00232256
0.00229271
0.00247078
0.00215932
0.0015681
0.0012774
0.00136573
0.00114306
0.00056838
0.006052
0.00275815
0.00177159
0.00163572
0.00155156
0.00127444
0.00128095
0.00159563
0.0013422
0.000521093
0.00894575
0.00564885
0.00301916
0.00145408
0.00128163
0.00117593
0.00132569
0.00175367
0.00168158
0.000662543
0.0116296
0.00586915
0.00391436
0.00201396
0.00135741
0.00127913
0.00144884
0.00185772
0.0018916
0.000724276
0.0118063
0.00409601
0.0035967
0.00258189
0.00205312
0.00169119
0.00163992
0.00188523
0.00197704
0.000689736
0.0118061
0.00409496
0.00359641
0.00258163
0.00205355
0.00169135
0.00164007
0.00188545
0.00197695
0.000689588
0.0116287
0.00586815
0.00391387
0.00201387
0.0013574
0.00127913
0.00144887
0.00185778
0.00189124
0.000723991
0.00894572
0.00564847
0.00301855
0.00145345
0.00128107
0.00117575
0.00132561
0.00175353
0.00168096
0.000662144
0.00605276
0.0027587
0.00177117
0.00163466
0.00155045
0.00127412
0.00128075
0.00159544
0.00134163
0.000520756
0.00494277
0.00232236
0.0022918
0.0024693
0.00215796
0.00156767
0.00127717
0.00136552
0.00114271
0.000568016
0.00501521
0.00320853
0.00330757
0.00312728
0.00271919
0.00200656
0.00139818
0.00112421
0.000953868
0.000518287
0.00589001
0.00468091
0.00395099
0.00330002
0.00287426
0.00240505
0.00168827
0.00107117
0.00083384
0.000511328
0.00537145
0.00448686
0.00356823
0.0030698
0.00275314
0.0024444
0.00211276
0.00147338
0.000854248
0.000486121
0.00291351
0.00257294
0.00230558
0.00208457
0.00201185
0.00192516
0.00212357
0.00187123
0.00139796
0.00074219
0.0013716
0.00104559
0.00113515
0.000891677
0.00106107
0.000984365
0.00143601
0.00140114
0.00146306
0.00107576
0.00207358
0.00192443
0.00231002
0.00163713
0.00153413
0.00167229
0.00193123
0.00169261
0.00181627
0.00124882
0.00314182
0.00346636
0.00360767
0.00331336
0.00265069
0.00249541
0.00243108
0.00205329
0.00157705
0.000853918
0.00527232
0.00501428
0.0044078
0.00388312
0.00330662
0.00281302
0.00222224
0.00150711
0.000914454
0.000597883
0.00724398
0.00553563
0.00429653
0.00373067
0.00322287
0.00261358
0.00169062
0.00117275
0.000916259
0.000621307
0.00745736
0.00407758
0.00322535
0.00319399
0.00291809
0.00217389
0.00144184
0.00131126
0.00102248
0.000567185
0.00739645
0.00325758
0.00225386
0.00244245
0.00226533
0.0016731
0.00136833
0.00155331
0.00132845
0.000684568
0.00855285
0.0037411
0.00187567
0.00165029
0.00161677
0.00131572
0.00133159
0.00176546
0.00162658
0.00069832
0.0110042
0.005994
0.00309551
0.00148199
0.00132672
0.00118561
0.00132618
0.00190525
0.00197107
0.00083702
0.0130033
0.00625477
0.00406234
0.00214087
0.00148509
0.00131086
0.00144811
0.00192586
0.00223381
0.000903331
0.0134676
0.00424235
0.00359676
0.00269455
0.00217242
0.00174546
0.00163716
0.00188236
0.00231795
0.000907722
0.013467
0.00424126
0.00359665
0.00269464
0.0021724
0.00174553
0.00163734
0.00188267
0.00231784
0.00090747
0.0130029
0.00625311
0.00406192
0.00214012
0.00148469
0.0013108
0.00144821
0.00192635
0.00223333
0.000902922
0.011005
0.00599341
0.00309471
0.00148131
0.00132624
0.00118541
0.00132612
0.00190523
0.00197006
0.000836387
0.00855374
0.0037419
0.00187535
0.0016496
0.00161597
0.0013154
0.00133138
0.001765
0.00162583
0.000697877
0.00739704
0.00325771
0.00225322
0.00244144
0.00226441
0.0016724
0.00136805
0.0015529
0.00132776
0.000684169
0.00745823
0.00407795
0.00322468
0.00319331
0.00291756
0.00217309
0.00144152
0.00131089
0.0010221
0.000566993
0.00724485
0.00553613
0.00429617
0.00373048
0.00322262
0.00261295
0.0016901
0.00117231
0.00091594
0.000621099
0.00527193
0.00501436
0.00440756
0.0038836
0.00330688
0.0028127
0.00222182
0.00150693
0.000914558
0.000598426
0.00314172
0.00346674
0.00360844
0.00331572
0.00265122
0.00249536
0.00243118
0.00205388
0.0015775
0.000854413
0.00207364
0.00192441
0.00231208
0.00164076
0.00153562
0.00167276
0.00193151
0.00169315
0.00181643
0.00124858
0.00235885
0.00261689
0.0024546
0.00222731
0.00224337
0.00226912
0.00247566
0.00212756
0.00226711
0.00145486
0.00278843
0.00386762
0.00407765
0.00384451
0.00329689
0.0028849
0.0027658
0.00223391
0.00168072
0.000936499
0.00373972
0.00487947
0.00459911
0.00421797
0.00359565
0.0029568
0.00223035
0.00144042
0.000952279
0.000670666
0.00611697
0.00564564
0.00459332
0.00387501
0.00331767
0.00264575
0.00177901
0.00125334
0.000977114
0.000684034
0.00804305
0.00610202
0.00354188
0.00327339
0.00298462
0.0023071
0.00159184
0.001427
0.00113845
0.000706999
0.00929113
0.00629566
0.00285601
0.00251305
0.00235962
0.00183407
0.00146912
0.00166464
0.00148903
0.000862174
0.0108562
0.00688383
0.00268928
0.00179963
0.00171639
0.00144565
0.00137604
0.0018301
0.00178981
0.000927823
0.0127277
0.00772329
0.00360691
0.00164529
0.00138817
0.00123804
0.00132654
0.00192065
0.00214326
0.0010005
0.0138823
0.00771225
0.00425819
0.00230762
0.00159081
0.00137846
0.00144927
0.00191795
0.00241668
0.00106512
0.0142
0.00596958
0.00361424
0.00273939
0.00226845
0.00183847
0.00163894
0.00185821
0.00250063
0.00121496
0.0142001
0.00596803
0.00361419
0.00273973
0.00226841
0.00183819
0.00163912
0.00185864
0.00250062
0.00121452
0.0138828
0.00770982
0.00425762
0.00230643
0.00159017
0.00137815
0.00144929
0.00191853
0.00241598
0.0010643
0.0127296
0.00772252
0.00360588
0.00164461
0.00138786
0.00123788
0.00132649
0.00192074
0.00214217
0.000999891
0.0108587
0.00688466
0.00268919
0.00179995
0.00171644
0.00144556
0.00137603
0.00182962
0.00178876
0.000927157
0.00929385
0.0062971
0.00285615
0.00251287
0.00235999
0.00183398
0.00146905
0.00166408
0.00148801
0.000861503
0.00804503
0.00610363
0.00354258
0.00327345
0.00298457
0.00230667
0.0015914
0.00142633
0.00113774
0.000706483
0.0061177
0.00564633
0.00459353
0.00387497
0.00331758
0.00264524
0.00177809
0.00125257
0.000976657
0.000683907
0.00373989
0.00487993
0.00459915
0.00421817
0.00359576
0.00295653
0.00222958
0.00144001
0.000951842
0.000670088
0.00278838
0.00386783
0.00407844
0.0038464
0.00329737
0.00288463
0.0027659
0.00223395
0.00167929
0.000935246
0.00235863
0.00261657
0.00245637
0.0022293
0.00224421
0.00226937
0.00247628
0.00212706
0.00226876
0.00145641
0.00244553
0.00288461
0.00299497
0.00272925
0.0027942
0.00303323
0.00280664
0.00286222
0.00271024
0.00165195
0.00265639
0.00378064
0.00431404
0.00415806
0.00362852
0.00317037
0.00292358
0.00221214
0.00179504
0.000984553
0.00287949
0.0044175
0.00449761
0.00426565
0.00367243
0.00291964
0.00223305
0.00141791
0.000990526
0.000745259
0.00368327
0.00508688
0.00458552
0.00386618
0.00327288
0.00258807
0.00185817
0.00133565
0.00105632
0.000755254
0.00506385
0.00587095
0.00456114
0.00351056
0.00298537
0.00234133
0.00174963
0.00151295
0.0012424
0.000810888
0.00694296
0.00659673
0.00448908
0.00299264
0.00251638
0.00197655
0.00160895
0.0017136
0.00158696
0.000979076
0.00905471
0.0076733
0.00459393
0.0024921
0.00190829
0.0016003
0.00145755
0.00184314
0.00187294
0.0010474
0.0111174
0.00852871
0.00481172
0.00231096
0.00153606
0.0013601
0.00135919
0.00188988
0.00220839
0.00105509
0.0124395
0.00872975
0.00468746
0.00267629
0.00174301
0.00148441
0.00147531
0.00186581
0.00247689
0.00131479
0.0129179
0.00819593
0.00389077
0.00278425
0.00228474
0.00189727
0.00164426
0.00180063
0.00255744
0.00144823
0.0129184
0.00819536
0.00389068
0.00278474
0.00228484
0.00189697
0.00164443
0.00180103
0.00255739
0.00144781
0.012441
0.00872858
0.00468678
0.00267516
0.0017421
0.00148409
0.00147517
0.00186644
0.00247613
0.00131415
0.0111203
0.00852871
0.00481044
0.00231036
0.00153612
0.00136022
0.00135925
0.00189
0.00220728
0.0010544
0.00905794
0.00767506
0.0045938
0.00249242
0.00190926
0.00160097
0.00145777
0.00184269
0.00187177
0.00104658
0.00694539
0.00659842
0.00448988
0.00299376
0.00251783
0.00197713
0.00160907
0.00171296
0.00158582
0.00097832
0.00506501
0.00587232
0.00456219
0.0035113
0.00298571
0.00234139
0.00174933
0.00151215
0.00124152
0.000810483
0.0036836
0.00508746
0.00458588
0.00386623
0.00327283
0.00258771
0.00185747
0.00133471
0.00105568
0.000754878
0.0028795
0.00441826
0.00449763
0.0042657
0.00367252
0.0029194
0.00223235
0.00141711
0.000990128
0.000745133
0.00265638
0.00378081
0.00431443
0.00415839
0.00362802
0.00316965
0.00292323
0.00221097
0.0017943
0.000984562
0.00244556
0.00288511
0.00299697
0.00273102
0.00279394
0.00303268
0.00280539
0.00286325
0.0027116
0.00165284
0.00294288
0.00340656
0.00339873
0.0036081
0.00348108
0.00352289
0.00333298
0.00335825
0.00312358
0.00179065
0.00268968
0.00374521
0.00426814
0.0041227
0.0037832
0.00329657
0.00297199
0.00205017
0.0016643
0.000900646
0.00272277
0.00389427
0.00425396
0.00403019
0.00351441
0.00276704
0.00212409
0.00137471
0.000985827
0.000760839
0.00303098
0.00450545
0.00437598
0.00383998
0.00313735
0.00244972
0.00188003
0.00138131
0.00110614
0.000786677
0.00341893
0.00512691
0.00468757
0.00369884
0.00298309
0.00233284
0.00184093
0.00156022
0.0012994
0.000893206
0.00396827
0.00593971
0.00505435
0.00353326
0.00270145
0.00211796
0.00175191
0.00174669
0.00162587
0.000997773
0.00466222
0.00690302
0.00549092
0.00343217
0.002345
0.00186913
0.00163873
0.0018468
0.00187243
0.00101669
0.00545328
0.00769421
0.00568668
0.00333361
0.00205242
0.00162
0.00148462
0.0018883
0.00219058
0.00123566
0.00618252
0.00798885
0.00554185
0.0033085
0.0021315
0.00172189
0.00156805
0.00186073
0.00244824
0.00140841
0.00657022
0.00778615
0.00483021
0.00294454
0.00230194
0.00193049
0.0016627
0.00177996
0.00253781
0.00141242
0.00657061
0.00778586
0.00483
0.00294508
0.00230226
0.00193039
0.00166289
0.00178032
0.00253774
0.00141204
0.00618354
0.0079882
0.00554142
0.0033081
0.00213102
0.00172116
0.00156774
0.00186125
0.00244755
0.00140765
0.00545485
0.00769424
0.00568628
0.00333354
0.00205276
0.00162047
0.00148476
0.00188836
0.00218956
0.00123497
0.00466347
0.00690419
0.0054911
0.00343343
0.00234668
0.00187018
0.00163933
0.0018464
0.00187131
0.00101595
0.00396898
0.00594098
0.00505521
0.00353436
0.00270215
0.00211842
0.00175212
0.00174615
0.00162474
0.000997172
0.00341912
0.00512791
0.00468853
0.0036997
0.00298338
0.00233294
0.0018408
0.00155946
0.0012985
0.000892767
0.00303101
0.00450626
0.00437661
0.00384013
0.00313736
0.00244961
0.00187948
0.00138044
0.00110538
0.000786579
0.00272271
0.00389505
0.00425437
0.00403023
0.0035143
0.0027667
0.00212327
0.00137364
0.000985369
0.000760945
0.00268972
0.00374525
0.00426873
0.00412267
0.00378228
0.0032956
0.00297079
0.00204842
0.00166376
0.000900802
0.00294299
0.00340716
0.00340048
0.00360885
0.00348121
0.00352203
0.00333236
0.00335828
0.00312455
0.00179141
0.00320501
0.00396226
0.00445325
0.00438742
0.00408127
0.00410492
0.00403135
0.00358393
0.0033061
0.00176203
0.00294933
0.00347653
0.00402334
0.00409161
0.00362097
0.00310574
0.00264603
0.00167925
0.00132942
0.000844702
0.00281109
0.00351396
0.00388757
0.00371639
0.00320341
0.00254062
0.00201156
0.00129234
0.000967481
0.000744077
0.00291632
0.00425121
0.00415531
0.00375698
0.00306417
0.00239929
0.00190803
0.00137626
0.00110146
0.000800099
0.00304059
0.00483253
0.00461133
0.00384181
0.00302421
0.00235666
0.00194076
0.00155386
0.00130204
0.000863511
0.00324431
0.00549363
0.00504506
0.00386236
0.00294921
0.00228651
0.00192147
0.00175917
0.0016272
0.000973587
0.00345337
0.00619809
0.00550077
0.00387695
0.00280694
0.00217964
0.00188761
0.0018804
0.00183016
0.00104621
0.00365623
0.00676611
0.00568588
0.00378539
0.00264224
0.00207487
0.00182628
0.00196132
0.00214006
0.00122904
0.00378358
0.0070071
0.00559727
0.003637
0.00258761
0.00209917
0.00184802
0.00197509
0.00234831
0.00133193
0.00384161
0.00700998
0.00528609
0.00333412
0.00245893
0.00204403
0.0017573
0.00184583
0.00242964
0.00143202
0.00384182
0.00700988
0.00528595
0.00333456
0.00245939
0.00204428
0.00175762
0.00184617
0.00242953
0.00143175
0.0037841
0.00700706
0.00559695
0.00363646
0.00258707
0.00209895
0.00184805
0.00197526
0.00234772
0.00133131
0.00365695
0.0067664
0.00568564
0.00378483
0.0026422
0.00207517
0.00182645
0.0019612
0.00213922
0.00122838
0.003454
0.00619919
0.00550103
0.00387669
0.00280724
0.00218013
0.00188798
0.00188002
0.00182918
0.0010456
0.00324464
0.00549492
0.00504603
0.00386289
0.00294977
0.00228662
0.00192161
0.00175865
0.00162621
0.000973248
0.00304069
0.00483378
0.00461236
0.00384261
0.00302459
0.00235805
0.00194084
0.00155323
0.00130126
0.000863187
0.00291645
0.00425244
0.00415631
0.00375739
0.00306437
0.00239937
0.00190755
0.00137543
0.00110072
0.000800088
0.00281114
0.00351479
0.00388847
0.00371679
0.00320334
0.00253917
0.00201048
0.00129183
0.000967199
0.000744204
0.00294967
0.00347645
0.0040233
0.00409132
0.00362003
0.00310394
0.00264411
0.00167778
0.00133031
0.000845009
0.00320522
0.0039632
0.00445288
0.00438743
0.00407957
0.00410427
0.0040305
0.00358468
0.00330711
0.00176313
0.00350659
0.00447304
0.00441931
0.00433455
0.00428288
0.00446157
0.00433275
0.0032886
0.00323843
0.00143409
0.0030533
0.0029998
0.00358045
0.00354565
0.00306015
0.00246351
0.00200616
0.00133792
0.001021
0.000707616
0.0028529
0.00292946
0.0033717
0.00327479
0.00288517
0.00222657
0.00169948
0.00100345
0.00074505
0.000643294
0.00286282
0.00352111
0.00385756
0.00367474
0.00304805
0.00229001
0.00181855
0.00114809
0.000875898
0.000660848
0.00285144
0.0041085
0.00429472
0.00390019
0.00311552
0.00238329
0.00195247
0.00130799
0.00101239
0.000693612
0.00289716
0.00467941
0.00472504
0.00409538
0.00316409
0.00240432
0.00204311
0.00157696
0.00131769
0.000795033
0.00293421
0.00525047
0.00514025
0.00421172
0.003183
0.00244511
0.00210196
0.00174851
0.00149442
0.000842063
0.00298277
0.00567271
0.00531685
0.00418569
0.00313644
0.00244757
0.00213045
0.00197494
0.00181197
0.000973694
0.00297015
0.00587931
0.00536358
0.00413744
0.00312386
0.00248425
0.00216923
0.00205734
0.0019569
0.00102183
0.00295201
0.00591965
0.00520988
0.0039373
0.002966
0.00238955
0.00203808
0.00201485
0.00204751
0.00116708
0.00295213
0.00591975
0.00520979
0.00393734
0.00296626
0.00238988
0.00203852
0.00201503
0.00204738
0.00116687
0.00297052
0.00587981
0.00536353
0.00413683
0.00312362
0.00248414
0.0021693
0.00205735
0.00195651
0.0010215
0.00298324
0.00567366
0.00531696
0.00418533
0.00313616
0.00244748
0.00213042
0.00197465
0.00181137
0.000973405
0.00293467
0.00525189
0.00514058
0.00421153
0.00318297
0.00244484
0.00210202
0.00174814
0.00149383
0.000841883
0.00289751
0.0046812
0.00472604
0.00409583
0.00316436
0.00240463
0.00204316
0.00157659
0.00131727
0.0007949
0.00285173
0.0041102
0.00429585
0.00390094
0.00311589
0.00238395
0.0019524
0.00130744
0.00101203
0.000693599
0.00286309
0.00352253
0.00385867
0.00367549
0.00304823
0.00228971
0.0018181
0.00114795
0.000875753
0.000661049
0.00285293
0.00293005
0.00337243
0.00327518
0.00288456
0.0022256
0.00169881
0.00100291
0.000745083
0.000643513
0.00305349
0.00300002
0.00358029
0.00354519
0.00305922
0.00246216
0.00200514
0.00133832
0.00102268
0.000708051
0.00350681
0.00447314
0.00441776
0.00433309
0.00428115
0.00445996
0.00433194
0.00328961
0.00324015
0.00143511
0.00378199
0.00402859
0.0041931
0.0042594
0.00445076
0.00397077
0.00398825
0.00319522
0.00203745
0.00125046
0.00328248
0.00250796
0.00302487
0.00316819
0.00256026
0.00223321
0.00194108
0.00120442
0.00082545
0.000796093
0.00304514
0.00249536
0.00303613
0.00291234
0.00245658
0.00184771
0.00149297
0.000954097
0.000723956
0.000688542
0.00302806
0.00313146
0.00375159
0.0035402
0.00284336
0.00209935
0.00171212
0.00112435
0.000812183
0.00067494
0.00296196
0.00373111
0.00423592
0.00385505
0.00302318
0.00222251
0.00183632
0.00123189
0.000887994
0.000669676
0.00300247
0.00415456
0.00482068
0.00422084
0.00324197
0.0024034
0.00206853
0.00149528
0.00115985
0.000733435
0.00295506
0.00445106
0.00518554
0.00439624
0.00335359
0.00249841
0.00218257
0.00160373
0.00129181
0.000769526
0.00294686
0.00471509
0.00537817
0.00448647
0.00346872
0.00265792
0.00241411
0.00187795
0.00161336
0.000860702
0.00288966
0.00483521
0.00545865
0.00450121
0.00350708
0.00275357
0.00252244
0.0019981
0.00173517
0.000909178
0.00286573
0.00484004
0.00535639
0.00438668
0.00349963
0.00281839
0.00257696
0.00206459
0.00186644
0.000976259
0.00286578
0.0048402
0.00535635
0.00438659
0.00349944
0.00281825
0.00257695
0.0020646
0.0018664
0.000976239
0.00288984
0.00483586
0.00545869
0.00450092
0.00350677
0.00275325
0.00252241
0.00199801
0.001735
0.000909084
0.00294723
0.00471602
0.00537837
0.00448625
0.00346838
0.00265793
0.00241421
0.0018778
0.00161316
0.000860619
0.00295543
0.00445243
0.00518593
0.00439605
0.0033536
0.00249824
0.00218247
0.00160358
0.00129171
0.000769449
0.00300277
0.00415607
0.00482139
0.00422093
0.00324189
0.0024032
0.00206839
0.00149528
0.0011599
0.000733443
0.00296231
0.00373256
0.00423665
0.00385541
0.00302292
0.00222221
0.0018363
0.00123201
0.00088807
0.000669678
0.00302839
0.00313214
0.00375216
0.00354064
0.00284299
0.00209904
0.00171195
0.00112458
0.000812277
0.000674976
0.00304524
0.00249558
0.0030361
0.00291237
0.00245598
0.00184736
0.00149307
0.000954463
0.000724122
0.000688583
0.00328273
0.00250802
0.00302457
0.00316763
0.00255974
0.00223248
0.00194065
0.00120571
0.000826186
0.000796271
0.00378242
0.00402847
0.00419201
0.00425827
0.00444942
0.0039702
0.00398799
0.00319723
0.00203956
0.00125124
0.00359759
0.00259912
0.00252604
0.00252695
0.00216765
0.00221726
0.00199634
0.00148563
0.0012995
0.000780347
0.00318969
0.00148825
0.00160743
0.00145944
0.00115805
0.00100941
0.000913275
0.00073721
0.000842773
0.000812089
0.00307347
0.0013757
0.00160595
0.00134362
0.00109799
0.000898318
0.000803301
0.000677912
0.000730043
0.000668363
0.00304074
0.00168018
0.00203507
0.00167664
0.00130163
0.00100652
0.000894762
0.000706083
0.000718327
0.000649399
0.00299034
0.00178375
0.00226609
0.00187185
0.00146515
0.00106792
0.000937072
0.000720981
0.000701831
0.000627869
0.00309336
0.00260881
0.00250394
0.00218938
0.00161281
0.00126963
0.00109759
0.000820354
0.000747544
0.000634031
0.00303935
0.00259606
0.00262808
0.00233133
0.00168005
0.00129026
0.00115508
0.00085983
0.000781088
0.000633584
0.00303226
0.00271389
0.00277126
0.00245632
0.00181267
0.00141584
0.0014002
0.0010412
0.000907389
0.000662639
0.00299949
0.00272536
0.00277419
0.0024701
0.00186262
0.00148002
0.0014818
0.00110964
0.00095729
0.000679031
0.00298382
0.00268205
0.00269683
0.00245021
0.00193289
0.00158963
0.00161277
0.00124039
0.00104219
0.000707387
0.00298389
0.00268216
0.00269694
0.00245041
0.00193256
0.00158926
0.00161244
0.00124027
0.00104217
0.000707396
0.00299968
0.00272571
0.00277418
0.00246945
0.00186186
0.00147941
0.00148129
0.00110964
0.00095724
0.000679021
0.00303254
0.00271448
0.0027714
0.00245596
0.00181184
0.00141508
0.00139939
0.00104121
0.000907369
0.000662629
0.00303953
0.00259669
0.00262835
0.00233115
0.00167912
0.00128925
0.00115471
0.000859817
0.000781069
0.00063358
0.00309358
0.00260945
0.00250417
0.00218936
0.00161195
0.00126873
0.00109733
0.000820338
0.000747542
0.000634022
0.00299056
0.00178408
0.00226621
0.00187197
0.00146451
0.0010675
0.000937027
0.00072101
0.00070181
0.000627877
0.00304097
0.00168005
0.00203492
0.00167651
0.00130117
0.00100627
0.000894856
0.000706173
0.000718309
0.000649461
0.00307362
0.00137553
0.00160535
0.00134353
0.00109784
0.000898283
0.000803466
0.000677999
0.000730033
0.000668493
0.00319003
0.00148866
0.0016075
0.0014597
0.00115805
0.00100958
0.000913626
0.000737559
0.000842951
0.000812547
0.00359831
0.0025995
0.0025264
0.00252767
0.00216832
0.00221794
0.00199736
0.00148673
0.00130034
0.000781187
)
;

boundaryField
{
    side
    {
        type            calculated;
        value           nonuniform List<scalar> 
800
(
6.60037e-20
6.60037e-20
6.60037e-20
6.60037e-20
6.60037e-20
6.60037e-20
6.60037e-20
6.60037e-20
6.60037e-20
6.60037e-20
6.60037e-20
6.60037e-20
6.60037e-20
6.60037e-20
6.60037e-20
6.60037e-20
6.60037e-20
6.60037e-20
6.60037e-20
6.60037e-20
6.60037e-20
6.60037e-20
6.60037e-20
6.60037e-20
6.60037e-20
6.60037e-20
6.60037e-20
6.60037e-20
6.60037e-20
6.60037e-20
6.60037e-20
6.60037e-20
6.60037e-20
6.60037e-20
6.60037e-20
6.60037e-20
6.60037e-20
6.60037e-20
6.60037e-20
6.60037e-20
6.60037e-20
6.60037e-20
6.60037e-20
6.60037e-20
6.60037e-20
6.60037e-20
6.60037e-20
6.60037e-20
6.60037e-20
6.60037e-20
6.60037e-20
6.60037e-20
6.60037e-20
6.60037e-20
6.60037e-20
6.60037e-20
6.60037e-20
6.60037e-20
6.60037e-20
6.60037e-20
2.16455e-19
2.68621e-19
6.60037e-20
6.60037e-20
6.60037e-20
6.60037e-20
6.60037e-20
6.60037e-20
6.60037e-20
6.60037e-20
6.60037e-20
6.60037e-20
6.60037e-20
6.60037e-20
6.60037e-20
6.60037e-20
6.60037e-20
6.60037e-20
2.68666e-19
2.165e-19
5.41605e-19
5.63966e-19
6.60037e-20
6.60037e-20
6.60037e-20
6.60037e-20
6.60037e-20
6.60037e-20
6.60037e-20
6.60037e-20
6.60037e-20
6.60037e-20
6.60037e-20
6.60037e-20
6.60037e-20
6.60037e-20
6.60037e-20
6.60037e-20
5.64103e-19
5.41734e-19
1.00028e-18
6.60037e-20
6.60037e-20
6.60037e-20
6.60037e-20
6.60037e-20
6.60037e-20
6.60037e-20
6.60037e-20
6.60037e-20
6.60037e-20
6.60037e-20
6.60037e-20
6.60037e-20
6.60037e-20
6.60037e-20
6.60037e-20
6.60037e-20
6.60037e-20
1.00049e-18
6.60037e-20
6.60037e-20
6.60037e-20
6.60037e-20
6.60037e-20
6.60037e-20
6.60037e-20
6.60037e-20
6.60037e-20
6.60037e-20
6.60037e-20
6.60037e-20
6.60037e-20
6.60037e-20
6.60037e-20
6.60037e-20
6.60037e-20
6.60037e-20
6.60037e-20
6.60037e-20
6.60037e-20
6.60037e-20
6.60037e-20
6.60037e-20
6.60037e-20
6.60037e-20
6.60037e-20
6.60037e-20
6.60037e-20
6.60037e-20
6.60037e-20
6.60037e-20
6.60037e-20
6.60037e-20
6.60037e-20
6.60037e-20
6.60037e-20
6.60037e-20
6.60037e-20
6.60037e-20
6.60037e-20
6.60037e-20
6.60037e-20
6.60037e-20
6.60037e-20
6.60037e-20
6.60037e-20
6.60037e-20
6.60037e-20
6.60037e-20
6.60037e-20
6.60037e-20
6.60037e-20
6.60037e-20
6.60037e-20
6.60037e-20
6.60037e-20
6.60037e-20
6.60037e-20
6.60037e-20
6.60037e-20
6.60037e-20
6.60037e-20
6.60037e-20
6.60037e-20
6.60037e-20
6.60037e-20
6.60037e-20
6.60037e-20
6.60037e-20
6.60037e-20
6.60037e-20
6.60037e-20
6.60037e-20
6.60037e-20
6.60037e-20
6.60037e-20
6.60037e-20
6.60037e-20
6.60037e-20
6.60037e-20
6.60037e-20
6.60037e-20
6.60037e-20
6.60037e-20
6.60037e-20
6.60037e-20
6.60037e-20
6.60037e-20
6.60037e-20
6.60037e-20
6.60037e-20
6.60037e-20
6.60037e-20
6.60037e-20
6.60037e-20
6.60037e-20
6.60037e-20
6.60037e-20
6.60037e-20
6.60037e-20
6.60037e-20
6.60037e-20
6.60037e-20
6.60037e-20
6.60037e-20
6.60037e-20
6.60037e-20
6.60037e-20
6.60037e-20
6.60037e-20
6.60037e-20
6.60037e-20
6.60037e-20
6.60037e-20
6.60037e-20
6.60037e-20
6.60037e-20
6.60037e-20
6.60037e-20
6.60037e-20
6.60037e-20
6.60037e-20
6.60037e-20
6.60037e-20
6.60037e-20
6.60037e-20
2.34164e-18
6.60037e-20
6.60037e-20
6.60037e-20
6.60037e-20
2.33986e-18
6.60037e-20
6.60037e-20
6.60037e-20
6.60037e-20
6.60037e-20
6.60037e-20
6.60037e-20
6.60037e-20
2.61994e-18
6.60037e-20
6.60037e-20
6.60037e-20
6.60037e-20
6.60037e-20
6.60037e-20
2.97975e-18
6.60037e-20
6.60037e-20
2.97748e-18
6.60037e-20
6.60037e-20
6.60037e-20
6.60037e-20
6.60037e-20
6.60037e-20
2.61643e-18
6.60037e-20
6.60037e-20
6.60037e-20
6.60037e-20
2.11289e-18
6.60037e-20
6.60037e-20
6.60037e-20
6.60037e-20
3.67825e-18
6.60037e-20
6.60037e-20
3.67645e-18
6.60037e-20
6.60037e-20
6.60037e-20
6.60037e-20
2.11184e-18
6.60037e-20
6.60037e-20
6.60037e-20
5.00949e-18
6.60037e-20
2.12851e-18
6.60037e-20
6.60037e-20
6.60037e-20
6.60037e-20
3.45686e-18
6.60037e-20
6.60037e-20
6.60037e-20
6.60037e-20
3.45495e-18
6.60037e-20
6.60037e-20
6.60037e-20
6.60037e-20
2.12881e-18
6.60037e-20
5.01163e-18
4.92943e-18
6.60037e-20
2.08162e-18
2.23835e-18
6.60037e-20
6.60037e-20
2.92685e-18
6.60037e-20
6.60037e-20
6.60037e-20
6.60037e-20
6.60037e-20
6.60037e-20
2.92517e-18
6.60037e-20
6.60037e-20
2.23831e-18
2.08197e-18
6.60037e-20
4.9325e-18
4.01199e-18
1.97962e-18
1.79967e-18
1.84878e-18
1.94044e-18
6.60037e-20
6.60037e-20
2.72399e-18
2.85865e-18
3.26501e-18
3.26441e-18
2.85772e-18
2.72318e-18
6.60037e-20
6.60037e-20
1.9404e-18
1.84934e-18
1.80028e-18
1.98083e-18
4.01483e-18
3.49826e-18
2.22714e-18
1.92626e-18
1.8882e-18
1.87348e-18
2.05185e-18
2.15282e-18
2.40789e-18
2.5435e-18
2.73117e-18
2.73111e-18
2.54324e-18
2.40766e-18
2.1526e-18
2.05187e-18
1.87348e-18
1.8883e-18
1.92637e-18
2.22764e-18
3.50047e-18
2.18309e-18
2.27189e-18
1.8698e-18
1.81675e-18
1.75652e-18
1.77376e-18
1.77251e-18
1.85379e-18
1.89965e-18
1.97898e-18
1.979e-18
1.89962e-18
1.85376e-18
1.77249e-18
1.77373e-18
1.75654e-18
1.81692e-18
1.87017e-18
2.27317e-18
2.18544e-18
6.60037e-20
6.60037e-20
4.13289e-19
3.89771e-19
6.60037e-20
6.60037e-20
6.60037e-20
6.60037e-20
6.60037e-20
6.60037e-20
6.60037e-20
6.60037e-20
6.60037e-20
6.59909e-18
6.84159e-18
6.60037e-20
8.9663e-18
9.80998e-18
1.05805e-17
1.00646e-17
6.60037e-20
6.60037e-20
4.40133e-19
6.60037e-20
6.60037e-20
6.60037e-20
6.60037e-20
6.60037e-20
6.60037e-20
6.60037e-20
6.60037e-20
6.60037e-20
6.60037e-20
6.60037e-20
6.60037e-20
9.53015e-18
1.10848e-17
1.25137e-17
1.12703e-17
7.27125e-18
6.60037e-20
6.60037e-20
6.60037e-20
6.60037e-20
6.60037e-20
6.60037e-20
6.60037e-20
6.60037e-20
6.60037e-20
6.60037e-20
6.60037e-20
6.60037e-20
6.46248e-18
6.86697e-18
8.3787e-18
9.50825e-18
6.60037e-20
6.60037e-20
1.17306e-17
7.06683e-18
6.60037e-20
6.60037e-20
6.60037e-20
6.60037e-20
6.60037e-20
6.60037e-20
6.60037e-20
6.60037e-20
6.60037e-20
6.60037e-20
6.60037e-20
6.60037e-20
6.60037e-20
6.23108e-18
6.60037e-20
6.60037e-20
1.22742e-17
6.60037e-20
6.60037e-20
7.06935e-18
6.60037e-20
6.60037e-20
6.60037e-20
6.60037e-20
6.60037e-20
6.60037e-20
6.60037e-20
6.60037e-20
6.60037e-20
6.60037e-20
6.60037e-20
6.60037e-20
6.60037e-20
6.60037e-20
7.817e-18
6.60037e-20
1.14177e-17
1.19817e-17
1.24514e-17
6.0642e-18
6.60037e-20
6.60037e-20
6.60037e-20
6.60037e-20
6.60037e-20
6.60037e-20
6.60037e-20
6.60037e-20
6.60037e-20
6.60037e-20
6.60037e-20
6.60037e-20
4.67838e-18
6.60037e-20
6.60037e-20
9.8556e-18
1.14839e-17
1.24816e-17
6.60037e-20
6.20299e-18
6.60037e-20
6.60037e-20
6.60037e-20
6.60037e-20
6.60037e-20
6.60037e-20
6.60037e-20
6.60037e-20
6.60037e-20
6.60037e-20
6.60037e-20
6.60037e-20
6.60037e-20
6.92586e-18
7.85182e-18
6.60037e-20
1.12781e-17
1.21213e-17
6.60037e-20
5.58492e-18
6.60037e-20
6.60037e-20
6.60037e-20
6.60037e-20
6.60037e-20
6.60037e-20
6.60037e-20
6.60037e-20
6.60037e-20
6.60037e-20
6.60037e-20
6.60037e-20
6.60037e-20
6.60037e-20
8.0073e-18
6.60037e-20
6.60037e-20
9.20016e-18
8.93889e-18
4.15617e-18
6.60037e-20
6.60037e-20
6.60037e-20
6.60037e-20
6.60037e-20
6.60037e-20
6.60037e-20
6.60037e-20
6.60037e-20
6.60037e-20
6.60037e-20
6.60037e-20
6.60037e-20
6.60037e-20
6.60037e-20
6.60037e-20
9.24911e-18
6.60037e-20
5.69995e-18
3.63546e-18
6.60037e-20
6.60037e-20
1.08668e-19
2.16455e-19
5.41605e-19
6.60037e-20
6.60037e-20
6.60037e-20
6.60037e-20
6.60037e-20
6.60037e-20
6.60037e-20
6.60037e-20
6.60037e-20
6.60037e-20
6.60037e-20
6.60037e-20
4.01199e-18
3.49826e-18
2.18309e-18
6.60037e-20
6.60037e-20
4.13341e-19
3.89845e-19
6.60037e-20
6.60037e-20
6.60037e-20
6.60037e-20
6.60037e-20
6.60037e-20
6.60037e-20
6.60037e-20
6.60037e-20
6.59849e-18
6.84165e-18
6.60037e-20
8.96689e-18
9.81061e-18
1.05817e-17
1.00666e-17
6.60037e-20
6.60037e-20
4.40147e-19
6.60037e-20
6.60037e-20
6.60037e-20
6.60037e-20
6.60037e-20
6.60037e-20
6.60037e-20
6.60037e-20
6.60037e-20
6.60037e-20
6.60037e-20
6.60037e-20
9.53182e-18
1.10874e-17
1.2514e-17
1.127e-17
7.27232e-18
6.60037e-20
6.60037e-20
6.60037e-20
6.60037e-20
6.60037e-20
6.60037e-20
6.60037e-20
6.60037e-20
6.60037e-20
6.60037e-20
6.60037e-20
6.60037e-20
6.46825e-18
6.87191e-18
8.3843e-18
9.51312e-18
6.60037e-20
6.60037e-20
1.17275e-17
7.06783e-18
6.60037e-20
6.60037e-20
6.60037e-20
6.60037e-20
6.60037e-20
6.60037e-20
6.60037e-20
6.60037e-20
6.60037e-20
6.60037e-20
6.60037e-20
6.60037e-20
6.60037e-20
6.23667e-18
6.60037e-20
6.60037e-20
1.22742e-17
6.60037e-20
6.60037e-20
7.07137e-18
6.60037e-20
6.60037e-20
6.60037e-20
6.60037e-20
6.60037e-20
6.60037e-20
6.60037e-20
6.60037e-20
6.60037e-20
6.60037e-20
6.60037e-20
6.60037e-20
6.60037e-20
6.60037e-20
7.81629e-18
6.60037e-20
1.14129e-17
1.19769e-17
1.24476e-17
6.06606e-18
6.60037e-20
6.60037e-20
6.60037e-20
6.60037e-20
6.60037e-20
6.60037e-20
6.60037e-20
6.60037e-20
6.60037e-20
6.60037e-20
6.60037e-20
6.60037e-20
4.67968e-18
6.60037e-20
6.60037e-20
9.85319e-18
1.14821e-17
1.24771e-17
6.60037e-20
6.20489e-18
6.60037e-20
6.60037e-20
6.60037e-20
6.60037e-20
6.60037e-20
6.60037e-20
6.60037e-20
6.60037e-20
6.60037e-20
6.60037e-20
6.60037e-20
6.60037e-20
6.60037e-20
6.9276e-18
7.84831e-18
6.60037e-20
1.12757e-17
1.2119e-17
6.60037e-20
5.5878e-18
6.60037e-20
6.60037e-20
6.60037e-20
6.60037e-20
6.60037e-20
6.60037e-20
6.60037e-20
6.60037e-20
6.60037e-20
6.60037e-20
6.60037e-20
6.60037e-20
6.60037e-20
6.60037e-20
8.01018e-18
6.60037e-20
6.60037e-20
9.20297e-18
8.94453e-18
4.15926e-18
6.60037e-20
6.60037e-20
6.60037e-20
6.60037e-20
6.60037e-20
6.60037e-20
6.60037e-20
6.60037e-20
6.60037e-20
6.60037e-20
6.60037e-20
6.60037e-20
6.60037e-20
6.60037e-20
6.60037e-20
6.60037e-20
9.25193e-18
6.60037e-20
5.70583e-18
3.6378e-18
6.60037e-20
6.60037e-20
1.08672e-19
2.165e-19
5.41734e-19
6.60037e-20
6.60037e-20
6.60037e-20
6.60037e-20
6.60037e-20
6.60037e-20
6.60037e-20
6.60037e-20
6.60037e-20
6.60037e-20
6.60037e-20
6.60037e-20
4.01483e-18
3.50047e-18
2.18544e-18
)
;
    }
    outlet
    {
        type            calculated;
        value           nonuniform List<scalar> 
200
(
1.00646e-17
8.92344e-18
8.59831e-18
8.50672e-18
8.36573e-18
8.65395e-18
8.50283e-18
8.48302e-18
8.39133e-18
8.34749e-18
8.34769e-18
8.39187e-18
8.48379e-18
8.50336e-18
8.65456e-18
8.36636e-18
8.50737e-18
8.59873e-18
8.92438e-18
1.00666e-17
7.27125e-18
4.1635e-18
6.60037e-20
6.60037e-20
6.60037e-20
7.29838e-18
7.2627e-18
7.59234e-18
7.62442e-18
7.50325e-18
7.50358e-18
7.62541e-18
7.59398e-18
7.26446e-18
7.30016e-18
6.60037e-20
6.60037e-20
6.60037e-20
4.16465e-18
7.27232e-18
7.06683e-18
4.49691e-18
6.60037e-20
6.60037e-20
6.60037e-20
6.60037e-20
6.60037e-20
6.60037e-20
6.60037e-20
6.60037e-20
6.60037e-20
6.60037e-20
6.60037e-20
6.60037e-20
6.60037e-20
6.60037e-20
6.60037e-20
6.60037e-20
4.49712e-18
7.06783e-18
7.06935e-18
4.08292e-18
3.75891e-18
4.69054e-18
6.60037e-20
6.60037e-20
6.60037e-20
6.60037e-20
6.60037e-20
6.60037e-20
6.60037e-20
6.60037e-20
6.60037e-20
6.60037e-20
6.60037e-20
6.60037e-20
4.69018e-18
3.75864e-18
4.08363e-18
7.07137e-18
6.0642e-18
3.23975e-18
3.07173e-18
3.64141e-18
6.60037e-20
6.60037e-20
6.60037e-20
6.60037e-20
6.60037e-20
6.60037e-20
6.60037e-20
6.60037e-20
6.60037e-20
6.60037e-20
6.60037e-20
6.60037e-20
3.64015e-18
3.0713e-18
3.23974e-18
6.06606e-18
6.20299e-18
2.82391e-18
2.51312e-18
2.81583e-18
2.9876e-18
6.60037e-20
6.60037e-20
6.60037e-20
6.60037e-20
6.60037e-20
6.60037e-20
6.60037e-20
6.60037e-20
6.60037e-20
6.60037e-20
2.98642e-18
2.81514e-18
2.51302e-18
2.82438e-18
6.20489e-18
5.58492e-18
2.55497e-18
2.2473e-18
2.50317e-18
2.62154e-18
3.0706e-18
3.23143e-18
6.60037e-20
6.60037e-20
6.60037e-20
6.60037e-20
6.60037e-20
6.60037e-20
3.23039e-18
3.06988e-18
2.62141e-18
2.50344e-18
2.24776e-18
2.55595e-18
5.5878e-18
4.15617e-18
2.06241e-18
1.89652e-18
1.97533e-18
2.01701e-18
2.29501e-18
2.40545e-18
2.91284e-18
3.10432e-18
3.47011e-18
3.46975e-18
3.1043e-18
2.91287e-18
2.40541e-18
2.29497e-18
2.01709e-18
1.97558e-18
1.89676e-18
2.06339e-18
4.15926e-18
3.63546e-18
2.35773e-18
2.04236e-18
2.00958e-18
1.96343e-18
2.09132e-18
2.18516e-18
2.5385e-18
2.6781e-18
2.91563e-18
2.91555e-18
2.67796e-18
2.53844e-18
2.18511e-18
2.09131e-18
1.96338e-18
2.00953e-18
2.04233e-18
2.35823e-18
3.6378e-18
2.18309e-18
2.27189e-18
1.8698e-18
1.81675e-18
1.75652e-18
1.77376e-18
1.77251e-18
1.85379e-18
1.89965e-18
1.97898e-18
1.979e-18
1.89962e-18
1.85376e-18
1.77249e-18
1.77373e-18
1.75654e-18
1.81692e-18
1.87017e-18
2.27317e-18
2.18544e-18
)
;
    }
    ground
    {
        type            nutUSpaldingWallFunction;
        Cmu             0.09;
        kappa           0.41;
        E               9.8;
        value           nonuniform List<scalar> 
160
(
7.90361e-05
9.79484e-05
0.000107856
0.000113185
0.000115909
0.00011822
0.000119086
0.000115623
0.000109661
0.000104936
0.000104934
0.000109659
0.000115622
0.000119084
0.000118219
0.000115909
0.000113186
0.000107859
9.79494e-05
7.90358e-05
7.14988e-05
7.37975e-05
7.67141e-05
7.90332e-05
8.08335e-05
8.22852e-05
7.81945e-05
6.83855e-05
6.22902e-05
6.00084e-05
6.00083e-05
6.22898e-05
6.83849e-05
7.81936e-05
8.22837e-05
8.0832e-05
7.90319e-05
7.67142e-05
7.3797e-05
7.14975e-05
6.03788e-05
5.97649e-05
6.16593e-05
6.36318e-05
6.20523e-05
5.65141e-05
5.1993e-05
5.2891e-05
5.66085e-05
5.8994e-05
5.89939e-05
5.66087e-05
5.28913e-05
5.1992e-05
5.65153e-05
6.20517e-05
6.36294e-05
6.16578e-05
5.9764e-05
6.03773e-05
4.93313e-05
4.98425e-05
4.98897e-05
4.7525e-05
4.59264e-05
4.78782e-05
5.12573e-05
5.08081e-05
4.72536e-05
4.45233e-05
4.45231e-05
4.7253e-05
5.08072e-05
5.12564e-05
4.78783e-05
4.59257e-05
4.75228e-05
4.98875e-05
4.98414e-05
4.93301e-05
3.72583e-05
3.69957e-05
3.65981e-05
3.73294e-05
3.88363e-05
3.89354e-05
3.80073e-05
3.86085e-05
4.07058e-05
4.23476e-05
4.23475e-05
4.07056e-05
3.86081e-05
3.80066e-05
3.89347e-05
3.88355e-05
3.73279e-05
3.6596e-05
3.69942e-05
3.72571e-05
2.45045e-05
2.47386e-05
2.59147e-05
2.77995e-05
2.99674e-05
3.25612e-05
3.50438e-05
3.64268e-05
3.67626e-05
3.67086e-05
3.67085e-05
3.67623e-05
3.64263e-05
3.50432e-05
3.25605e-05
2.99667e-05
2.77984e-05
2.59132e-05
2.47372e-05
2.45033e-05
1.23686e-05
1.37136e-05
1.64835e-05
1.99326e-05
2.33396e-05
2.63088e-05
2.88054e-05
3.09291e-05
3.25459e-05
3.34194e-05
3.34193e-05
3.25457e-05
3.09288e-05
2.88049e-05
2.63082e-05
2.3339e-05
1.99317e-05
1.64825e-05
1.37125e-05
1.23676e-05
2.38848e-06
5.60562e-06
1.0141e-05
1.47977e-05
1.91681e-05
2.30556e-05
2.6312e-05
2.88157e-05
3.05037e-05
3.13511e-05
3.13511e-05
3.05036e-05
2.88155e-05
2.63116e-05
2.30552e-05
1.91675e-05
1.4797e-05
1.01402e-05
5.60481e-06
2.3879e-06
)
;
    }
    inlet
    {
        type            calculated;
        value           uniform 6.60037e-20;
    }
    region0_to_pyrolysisRegion_coupledWall
    {
        type            nutUSpaldingWallFunction;
        Cmu             0.09;
        kappa           0.41;
        E               9.8;
        value           nonuniform List<scalar> 
400
(
8.33316e-05
0.000180405
0.000194257
0.000156367
0.000117414
9.27779e-05
0.000100971
0.000116559
0.00011833
0.000117997
0.000118006
0.00011835
0.000116564
0.000100979
9.27747e-05
0.0001174
0.000156359
0.000194254
0.000180407
8.33302e-05
5.62883e-05
0.000112663
0.000156979
0.000214932
0.000262391
0.00024281
0.000214162
0.000221258
0.000223595
0.000219827
0.000219833
0.000223597
0.000221266
0.000214149
0.000242793
0.000262393
0.000214944
0.000156983
0.00011265
5.62826e-05
3.50997e-05
4.65582e-05
7.90869e-05
0.000162775
0.000277294
0.000349155
0.00033494
0.000316963
0.00031377
0.000307971
0.000307964
0.000313745
0.00031695
0.000334917
0.000349153
0.000277312
0.000162784
7.90909e-05
4.65679e-05
3.51066e-05
1.07596e-05
2.6954e-05
5.41243e-05
9.83474e-05
0.000169595
0.000336219
0.000413815
0.000409599
0.000395249
0.0003848
0.000384775
0.00039517
0.000409565
0.000413807
0.000336217
0.000169604
9.83627e-05
5.41427e-05
2.6957e-05
1.0763e-05
4.53822e-05
4.73865e-05
5.87208e-05
8.49e-05
0.00012925
0.000241069
0.000430774
0.000491098
0.000477515
0.000455843
0.000455798
0.000477368
0.00049105
0.000430746
0.000241045
0.000129264
8.49059e-05
5.87113e-05
4.73784e-05
4.53686e-05
8.60667e-05
8.48182e-05
9.27742e-05
0.000106804
0.000134628
0.000188271
0.000383053
0.000546806
0.000567645
0.00053217
0.000532106
0.000567479
0.000546746
0.000382988
0.000188275
0.00013464
0.0001068
9.27659e-05
8.48119e-05
8.60592e-05
0.000122444
0.0001213
0.000130848
0.000147249
0.000169495
0.000199106
0.000318694
0.00054576
0.000643937
0.000618043
0.00061798
0.000643803
0.000545687
0.000318637
0.000199132
0.000169503
0.000147244
0.000130834
0.00012129
0.000122439
0.000151295
0.000153731
0.000169906
0.000189896
0.000216629
0.000247497
0.000323246
0.000540922
0.000708218
0.000711619
0.00071157
0.000708076
0.000540831
0.000323204
0.000247514
0.000216635
0.00018989
0.00016988
0.000153713
0.000151289
0.000165535
0.000179197
0.00019803
0.000215511
0.000258504
0.000307986
0.000375654
0.000577583
0.00077512
0.00080123
0.000801179
0.000774969
0.00057748
0.000375623
0.000307989
0.000258507
0.000215523
0.000198008
0.000179174
0.000165527
0.000156678
0.00018563
0.000200483
0.000225289
0.000304268
0.000357295
0.000421881
0.000620856
0.000826944
0.00086604
0.000865989
0.000826816
0.000620797
0.000421874
0.000357301
0.000304247
0.000225272
0.000200452
0.000185595
0.000156661
0.000128167
0.000157366
0.000130969
0.000268122
0.000355104
0.000387858
0.000446412
0.000641562
0.000840402
0.000888249
0.000888227
0.000840316
0.000641593
0.000446432
0.000387841
0.000355057
0.000268037
0.0001309
0.000157315
0.00012814
7.68429e-05
8.56529e-05
0.00010413
0.00030698
0.000403842
0.000437037
0.000501023
0.000669603
0.00082833
0.00087158
0.00087157
0.000828265
0.000669634
0.000501014
0.000436994
0.000403775
0.000306887
0.000104113
8.56272e-05
7.68118e-05
8.59818e-05
7.39884e-05
0.000148015
0.000282198
0.000409524
0.000487112
0.000583631
0.000717364
0.000815117
0.000844761
0.000844759
0.000815137
0.000717419
0.000583702
0.000487152
0.000409519
0.000282195
0.000148004
7.39806e-05
8.59522e-05
5.81989e-05
0.000134541
0.000151642
0.000243266
0.000327815
0.00041952
0.000521277
0.000621149
0.000687134
0.000720614
0.000720656
0.000687262
0.000621324
0.000521467
0.000419624
0.000327889
0.000243288
0.000151618
0.000134519
5.81691e-05
3.94124e-05
0.000117924
0.000121994
0.000166976
0.000205431
0.000248969
0.000290628
0.00033436
0.000376596
0.000414295
0.000414341
0.000376686
0.000334495
0.000290712
0.000249049
0.00020546
0.000166993
0.000121977
0.000117916
3.94071e-05
8.02442e-05
0.000133661
0.000120525
0.000138347
0.000148628
0.000161269
0.000169255
0.00017059
0.000171499
0.000179588
0.000179583
0.000171491
0.000170572
0.000169246
0.000161237
0.000148593
0.000138329
0.000120467
0.000133608
8.02203e-05
0.00012533
0.000177433
0.000133628
0.000133285
0.000126267
0.00012504
0.000123623
0.000121916
0.00011869
0.000117054
0.00011704
0.000118655
0.000121867
0.000123562
0.000124967
0.000126219
0.000133244
0.000133565
0.000177388
0.000125299
0.000171132
0.000211684
0.000169178
0.000156561
0.000141519
0.000133758
0.000128872
0.000125761
0.000122054
0.000119656
0.000119646
0.00012203
0.000125718
0.000128817
0.000133697
0.000141477
0.000156524
0.000169087
0.000211624
0.000171161
0.000225945
0.000230173
0.000198387
0.000182389
0.000159163
0.000148473
0.000135084
0.000125561
0.000114374
0.000108229
0.000108209
0.00011434
0.00012551
0.000135022
0.000148406
0.00015912
0.000182323
0.000198285
0.000230133
0.000225944
0.000438459
0.000422741
0.000411702
0.000392705
0.000368664
0.000359161
0.000351738
0.000345113
0.000340672
0.000338036
0.000338049
0.000340691
0.000345113
0.000351707
0.000359139
0.000368631
0.00039268
0.000411682
0.000422758
0.00043853
)
;
    }
}


// ************************************************************************* //
