/*--------------------------------*- C++ -*----------------------------------*\
  =========                 |
  \\      /  F ield         | OpenFOAM: The Open Source CFD Toolbox
   \\    /   O peration     | Website:  https://openfoam.org
    \\  /    A nd           | Version:  7
     \\/     M anipulation  |
\*---------------------------------------------------------------------------*/
FoamFile
{
    version     2.0;
    format      ascii;
    class       volScalarField;
    location    "1";
    object      p_rgh;
}
// * * * * * * * * * * * * * * * * * * * * * * * * * * * * * * * * * * * * * //

dimensions      [1 -1 -2 0 0 0 0];

internalField   nonuniform List<scalar> 
4000
(
-0.498349
-0.46327
-0.193528
-0.0945116
-0.049666
-0.0223141
-0.00330559
0.0058142
0.00789646
0.00517069
-0.965879
-0.905294
-0.277277
-0.05518
0.00529383
0.0318943
0.0395332
0.0355275
0.0250561
0.0106072
-1.03599
-0.961587
-0.425603
-0.0254311
0.0552227
0.0802141
0.0784697
0.0633389
0.0410647
0.015108
-0.943787
-0.898284
-0.415192
0.0178437
0.105682
0.12464
0.115362
0.0893571
0.0556161
0.018483
-0.852136
-0.859778
-0.370701
0.0715738
0.152908
0.166415
0.149537
0.11273
0.0683098
0.0207677
-0.78643
-0.83576
-0.297525
0.1211
0.191152
0.204749
0.179766
0.133169
0.0791659
0.0221323
-0.775867
-0.788296
-0.197352
0.167759
0.223836
0.238057
0.204582
0.150301
0.0878524
0.0227596
-0.74625
-0.728982
-0.102078
0.193032
0.254276
0.264338
0.223931
0.163483
0.0944041
0.0228741
-0.707527
-0.677237
-0.0285373
0.205333
0.280616
0.281229
0.237601
0.172265
0.0988302
0.0227289
-0.694554
-0.649557
0.00273966
0.212938
0.296077
0.288534
0.24472
0.176616
0.101074
0.0225798
-0.694611
-0.649575
0.00273163
0.212945
0.296111
0.288539
0.244716
0.176613
0.101072
0.0225794
-0.707686
-0.677277
-0.0285608
0.205343
0.280713
0.281233
0.237584
0.172252
0.0988242
0.0227274
-0.74633
-0.729031
-0.102135
0.193005
0.254392
0.264306
0.223892
0.163461
0.0943945
0.0228718
-0.775918
-0.788355
-0.197453
0.167627
0.223768
0.237919
0.20451
0.15027
0.0878397
0.0227565
-0.786471
-0.835819
-0.297653
0.120791
0.19013
0.204445
0.17967
0.133133
0.079152
0.022129
-0.852176
-0.859833
-0.370799
0.0714292
0.152782
0.16626
0.149462
0.112697
0.0682968
0.0207645
-0.943818
-0.898332
-0.415245
0.0178036
0.105749
0.124593
0.115319
0.0893336
0.0556057
0.0184804
-1.03602
-0.961621
-0.425655
-0.0254313
0.0553063
0.0802148
0.0784499
0.0633245
0.0410575
0.0151062
-0.965941
-0.905345
-0.277287
-0.05517
0.00534824
0.0319056
0.0395258
0.03552
0.0250519
0.0106062
-0.498429
-0.463329
-0.19352
-0.0945034
-0.0496464
-0.0223085
-0.0033068
0.00581229
0.00789524
0.00517038
-0.675997
-0.565865
-0.0733519
-0.0652907
-0.0436697
-0.0242566
-0.00501778
0.00488655
0.00726591
0.00522282
-1.24051
-1.30795
-0.263496
-0.0141058
0.0291842
0.0439433
0.0436765
0.0367575
0.0252371
0.0112962
-1.46315
-1.55412
-0.606888
0.0158492
0.0939795
0.101477
0.0856597
0.0678435
0.0427597
0.0163408
-1.45066
-1.57232
-0.888697
0.0426126
0.156856
0.147961
0.128945
0.0977306
0.0589771
0.0200311
-1.37897
-1.54491
-0.899626
0.0992144
0.214662
0.195072
0.169924
0.124566
0.0734741
0.0223856
-1.27793
-1.51418
-0.833568
0.160437
0.264537
0.241621
0.206875
0.147791
0.085525
0.0235692
-1.19006
-1.49432
-0.672334
0.219994
0.279567
0.283165
0.237284
0.167189
0.0952527
0.0239153
-1.18891
-1.38891
-0.419987
0.271024
0.313824
0.316853
0.260048
0.182372
0.102535
0.0237182
-1.14713
-1.24489
-0.226291
0.271321
0.346368
0.340129
0.27512
0.192736
0.107412
0.0233045
-1.10843
-1.20151
-0.165811
0.231999
0.360724
0.34736
0.282872
0.197882
0.109894
0.0230027
-1.10847
-1.20152
-0.165826
0.232025
0.360826
0.347383
0.282871
0.197879
0.109893
0.0230025
-1.14718
-1.24493
-0.226305
0.271406
0.346767
0.340191
0.275112
0.192726
0.107407
0.0233037
-1.18894
-1.38892
-0.420022
0.271139
0.314907
0.316929
0.26002
0.182354
0.102527
0.0237168
-1.19007
-1.49434
-0.67248
0.220023
0.282573
0.283097
0.237213
0.167162
0.0952426
0.0239134
-1.27794
-1.51421
-0.833807
0.159604
0.254899
0.240702
0.206745
0.147757
0.085514
0.0235672
-1.37899
-1.54497
-0.899812
0.0992292
0.217588
0.194982
0.169852
0.124539
0.0734641
0.0223839
-1.45068
-1.57238
-0.888805
0.0427135
0.157653
0.148027
0.128918
0.0977132
0.0589694
0.02003
-1.46318
-1.55417
-0.606962
0.0159219
0.0943045
0.101545
0.0856542
0.0678342
0.0427546
0.0163403
-1.24051
-1.30795
-0.263528
-0.0140658
0.0293177
0.0439849
0.0436777
0.0367531
0.0252341
0.0112961
-0.676003
-0.565834
-0.0733655
-0.065277
-0.0436305
-0.0242425
-0.00501616
0.00488571
0.00726496
0.00522291
0.0478972
0.0604403
0.0514107
-0.0201055
-0.0382527
-0.0324964
-0.0156537
-0.00188611
0.00427313
0.00711485
-0.298691
-0.349278
0.123917
0.0908642
0.0740489
0.0651686
0.0458404
0.0290132
0.0219172
0.0140391
-1.02643
-1.34562
-0.109234
0.159301
0.168959
0.147043
0.0845222
0.0661605
0.0424568
0.0197959
-1.78183
-1.98579
-0.761017
0.165822
0.256275
0.206239
0.131631
0.104585
0.0614224
0.023394
-1.9313
-2.1154
-1.27894
0.120964
0.32949
0.227108
0.185281
0.138581
0.0782163
0.0252919
-1.87237
-2.15839
-1.664
0.0710561
0.387176
0.27367
0.235053
0.167469
0.0928448
0.0258656
-1.79784
-2.19697
-1.58167
0.164178
0.387672
0.315995
0.271866
0.190842
0.104759
0.0255967
-1.75659
-2.1362
-1.17678
0.284009
0.405076
0.343893
0.300286
0.208632
0.113662
0.0249188
-1.73049
-1.87272
-0.64417
0.353281
0.348623
0.37116
0.318585
0.220588
0.11947
0.0241865
-1.69631
-1.6644
-0.468273
0.242623
0.319011
0.40461
0.326981
0.226668
0.122337
0.0237206
-1.69628
-1.66442
-0.468298
0.242555
0.319033
0.404592
0.326979
0.226666
0.122336
0.0237206
-1.73047
-1.8727
-0.644105
0.353243
0.348632
0.371156
0.318577
0.220583
0.119467
0.0241868
-1.75665
-2.13617
-1.1767
0.283959
0.404902
0.34388
0.300266
0.208621
0.113657
0.0249193
-1.7978
-2.197
-1.58183
0.164028
0.387648
0.315909
0.271828
0.190828
0.104754
0.0255974
-1.87235
-2.15849
-1.66426
0.0707341
0.386538
0.273452
0.235
0.167454
0.0928393
0.0258665
-1.9313
-2.11548
-1.27921
0.120834
0.329531
0.22703
0.185248
0.13857
0.0782116
0.0252934
-1.782
-1.98596
-0.76128
0.165802
0.256423
0.206249
0.131621
0.10458
0.0614191
0.0233962
-1.02673
-1.34588
-0.109386
0.159323
0.169074
0.147079
0.0845239
0.0661588
0.0424549
0.0197985
-0.298666
-0.349365
0.123881
0.0908886
0.0741165
0.0651977
0.0458458
0.0290125
0.0219159
0.0140411
0.047926
0.0604391
0.0514038
-0.0200946
-0.0382296
-0.0324845
-0.0156505
-0.0018855
0.00427278
0.00711616
0.163456
0.149723
0.0704798
-0.0184652
-0.0604237
-0.0659864
-0.0514284
-0.029103
-0.0175639
0.0108109
0.375947
0.356191
0.282525
0.159939
0.0973764
0.0707722
0.0346109
-0.0212002
-0.0191491
0.0151298
0.290626
0.164865
0.418529
0.303588
0.230994
0.188236
0.0858394
-0.00825851
0.0095198
0.0223659
-0.665961
-0.939438
0.238432
0.40764
0.356617
0.275251
0.0772726
0.0406369
0.0341038
0.0238672
-2.02077
-2.22358
-0.735637
0.396666
0.468199
0.315753
0.105659
0.0876897
0.0542181
0.0243176
-2.41408
-2.62479
-1.68397
0.292844
0.522867
0.278557
0.151306
0.126821
0.0706025
0.0229774
-2.38769
-2.71606
-2.17496
0.0131063
0.530683
0.313446
0.199498
0.156577
0.0839843
0.0208771
-2.36889
-2.78439
-2.06486
0.117517
0.504563
0.329467
0.212615
0.176842
0.0934607
0.0185255
-2.34988
-2.53619
-1.47089
0.369738
0.471476
0.358603
0.222236
0.189636
0.0989583
0.016532
-2.32033
-2.14071
-0.786531
0.350131
0.300744
0.384536
0.2348
0.196003
0.101237
0.015397
-2.32018
-2.14065
-0.78615
0.350032
0.300775
0.384589
0.234793
0.196002
0.101237
0.0153978
-2.34962
-2.53605
-1.47062
0.369696
0.471374
0.358611
0.222224
0.189633
0.0989566
0.0165339
-2.36877
-2.7843
-2.06498
0.117459
0.504383
0.329408
0.212611
0.17684
0.0934591
0.0185286
-2.38762
-2.71605
-2.17525
0.0128603
0.53066
0.313412
0.199488
0.156578
0.0839833
0.020881
-2.41402
-2.62482
-1.68467
0.292671
0.522861
0.278508
0.151311
0.126829
0.0706023
0.0229819
-2.0209
-2.22386
-0.736131
0.396637
0.46824
0.315772
0.10568
0.0877017
0.0542194
0.0243225
-0.666178
-0.939842
0.238329
0.407712
0.3567
0.275308
0.0773046
0.0406488
0.0341044
0.0238726
0.290497
0.16475
0.41858
0.303667
0.231073
0.188298
0.0858721
-0.008247
0.00951755
0.0223726
0.375982
0.356223
0.282577
0.159995
0.0974302
0.0708163
0.0346344
-0.0211928
-0.0191548
0.0151314
0.163481
0.149737
0.0705033
-0.0184384
-0.0604002
-0.0659655
-0.0514165
-0.0290976
-0.0175674
0.0108146
0.153093
0.123469
0.0298286
-0.0692639
-0.126096
-0.137859
-0.12442
-0.0857827
-0.0730868
-0.00679108
0.478293
0.434655
0.302379
0.162039
0.0737742
0.0368962
-0.000768869
-0.0858563
-0.212921
-0.0380705
0.729936
0.664544
0.532883
0.351997
0.242492
0.182477
0.0884578
-0.172146
-0.196697
-0.0172404
0.667283
0.587701
0.701612
0.52062
0.394607
0.304509
0.0541793
-0.244162
-0.162063
-0.0185708
-0.508394
-0.641857
0.494386
0.636713
0.539461
0.357613
-0.0394846
-0.246789
-0.132599
-0.0140824
-2.49626
-2.5255
-0.501638
0.609993
0.609791
0.284164
-0.0862553
-0.224218
-0.110453
-0.0129678
-2.95251
-3.18838
-2.05558
0.401976
0.645349
0.226372
-0.115978
-0.214279
-0.0983813
-0.0144818
-2.99183
-3.34774
-2.5586
-0.0653978
0.470902
0.212024
-0.0933491
-0.209826
-0.0881052
-0.0174976
-3.0023
-3.25084
-2.30254
0.133493
0.476525
0.197573
-0.059325
-0.220113
-0.0834458
-0.020783
-2.9725
-2.68391
-1.37383
0.319432
0.2646
0.0478407
-0.0309705
-0.224932
-0.081886
-0.0231011
-2.97235
-2.6838
-1.37379
0.319343
0.264271
0.0476487
-0.0309858
-0.224943
-0.08189
-0.0231004
-3.00203
-3.25065
-2.30251
0.13347
0.476548
0.19753
-0.0593647
-0.220141
-0.0834595
-0.0207822
-2.99167
-3.34764
-2.5587
-0.0655576
0.471147
0.21211
-0.0933818
-0.209854
-0.0881235
-0.0174957
-2.95236
-3.18824
-2.05621
0.40178
0.645941
0.226497
-0.115985
-0.214298
-0.0984039
-0.0144804
-2.49609
-2.52561
-0.502022
0.610003
0.61015
0.284272
-0.0862453
-0.224211
-0.110472
-0.0129675
-0.508318
-0.642335
0.494491
0.636829
0.540135
0.357684
-0.0394727
-0.246768
-0.132617
-0.0140857
0.667432
0.587766
0.701873
0.520797
0.394656
0.30459
0.0542078
-0.244142
-0.16209
-0.0185801
0.730121
0.664725
0.533082
0.352145
0.242623
0.182586
0.0885178
-0.172124
-0.196737
-0.0172571
0.478421
0.434786
0.302513
0.162145
0.0738695
0.0369757
-0.000713286
-0.0858378
-0.212941
-0.0381014
0.153152
0.123534
0.0299024
-0.0692001
-0.126043
-0.137809
-0.124378
-0.0857604
-0.0730856
-0.00679905
0.045973
0.00764477
-0.0893291
-0.18746
-0.244629
-0.258818
-0.23456
-0.179517
-0.121711
-0.221821
0.414121
0.353091
0.213446
0.0717556
-0.0199473
-0.0614795
-0.0931339
-0.160665
-0.518822
-0.348964
0.718433
0.636615
0.458744
0.279854
0.160467
0.0947631
0.0026332
-0.26252
-0.768161
-0.268139
0.905962
0.827073
0.641825
0.466687
0.310806
0.220655
-0.0588568
-0.66075
-0.862086
-0.255155
0.652056
0.62061
0.686238
0.54684
0.433209
0.245921
-0.32036
-0.917315
-0.883347
-0.207796
-1.23903
-1.00371
0.288989
0.542216
0.408133
0.111263
-0.60981
-1.00408
-0.879167
-0.163929
-3.41796
-3.2775
-0.961994
0.432222
0.45831
-0.22794
-0.713278
-1.03148
-0.890384
-0.146897
-3.69476
-3.9538
-2.91978
-0.188794
0.386432
-0.153901
-0.659429
-1.0468
-0.887811
-0.130644
-3.756
-4.03228
-2.89681
-0.225451
0.196021
-0.164156
-0.647136
-1.02375
-0.883557
-0.120132
-3.70829
-3.44361
-2.09162
-0.0304156
0.0473898
-0.32091
-0.676602
-0.992182
-0.902719
-0.121025
-3.708
-3.4434
-2.09173
-0.0304051
0.0474524
-0.320849
-0.676584
-0.992186
-0.90274
-0.121026
-3.75548
-4.03232
-2.89692
-0.225468
0.196315
-0.164107
-0.647152
-1.02377
-0.883621
-0.120136
-3.69471
-3.95388
-2.92014
-0.188946
0.386592
-0.153893
-0.659481
-1.04687
-0.887911
-0.130649
-3.41772
-3.27745
-0.962777
0.432109
0.458796
-0.228135
-0.713304
-1.03157
-0.890514
-0.14691
-1.23862
-1.00396
0.288755
0.542162
0.407639
0.11103
-0.609944
-1.00416
-0.879301
-0.163956
0.652293
0.620584
0.686318
0.54682
0.433719
0.245835
-0.320478
-0.917348
-0.883475
-0.207851
0.906169
0.827235
0.641995
0.466778
0.310523
0.220667
-0.0589292
-0.660809
-0.862226
-0.255242
0.718607
0.636792
0.458935
0.279994
0.160594
0.0948744
0.00269745
-0.262518
-0.768304
-0.268281
0.414293
0.353271
0.21364
0.0719075
-0.0198032
-0.0613389
-0.0930228
-0.160602
-0.518871
-0.349173
0.0461247
0.00780694
-0.0891604
-0.187316
-0.244494
-0.258684
-0.234437
-0.179433
-0.121686
-0.221893
-0.189998
-0.220133
-0.299358
-0.369825
-0.414992
-0.415187
-0.371665
-0.28426
-0.170672
-0.602239
0.172854
0.115561
-0.0105438
-0.124339
-0.204143
-0.237924
-0.251164
-0.321942
-0.854
-0.973294
0.45027
0.381013
0.208532
0.0486248
-0.0603331
-0.128902
-0.215465
-0.552257
-1.5498
-0.871975
0.537348
0.523467
0.365096
0.161826
0.0336293
-0.111726
-0.447676
-1.32439
-2.01023
-0.790903
0.432986
0.443551
0.207715
-0.135249
-0.0784564
-0.285413
-0.914322
-1.93988
-2.1985
-0.677702
-0.421089
-0.220197
0.017576
-0.352647
-0.305708
-0.572369
-1.53354
-2.19377
-2.22442
-0.510345
-3.0966
-2.51439
-0.802888
-0.242568
-0.404737
-0.96866
-1.74069
-2.27816
-2.23165
-0.445363
-4.54002
-4.61667
-3.08888
-0.555119
-0.227358
-1.03018
-1.69284
-2.24181
-2.1942
-0.382779
-4.69588
-4.9678
-3.86575
-0.993295
-0.3201
-0.901651
-1.57226
-2.23341
-2.20848
-0.343977
-4.67039
-4.52592
-3.15379
-0.789437
-0.561599
-0.972646
-1.52326
-2.23576
-2.19254
-0.324239
-4.67032
-4.52595
-3.1539
-0.789242
-0.561703
-0.97266
-1.5233
-2.23583
-2.19257
-0.324239
-4.69573
-4.96797
-3.86574
-0.992936
-0.320939
-0.901868
-1.57243
-2.23369
-2.20859
-0.343978
-4.54032
-4.61694
-3.08925
-0.555376
-0.228053
-1.03063
-1.69301
-2.24203
-2.19432
-0.382771
-3.09601
-2.51459
-0.803304
-0.243021
-0.405839
-0.968812
-1.74084
-2.27834
-2.23184
-0.445386
-0.420969
-0.220612
0.0170416
-0.353241
-0.306872
-0.572716
-1.53382
-2.19384
-2.22463
-0.510387
0.432863
0.443144
0.207214
-0.135804
-0.0787659
-0.285933
-0.914882
-1.94012
-2.19874
-0.677801
0.537247
0.523152
0.364838
0.16153
0.0332872
-0.111993
-0.447954
-1.32463
-2.01048
-0.791051
0.450262
0.381004
0.20854
0.0486055
-0.0603752
-0.128898
-0.215496
-0.552354
-1.55003
-0.872225
0.173015
0.115751
-0.0103312
-0.124152
-0.203979
-0.237751
-0.251011
-0.321863
-0.854005
-0.973567
-0.189691
-0.21982
-0.299033
-0.369526
-0.414713
-0.414918
-0.371423
-0.284093
-0.170591
-0.602391
-0.563975
-0.543213
-0.56032
-0.581748
-0.591604
-0.564294
-0.501565
-0.378082
-0.347038
-1.10641
-0.37479
-0.392108
-0.449303
-0.447911
-0.482891
-0.49911
-0.477068
-0.678929
-1.81693
-1.67153
-0.343364
-0.360849
-0.469132
-0.426117
-0.493756
-0.655579
-0.698308
-1.35434
-2.88486
-1.55392
-0.884119
-0.628088
-0.730931
-0.63782
-0.841748
-1.359
-1.51908
-2.67854
-3.48951
-1.41493
-1.28121
-1.24418
-1.50146
-1.65684
-1.90255
-2.11598
-2.36681
-3.45416
-3.69489
-1.1727
-1.37955
-1.26133
-1.73081
-1.97065
-1.90465
-2.14656
-3.05982
-3.80156
-3.84234
-1.09623
-3.17458
-2.60658
-1.84088
-1.67685
-1.63493
-2.2157
-3.20079
-3.85134
-3.89231
-1.04197
-5.48626
-5.08019
-3.25558
-1.58626
-1.30813
-2.151
-3.08989
-3.83416
-3.88317
-0.960279
-5.94536
-6.13474
-4.97717
-2.0231
-1.16245
-1.88105
-2.77543
-3.82578
-3.73946
-0.729101
-5.89442
-5.85572
-4.42213
-1.84314
-1.35022
-1.85364
-2.59845
-3.69942
-3.67825
-0.702911
-5.89421
-5.85572
-4.42202
-1.84278
-1.35019
-1.85371
-2.5985
-3.69944
-3.67827
-0.702902
-5.94484
-6.13456
-4.97687
-2.02259
-1.16274
-1.88141
-2.77561
-3.8259
-3.73952
-0.729072
-5.48577
-5.0797
-3.25538
-1.58635
-1.30898
-2.15137
-3.09015
-3.83435
-3.88325
-0.960202
-3.17378
-2.60643
-1.84127
-1.67742
-1.63606
-2.21631
-3.20114
-3.85148
-3.89245
-1.04193
-1.3798
-1.262
-1.73159
-1.97169
-1.90565
-2.14744
-3.06026
-3.80186
-3.84263
-1.09623
-1.28197
-1.24511
-1.50258
-1.6583
-1.9037
-2.1171
-2.36742
-3.45446
-3.6951
-1.17272
-0.884661
-0.628966
-0.73198
-0.638969
-0.842808
-1.36021
-1.51992
-2.67897
-3.48975
-1.41502
-0.343927
-0.361396
-0.469649
-0.426669
-0.494298
-0.656011
-0.698609
-1.35472
-2.88513
-1.55409
-0.374857
-0.392014
-0.449232
-0.447851
-0.482844
-0.499044
-0.476997
-0.678919
-1.81689
-1.67171
-0.563394
-0.542607
-0.559786
-0.581254
-0.591173
-0.563894
-0.50121
-0.377828
-0.346856
-1.10647
-0.999087
-0.88861
-0.788544
-0.730413
-0.694568
-0.65142
-0.560975
-0.44513
-1.34705
-1.58742
-1.38501
-1.32847
-1.16494
-1.09399
-0.815699
-0.770976
-0.947456
-1.69914
-3.9675
-2.42162
-2.59853
-2.02227
-1.75359
-1.67106
-1.27266
-1.29302
-2.20428
-3.53697
-4.74817
-2.23816
-4.15794
-3.84065
-3.54048
-3.50881
-3.27076
-3.06637
-3.93095
-4.83833
-5.24131
-2.16226
-3.89949
-3.95401
-3.99762
-4.16041
-4.15106
-4.14119
-4.64693
-5.38091
-5.48506
-2.24717
-3.89503
-3.92491
-3.78851
-4.09068
-4.20326
-4.06315
-4.93831
-5.57443
-5.54311
-1.76318
-4.79775
-4.14164
-3.46462
-4.09791
-3.56233
-3.74667
-4.93206
-5.69531
-5.77522
-1.8525
-7.00947
-6.0054
-4.36371
-3.3672
-3.35291
-3.25792
-4.53605
-5.63696
-5.78675
-1.76254
-7.57813
-7.51906
-6.29949
-3.46704
-2.54244
-2.8888
-3.96978
-5.40396
-5.35994
-1.53377
-7.45642
-7.4114
-5.99621
-3.27904
-2.53777
-2.76881
-3.50234
-5.04436
-5.28926
-1.49418
-7.45618
-7.41133
-5.99599
-3.27841
-2.53753
-2.76871
-3.50232
-5.04438
-5.28925
-1.49413
-7.57767
-7.51875
-6.29905
-3.46663
-2.54201
-2.88901
-3.96997
-5.404
-5.36004
-1.53363
-7.00885
-6.00484
-4.36337
-3.36734
-3.35324
-3.25814
-4.53642
-5.63713
-5.7867
-1.7621
-4.79713
-4.14134
-3.46483
-4.09856
-3.56284
-3.74706
-4.93222
-5.69554
-5.77525
-1.85208
-3.89547
-3.92556
-3.78909
-4.09181
-4.2042
-4.06344
-4.93862
-5.5747
-5.54315
-1.76292
-3.90083
-3.95534
-3.99861
-4.16237
-4.15259
-4.1417
-4.64749
-5.38127
-5.48525
-2.24692
-4.15957
-3.84209
-3.5417
-3.511
-3.27247
-3.06704
-3.93176
-4.83871
-5.2415
-2.16212
-2.59964
-2.02342
-1.75464
-1.67245
-1.27363
-1.29371
-2.20467
-3.53734
-4.74828
-2.23818
-1.38566
-1.3288
-1.16511
-1.09428
-0.815948
-0.771124
-0.947558
-1.69917
-3.96736
-2.42162
-0.998295
-0.887867
-0.787897
-0.729879
-0.694129
-0.651029
-0.560631
-0.444911
-1.34609
-1.58734
-1.39232
-1.16205
-0.890115
-0.799174
-0.71809
-0.622805
-0.544343
-0.869027
-1.53679
-2.07555
-3.25937
-2.7636
-2.08564
-2.30768
-1.65643
-1.57206
-1.94723
-4.27468
-5.02709
-3.0559
-6.74712
-5.5891
-3.54566
-3.96204
-3.22979
-3.54378
-4.87587
-6.24425
-6.24504
-2.83616
-7.41386
-7.08474
-6.13797
-6.35712
-6.08204
-6.24309
-6.4265
-6.87742
-6.79507
-3.01582
-6.81993
-6.92165
-6.48965
-6.6317
-6.55746
-6.46708
-6.66514
-7.16858
-7.20844
-3.51055
-5.7982
-5.99828
-5.85684
-6.29936
-6.3394
-6.08591
-6.6381
-7.28259
-7.25264
-2.762
-6.43524
-6.00297
-5.74751
-5.57575
-5.54529
-5.34494
-6.45655
-7.18772
-6.92935
-2.13721
-8.43895
-7.28177
-5.68136
-4.9621
-4.58462
-4.5062
-5.97992
-7.08809
-6.93526
-2.15342
-8.98698
-8.8664
-7.42389
-5.24395
-3.9189
-3.91519
-4.88339
-6.77579
-7.34517
-3.78996
-8.8153
-8.79898
-7.07717
-4.58919
-3.46404
-3.57925
-4.23471
-6.12902
-7.23648
-3.36624
-8.81533
-8.79899
-7.07675
-4.58839
-3.46381
-3.57905
-4.23461
-6.129
-7.23647
-3.36591
-8.98702
-8.86637
-7.42358
-5.24351
-3.91845
-3.91429
-4.88271
-6.77574
-7.34485
-3.78948
-8.43897
-7.28149
-5.68112
-4.96193
-4.58407
-4.50579
-5.97937
-7.08789
-6.93476
-2.15241
-6.4345
-6.0029
-5.74767
-5.576
-5.5452
-5.34495
-6.4564
-7.18767
-6.9289
-2.13638
-5.79848
-5.99852
-5.85745
-6.30009
-6.34004
-6.08676
-6.63817
-7.28266
-7.25242
-2.76103
-6.82101
-6.9225
-6.49109
-6.63323
-6.55882
-6.46942
-6.66557
-7.16869
-7.2084
-3.50961
-7.4153
-7.08622
-6.14026
-6.359
-6.08338
-6.2471
-6.42713
-6.87754
-6.79489
-3.01534
-6.74814
-5.59034
-3.54806
-3.96376
-3.23159
-3.54674
-4.87635
-6.24434
-6.24501
-2.83608
-3.26016
-2.76438
-2.08662
-2.30834
-1.65754
-1.57231
-1.94752
-4.27524
-5.02703
-3.05565
-1.39146
-1.16138
-0.889383
-0.798887
-0.717653
-0.622545
-0.544126
-0.869193
-1.5368
-2.07521
-2.06048
-1.41239
-1.05252
-0.704527
-1.04979
-1.02996
-0.905103
-2.53768
-3.05946
-2.57931
-6.47613
-4.88663
-4.66805
-3.24273
-5.22002
-5.23309
-4.91759
-7.0195
-6.56551
-3.33403
-9.69829
-8.69736
-7.74785
-5.78059
-7.05977
-7.94509
-7.73084
-8.17964
-7.62229
-3.31039
-9.48725
-9.29705
-8.82799
-8.22236
-8.37658
-8.3902
-8.3435
-8.49298
-8.25641
-4.44205
-8.20414
-8.91612
-8.60259
-8.34989
-8.34952
-8.24135
-8.27573
-8.54412
-8.13338
-3.04262
-7.03814
-7.44706
-7.71369
-7.93078
-7.99041
-7.78065
-8.04969
-8.499
-8.05315
-2.5395
-7.52184
-6.99203
-6.71172
-6.82257
-7.16033
-6.88458
-7.71926
-8.48302
-8.57299
-4.42926
-9.28613
-8.21921
-6.70826
-6.39488
-5.7616
-5.82149
-6.9245
-8.28743
-8.62431
-5.2007
-9.73207
-9.65396
-8.08666
-5.95976
-5.42649
-5.06441
-5.68614
-7.62998
-8.53811
-4.02581
-9.55492
-9.61658
-7.9721
-5.41404
-4.30063
-4.24516
-4.79286
-6.76103
-8.33523
-3.65345
-9.55503
-9.61655
-7.97167
-5.41362
-4.30024
-4.24495
-4.79274
-6.76098
-8.3351
-3.65284
-9.7323
-9.65415
-8.08662
-5.95918
-5.42578
-5.06413
-5.68622
-7.63033
-8.53787
-4.02505
-9.2859
-8.21939
-6.708
-6.39459
-5.76088
-5.82142
-6.92403
-8.28724
-8.62371
-5.19819
-7.52104
-6.99153
-6.71143
-6.8222
-7.15995
-6.88445
-7.71866
-8.48275
-8.57226
-4.42597
-7.0376
-7.44622
-7.7131
-7.93076
-7.99095
-7.78058
-8.04928
-8.49865
-8.05225
-2.53756
-8.20326
-8.91566
-8.60286
-8.35074
-8.35104
-8.23997
-8.2757
-8.5438
-8.13269
-3.04117
-9.48717
-9.29719
-8.82891
-8.22489
-8.38064
-8.38598
-8.34349
-8.49271
-8.25596
-4.44
-9.69837
-8.69702
-7.74926
-5.78537
-7.07046
-7.93794
-7.7305
-8.17948
-7.62188
-3.30979
-6.47588
-4.88574
-4.66976
-3.24643
-5.21799
-5.23287
-4.9168
-7.0195
-6.5653
-3.33357
-2.05998
-1.41151
-1.05249
-0.704701
-1.05035
-1.02875
-0.904854
-2.53856
-3.05989
-2.57909
-2.73336
-2.05022
-1.789
-1.68445
-1.83004
-1.5545
-2.82559
-3.26397
-3.62474
-3.08611
-7.9205
-7.22423
-7.00079
-6.95348
-7.19447
-6.8168
-7.7732
-7.88308
-7.24842
-4.37977
-10.2321
-10.2615
-9.72331
-8.93545
-8.99691
-9.23858
-9.32634
-9.35937
-8.52067
-4.13354
-9.8381
-10.296
-10.133
-9.74242
-9.55647
-9.42132
-9.46837
-9.52015
-9.04431
-4.43801
-8.87672
-9.48196
-9.69878
-9.59179
-9.36135
-9.21818
-9.26766
-9.51337
-9.28305
-4.90192
-8.27424
-8.27023
-8.66975
-9.16371
-9.03221
-8.80185
-8.96126
-9.43279
-9.31371
-5.52447
-8.77692
-7.87149
-7.52136
-8.05377
-8.29386
-8.01164
-8.52169
-9.32437
-9.26949
-4.13812
-9.9122
-8.81404
-7.51085
-7.06446
-6.73263
-6.75256
-7.66901
-9.05041
-9.42809
-4.78991
-9.93998
-10.0605
-8.70051
-6.8896
-6.25182
-6.05036
-6.45059
-8.2276
-9.29932
-4.92686
-9.69692
-10.0549
-8.46634
-6.56053
-5.41384
-5.03571
-5.36277
-7.20446
-8.92519
-3.92925
-9.69668
-10.0549
-8.46555
-6.56019
-5.41344
-5.03533
-5.36253
-7.20439
-8.92503
-3.92835
-9.93946
-10.0603
-8.69961
-6.88872
-6.25171
-6.04976
-6.45015
-8.22804
-9.29912
-4.92491
-9.91204
-8.8139
-7.51
-7.06404
-6.73184
-6.75173
-7.66857
-9.05033
-9.42719
-4.78668
-8.77651
-7.87088
-7.52045
-8.05221
-8.29223
-8.01078
-8.52091
-9.32394
-9.2684
-4.13508
-8.27346
-8.26909
-8.66805
-9.16282
-9.03157
-8.80133
-8.96065
-9.43238
-9.31265
-5.52035
-8.87557
-9.48078
-9.698
-9.59173
-9.36157
-9.2178
-9.26734
-9.51305
-9.2823
-4.89712
-9.83742
-10.2954
-10.133
-9.74301
-9.55716
-9.42203
-9.46825
-9.51985
-9.0436
-4.43538
-10.2315
-10.2609
-9.72378
-8.93771
-8.99891
-9.2397
-9.32629
-9.35894
-8.52007
-4.13144
-7.92009
-7.22373
-7.00284
-6.95767
-7.19633
-6.81855
-7.77408
-7.88362
-7.24849
-4.37873
-2.73383
-2.04979
-1.79057
-1.68793
-1.83108
-1.55546
-2.82728
-3.26521
-3.62511
-3.08631
-1.65336
-3.3237
-5.06492
-3.2074
-3.11473
-3.22253
-1.97631
-3.68252
-5.03389
-1.33278
-6.82063
-7.94789
-9.03344
-8.76059
-8.28869
-8.18943
-8.14891
-8.58396
-8.4903
-4.64786
-9.42528
-10.2501
-10.5449
-10.1814
-9.84052
-9.89335
-9.80651
-10.1385
-9.40924
-5.35439
-9.89647
-10.3576
-10.6897
-10.4964
-10.2205
-10.0339
-9.98027
-10.222
-9.65331
-5.40359
-9.60213
-9.58657
-9.95425
-10.1533
-10.04
-9.79972
-9.84017
-10.1387
-9.59654
-3.86179
-9.27818
-8.85228
-8.97667
-9.70724
-9.69999
-9.38474
-9.51451
-10.0085
-9.76892
-5.36882
-9.50788
-8.73367
-8.10682
-8.78223
-9.00372
-8.67031
-9.05355
-9.84137
-9.89483
-6.13945
-9.73089
-9.44101
-7.94768
-7.59595
-7.60776
-7.44825
-8.07228
-9.45176
-9.8739
-5.37599
-9.46581
-10.1798
-8.88278
-7.12205
-6.7218
-6.65545
-6.98328
-8.48375
-9.75265
-5.36902
-9.17876
-10.1551
-8.67587
-6.96914
-6.29171
-5.95651
-6.141
-7.57503
-9.39838
-5.32407
-9.17828
-10.1549
-8.67491
-6.96868
-6.29113
-5.95669
-6.14125
-7.57535
-9.39837
-5.32311
-9.46457
-10.1791
-8.88134
-7.12202
-6.71938
-6.6559
-6.98453
-8.48557
-9.75275
-5.36742
-9.72963
-9.44055
-7.94681
-7.59544
-7.60809
-7.44856
-8.07303
-9.45276
-9.87323
-5.37252
-9.50721
-8.73297
-8.10611
-8.78255
-9.00343
-8.66966
-9.05336
-9.84146
-9.89408
-6.13576
-9.27757
-8.85175
-8.97581
-9.70657
-9.6992
-9.38403
-9.51417
-10.0084
-9.76803
-5.3633
-9.60193
-9.5863
-9.95366
-10.1526
-10.0394
-9.79922
-9.8399
-10.1386
-9.59544
-3.85876
-9.89642
-10.3574
-10.6895
-10.4965
-10.2209
-10.0342
-9.98013
-10.2218
-9.65232
-5.39763
-9.42477
-10.2497
-10.5458
-10.1833
-9.84225
-9.89464
-9.8064
-10.1385
-9.40841
-5.35356
-6.82003
-7.94888
-9.03569
-8.76625
-8.29053
-8.18943
-8.14844
-8.58412
-8.48925
-4.64646
-1.65323
-3.32351
-5.07241
-3.21746
-3.11689
-3.22332
-1.97627
-3.68317
-5.03317
-1.33221
-4.68781
-4.99542
-4.83554
-4.2895
-5.16786
-5.30457
-5.93486
-5.87031
-6.17413
-3.66149
-6.49536
-8.24667
-9.06494
-8.91418
-9.17129
-9.46667
-9.86262
-9.60866
-9.2812
-5.04649
-7.89998
-9.82727
-10.3469
-10.2159
-10.3141
-10.472
-10.4795
-10.7023
-9.85351
-4.32308
-9.20151
-10.0813
-10.3985
-10.3837
-10.3898
-10.3185
-10.2771
-10.6209
-9.94241
-5.44939
-9.40165
-9.98632
-9.97532
-10.0672
-10.1735
-10.0724
-10.0724
-10.5198
-10.0995
-6.09963
-9.29771
-9.73069
-9.12712
-9.60634
-9.88103
-9.66419
-9.72764
-10.3591
-10.2486
-6.58291
-9.02821
-9.45869
-8.47296
-8.93052
-9.29665
-9.00315
-9.21916
-10.1293
-10.2737
-6.31614
-8.79826
-9.47562
-8.27215
-8.0377
-8.19925
-7.94425
-8.30929
-9.60361
-10.0657
-4.95617
-8.48277
-9.61879
-8.8394
-7.4813
-7.29471
-7.1361
-7.37822
-8.68804
-9.92895
-5.75776
-8.24855
-9.57091
-8.68504
-7.32932
-6.74811
-6.54684
-6.73492
-7.95726
-9.74225
-6.30654
-8.24807
-9.57065
-8.68419
-7.32864
-6.74825
-6.54748
-6.73503
-7.95778
-9.74232
-6.30561
-8.48154
-9.61828
-8.83819
-7.48075
-7.29749
-7.1364
-7.37996
-8.69048
-9.92928
-5.75518
-8.79735
-9.4755
-8.27182
-8.03852
-8.19981
-7.94435
-8.31137
-9.60579
-10.0659
-4.9543
-9.02782
-9.45906
-8.47343
-8.9294
-9.29612
-9.00319
-9.21992
-10.1301
-10.2734
-6.31204
-9.29808
-9.73139
-9.12743
-9.60706
-9.88141
-9.66411
-9.72781
-10.3593
-10.2477
-6.57844
-9.4022
-9.98685
-9.97572
-10.0669
-10.1735
-10.072
-10.0722
-10.5198
-10.0981
-6.09436
-9.20102
-10.0816
-10.3986
-10.3834
-10.3896
-10.3182
-10.2769
-10.6208
-9.94097
-5.44624
-7.89901
-9.82726
-10.3475
-10.2163
-10.3147
-10.472
-10.4795
-10.7016
-9.85185
-4.31753
-6.49528
-8.24764
-9.06885
-8.91841
-9.1727
-9.46702
-9.86307
-9.60762
-9.28305
-5.04574
-4.68746
-4.996
-4.84209
-4.29496
-5.16867
-5.30461
-5.93688
-5.86802
-6.17754
-3.66687
-4.44843
-1.95786
-5.43636
-1.5584
-5.52602
-2.20088
-1.2333
-6.53028
-6.49605
-4.0307
-5.21225
-6.97046
-8.92286
-7.73892
-9.10592
-8.29236
-7.68197
-9.54842
-9.44385
-4.59646
-5.463
-8.78787
-9.79017
-9.39104
-10.0191
-9.75629
-9.57727
-10.3232
-9.87994
-6.10935
-6.4301
-9.37791
-9.7264
-9.67005
-10.0245
-9.98016
-9.95373
-10.3881
-10.1073
-6.58957
-7.7164
-9.55984
-9.63658
-9.62319
-9.89123
-9.89787
-9.91851
-10.3757
-10.2641
-7.17061
-8.32116
-9.56725
-9.43226
-9.38838
-9.62629
-9.58645
-9.64766
-10.289
-10.4589
-7.51336
-8.53281
-9.50206
-9.27947
-8.97691
-9.21683
-9.04622
-9.19822
-10.0358
-10.3381
-6.99009
-8.4023
-9.33867
-9.20824
-8.37849
-8.48338
-8.21
-8.41286
-9.58293
-10.243
-5.31814
-8.11506
-9.19177
-9.2442
-7.95798
-7.74146
-7.48348
-7.60821
-8.85789
-10.2235
-7.01019
-7.91179
-9.07653
-8.98218
-7.65277
-7.09639
-6.82813
-7.02411
-8.2492
-9.98851
-7.4576
-7.91161
-9.07647
-8.98159
-7.65207
-7.0976
-6.829
-7.02486
-8.25005
-9.9889
-7.45686
-8.11464
-9.19173
-9.24356
-7.95545
-7.74844
-7.4854
-7.6094
-8.86077
-10.2246
-7.00945
-8.40203
-9.33902
-9.20822
-8.3792
-8.48543
-8.2126
-8.41585
-9.58626
-10.244
-5.31644
-8.53291
-9.5028
-9.27968
-8.98043
-9.21914
-9.04822
-9.20067
-10.0381
-10.3389
-6.98527
-8.3212
-9.56787
-9.43284
-9.38802
-9.62411
-9.58645
-9.64877
-10.2905
-10.4588
-7.50832
-7.71561
-9.56034
-9.63698
-9.62279
-9.89058
-9.89778
-9.91895
-10.376
-10.2636
-7.16541
-6.429
-9.37768
-9.72638
-9.66982
-10.0241
-9.97998
-9.95374
-10.3879
-10.1053
-6.58456
-5.463
-8.78818
-9.79086
-9.39122
-10.019
-9.75617
-9.57721
-10.323
-9.87968
-6.10557
-5.21331
-6.97227
-8.92794
-7.74202
-9.10719
-8.29265
-7.68153
-9.55054
-9.44505
-4.59592
-4.44872
-1.95887
-5.44249
-1.56011
-5.52811
-2.20034
-1.23171
-6.53267
-6.49642
-4.03043
-1.45195
-5.98064
-6.09461
-1.54473
-1.31902
-6.91535
-1.45417
-1.42713
-1.5968
-1.9269
-3.63629
-8.31902
-9.07843
-7.5253
-7.6218
-9.84293
-7.4304
-6.987
-7.18768
-3.74137
-3.88761
-8.83421
-9.54602
-8.82223
-9.15574
-10.1048
-9.2485
-8.79406
-8.78097
-6.32862
-4.06418
-8.94759
-9.2001
-9.03099
-9.40472
-9.86103
-9.61261
-9.46251
-9.33738
-4.8833
-4.76664
-9.15796
-9.12508
-9.07713
-9.39684
-9.66033
-9.66434
-9.75468
-9.63226
-4.68913
-5.40341
-9.26706
-9.11132
-8.9941
-9.21328
-9.37374
-9.429
-9.8518
-9.98737
-7.4598
-6.02474
-9.32025
-9.097
-8.70453
-8.85985
-8.89413
-8.97984
-9.79623
-10.2787
-7.99967
-6.49175
-9.1937
-9.0458
-8.37304
-8.32487
-8.20927
-8.34167
-9.43066
-10.5222
-8.43516
-6.84542
-9.06348
-8.98478
-8.02575
-7.78695
-7.58635
-7.72991
-8.81164
-10.4427
-8.54309
-6.96525
-8.96092
-8.83883
-7.66753
-7.25872
-6.93991
-7.19624
-8.33983
-10.2388
-8.51807
-6.96501
-8.96094
-8.83883
-7.66696
-7.25953
-6.94136
-7.19707
-8.34092
-10.2394
-8.51711
-6.84472
-9.06367
-8.98514
-8.02265
-7.78935
-7.59111
-7.73343
-8.81531
-10.4441
-8.54135
-6.49121
-9.19421
-9.04638
-8.3718
-8.32543
-8.21138
-8.34515
-9.43436
-10.5239
-8.433
-6.0242
-9.32083
-9.0978
-8.70336
-8.86045
-8.89596
-8.98317
-9.79889
-10.2796
-7.99556
-5.40276
-9.26764
-9.11185
-8.99494
-9.21527
-9.37613
-9.43159
-9.85341
-9.98744
-7.45574
-4.76612
-9.15779
-9.12488
-9.07813
-9.39875
-9.66193
-9.66589
-9.75519
-9.63175
-4.68646
-4.06462
-8.94688
-9.19973
-9.03108
-9.40495
-9.86159
-9.61307
-9.46235
-9.33613
-4.8813
-3.88918
-8.83466
-9.54617
-8.8222
-9.15543
-10.1046
-9.24852
-8.79371
-8.78123
-6.32485
-3.63897
-8.32279
-9.08328
-7.52776
-7.62278
-9.84269
-7.43069
-6.98778
-7.18864
-3.74142
-1.45337
-5.98416
-6.10028
-1.54661
-1.31895
-6.91287
-1.45395
-1.42933
-1.5963
-1.92519
-5.33688
-1.81316
-1.21621
-7.59827
-1.69746
-9.25319
-9.33394
-2.06291
-8.23362
-1.56832
-4.01315
-7.104
-6.9284
-9.1606
-7.8053
-11.2031
-10.6638
-7.22688
-9.30768
-4.41932
-3.15976
-8.10064
-8.17601
-8.85704
-8.75169
-10.4183
-10.1857
-8.51737
-9.31519
-7.47957
-2.85224
-8.36748
-8.36322
-8.59078
-8.83433
-9.67939
-9.68607
-8.97756
-9.21014
-7.22909
-3.16654
-8.60705
-8.44824
-8.46624
-8.74726
-9.22427
-9.35833
-9.19337
-9.23348
-4.52764
-3.46784
-8.75792
-8.49431
-8.36245
-8.57858
-8.88233
-9.08872
-9.27539
-9.53624
-4.84829
-3.92381
-8.91294
-8.4735
-8.1728
-8.33695
-8.55856
-8.79834
-9.28078
-9.9795
-8.75257
-4.34405
-8.92285
-8.47436
-7.98154
-8.06469
-8.18961
-8.2801
-9.09858
-10.1269
-9.58946
-4.70781
-8.92368
-8.44892
-7.81598
-7.69179
-7.67586
-7.65321
-8.77677
-9.92658
-8.73354
-4.87407
-8.89824
-8.40207
-7.65492
-7.2604
-7.02834
-7.13801
-8.46372
-9.74584
-6.04871
-4.87378
-8.89823
-8.40215
-7.65497
-7.26136
-7.02963
-7.13905
-8.46472
-9.74664
-6.04787
-4.70748
-8.92377
-8.44937
-7.81554
-7.6954
-7.67835
-7.65531
-8.77882
-9.92828
-8.73213
-4.34393
-8.9232
-8.47512
-7.9826
-8.06636
-8.19104
-8.28289
-9.10083
-10.1283
-9.58725
-3.92384
-8.91338
-8.47442
-8.17544
-8.33902
-8.56018
-8.80048
-9.28244
-9.97972
-8.7494
-3.46844
-8.75787
-8.49418
-8.36259
-8.58065
-8.88455
-9.09009
-9.27546
-9.53551
-4.84617
-3.1677
-8.60616
-8.44755
-8.46628
-8.74846
-9.2253
-9.35835
-9.19259
-9.23226
-4.52531
-2.85356
-8.36651
-8.36166
-8.59017
-8.83414
-9.67868
-9.68497
-8.97568
-9.20845
-7.22607
-3.16211
-8.10103
-8.17514
-8.85658
-8.75084
-10.4175
-10.1859
-8.51971
-9.31514
-7.48001
-4.01633
-7.10868
-6.93131
-9.16194
-7.80609
-11.204
-10.666
-7.23501
-9.30959
-4.42097
-5.33747
-1.81711
-1.21743
-7.60026
-1.69774
-9.2532
-9.33403
-2.06179
-8.22056
-1.56566
-0.125886
-9.73478
-1.64254
-2.19204
-2.09096
-11.6542
-11.6302
-2.19575
-2.0778
-1.23388
-0.990201
-9.01842
-6.39883
-6.10899
-7.26313
-11.2556
-11.1753
-6.99202
-6.77718
-2.72635
-0.760563
-7.95541
-7.06377
-6.9529
-7.79024
-9.78344
-9.85808
-7.9573
-7.99633
-2.95372
-0.699869
-7.70843
-7.28609
-7.19482
-7.73628
-8.76774
-8.98723
-8.30897
-8.58816
-3.62723
-1.3495
-7.93285
-7.44273
-7.21977
-7.56692
-8.17068
-8.48485
-8.34278
-8.68162
-3.59016
-1.96278
-8.32932
-7.53199
-7.12195
-7.35298
-7.75603
-8.124
-8.28936
-8.80125
-4.41629
-2.51616
-8.57481
-7.59372
-6.99187
-7.11625
-7.43572
-7.81389
-8.2081
-9.12717
-5.97742
-2.9498
-8.71477
-7.58159
-6.84871
-6.89224
-7.15523
-7.52664
-8.14921
-9.57521
-9.40372
-3.39182
-8.82213
-7.56069
-6.71496
-6.67056
-6.87755
-7.20145
-7.89813
-9.64792
-10.101
-3.61759
-8.87661
-7.54241
-6.61608
-6.4811
-6.59287
-6.86795
-7.67862
-9.60707
-10.1346
-3.61732
-8.87652
-7.54241
-6.61632
-6.4815
-6.5934
-6.86862
-7.67917
-9.60734
-10.1339
-3.39151
-8.82193
-7.56073
-6.71555
-6.67124
-6.87905
-7.20268
-7.89882
-9.64803
-10.0999
-2.95048
-8.71507
-7.58205
-6.84945
-6.89236
-7.15575
-7.52804
-8.14944
-9.57462
-9.40192
-2.51751
-8.57526
-7.59403
-6.99318
-7.11647
-7.43654
-7.81356
-8.20672
-9.12543
-5.97556
-1.96399
-8.32909
-7.53192
-7.12234
-7.35321
-7.75504
-8.12164
-8.2863
-8.7987
-4.41456
-1.35089
-7.93155
-7.44148
-7.21888
-7.56636
-8.16816
-8.48041
-8.34002
-8.68013
-3.58972
-0.701758
-7.70677
-7.28441
-7.19326
-7.73402
-8.76382
-8.983
-8.30683
-8.58832
-3.62752
-0.76452
-7.957
-7.06392
-6.95177
-7.7889
-9.78194
-9.85774
-7.95721
-7.99764
-2.95807
-0.997415
-9.02462
-6.40208
-6.11028
-7.26744
-11.2584
-11.1794
-6.99758
-6.78217
-2.72992
-0.12972
-9.74118
-1.6433
-2.19252
-2.09556
-11.6557
-11.6301
-2.19691
-2.07317
-1.2334
0.670016
-1.90005
-1.28414
-1.83361
-11.2457
-2.94824
-3.09867
-9.58743
-3.5039
-0.836993
0.972871
-5.00113
-4.77179
-5.01659
-8.97886
-6.6397
-6.65135
-8.69513
-6.48784
-1.69649
0.495326
-5.70023
-5.47756
-5.57594
-7.36599
-6.98834
-7.20929
-7.75956
-6.97649
-1.40892
-0.0518734
-6.30603
-5.85395
-5.74142
-6.54347
-6.81086
-7.15322
-7.50306
-7.96384
-2.50115
-1.15756
-7.3346
-6.18184
-5.73161
-6.1054
-6.46902
-6.88363
-7.07559
-7.92718
-2.55733
-2.24881
-8.65014
-6.47632
-5.62231
-5.77431
-6.13206
-6.57857
-6.91072
-8.32915
-3.42836
-3.07204
-9.40962
-6.69981
-5.48652
-5.5064
-5.84122
-6.306
-6.66881
-8.31771
-3.63441
-3.64577
-9.7919
-6.79759
-5.35297
-5.25996
-5.56967
-6.0342
-6.4642
-8.36436
-4.30313
-4.08741
-9.97701
-6.83525
-5.2483
-5.0673
-5.33911
-5.78218
-6.262
-8.14278
-4.37375
-4.30002
-10.0471
-6.85232
-5.19258
-4.9381
-5.18292
-5.60247
-6.14134
-7.97343
-4.5887
-4.29999
-10.0473
-6.85251
-5.19278
-4.93818
-5.18315
-5.60277
-6.14113
-7.97307
-4.58871
-4.08778
-9.97773
-6.83577
-5.24887
-5.06738
-5.34063
-5.78398
-6.26027
-8.14107
-4.37313
-3.64722
-9.79312
-6.79848
-5.3538
-5.25954
-5.56987
-6.03453
-6.46178
-8.36148
-4.30119
-3.07389
-9.41044
-6.70048
-5.48747
-5.50557
-5.84042
-6.3042
-6.66484
-8.31417
-3.63276
-2.25046
-8.64978
-6.47602
-5.6222
-5.77317
-6.12895
-6.57397
-6.90625
-8.32571
-3.42772
-1.15892
-7.33274
-6.18015
-5.73044
-6.10255
-6.4633
-6.87736
-7.0698
-7.92601
-2.55874
-0.0547471
-6.30455
-5.85228
-5.73963
-6.54007
-6.80535
-7.14816
-7.49971
-7.96582
-2.50474
0.488669
-5.70326
-5.47891
-5.57593
-7.36573
-6.98712
-7.20958
-7.75714
-6.98055
-1.41328
0.962718
-5.009
-4.77768
-5.01968
-8.98291
-6.64316
-6.65552
-8.694
-6.49294
-1.70058
0.665448
-1.90458
-1.28662
-1.83327
-11.2473
-2.94792
-3.09294
-9.57351
-3.50457
-0.839201
0.211538
-0.993472
-0.948971
-0.872552
-1.49272
-1.19853
-1.65389
-2.17541
-0.980218
0.486222
0.728057
-2.49621
-2.36029
-2.27238
-2.93775
-2.52597
-2.84941
-2.63862
-1.68782
0.406751
0.943406
-2.95892
-2.44164
-2.17538
-2.66067
-2.44243
-2.66697
-1.90554
-1.17632
0.664679
0.422459
-3.9338
-2.78901
-2.27577
-2.48032
-2.52135
-2.92598
-2.36094
-2.30707
0.124094
-0.316644
-6.33735
-3.29849
-2.30056
-2.24337
-2.34952
-2.75948
-2.1784
-2.22518
0.0522823
-1.58714
-13.3471
-4.25809
-2.41312
-2.16559
-2.33363
-2.81217
-2.61272
-3.07065
-0.604202
-2.27992
-14.9094
-4.72595
-2.40591
-2.04619
-2.17755
-2.63889
-2.52243
-2.89454
-0.674247
-2.74133
-15.3572
-4.90599
-2.38926
-1.98836
-2.13694
-2.59494
-2.65252
-3.27686
-1.03994
-2.99004
-15.4597
-4.93622
-2.3354
-1.90088
-2.03517
-2.47716
-2.55756
-3.37536
-1.05734
-3.10197
-15.4614
-4.92096
-2.32066
-1.88813
-2.02987
-2.46667
-2.61039
-3.56277
-1.19751
-3.10198
-15.4617
-4.92111
-2.32062
-1.88799
-2.02976
-2.46655
-2.61024
-3.56278
-1.19775
-2.99051
-15.4606
-4.93655
-2.33539
-1.90091
-2.0347
-2.47708
-2.55724
-3.37459
-1.05685
-2.74247
-15.3583
-4.9065
-2.38905
-1.98943
-2.13713
-2.59507
-2.65166
-3.27571
-1.03948
-2.28123
-14.91
-4.72634
-2.4056
-2.04686
-2.17786
-2.63848
-2.52134
-2.89333
-0.674182
-1.58821
-13.347
-4.25804
-2.41213
-2.1655
-2.33264
-2.81064
-2.61143
-3.07029
-0.605118
-0.317878
-6.33674
-3.29805
-2.29946
-2.24294
-2.34794
-2.75779
-2.17845
-2.22673
0.0506818
0.419678
-3.93361
-2.78875
-2.27484
-2.47951
-2.52014
-2.92481
-2.36047
-2.31113
0.121332
0.937696
-2.96126
-2.4432
-2.17645
-2.66099
-2.4432
-2.66916
-1.90911
-1.18095
0.662516
0.719961
-2.50164
-2.3647
-2.27615
-2.94058
-2.52967
-2.85407
-2.64124
-1.69243
0.404292
0.207373
-0.996612
-0.951354
-0.874186
-1.49451
-1.20019
-1.65405
-2.17297
-0.982888
0.485096
)
;

boundaryField
{
    side
    {
        type            prghTotalHydrostaticPressure;
        value           nonuniform List<scalar> 
800
(
0.00254248
0.00185268
0.000306528
-0.00206945
-0.00512515
-0.0085816
-0.012051
-0.0150996
-0.0173525
-0.0185458
-0.0185456
-0.0173521
-0.015099
-0.0120503
-0.00858091
-0.00512458
-0.002069
0.00030686
0.00185285
0.00254254
0.00256283
0.00201532
0.000567292
-0.00185164
-0.00512463
-0.0089791
-0.0129666
-0.0165469
-0.0192355
-0.0206695
-0.0206693
-0.0192348
-0.016546
-0.0129656
-0.00897813
-0.00512386
-0.00185106
0.0005677
0.00201552
0.0025629
0.00259017
0.0023205
0.00109215
-0.00146159
-0.00534677
-0.0102459
-0.0155551
-0.0204987
-0.0243022
-0.0263742
-0.0263737
-0.0243009
-0.0204969
-0.0155532
-0.0102441
-0.0053453
-0.00146049
0.00109287
0.00232077
0.00259022
0.00255905
0.00255905
0.00209591
-0.000506474
-0.00555626
-0.0127794
-0.0210096
-0.0289099
-0.0352813
-0.0387417
-0.0387408
-0.0352788
-0.0289063
-0.0210056
-0.0127757
-0.00555325
-0.000504377
0.0020969
0.00255907
0.00255907
0.00250628
0.00250628
0.00248828
0.000159506
-0.00694678
-0.0194911
-0.0337362
-0.0481418
-0.0610457
-0.0667758
-0.0667742
-0.0610417
-0.0481357
-0.0337295
-0.0194848
-0.00694157
0.000162779
0.00248867
0.0025063
0.0025063
0.00244032
0.00193042
0.00156393
-0.00405038
-0.0165421
-0.0437064
-0.0672528
-0.0940458
-0.117378
-0.123966
-0.123963
-0.117372
-0.0940389
-0.067245
-0.0436991
-0.0165354
-0.00404496
0.00156619
0.00193161
0.00244034
0.00201654
-0.00488985
-0.00780812
-0.0281149
-0.0463549
-0.093955
-0.133805
-0.171824
-0.189754
-0.21699
-0.216987
-0.189747
-0.171825
-0.133805
-0.0939554
-0.0463542
-0.0281142
-0.0078084
-0.00489075
0.00201687
-0.000292599
-0.0323084
-0.0396724
-0.0752001
-0.115739
-0.132114
-0.154132
-0.185816
-0.254933
-0.285928
-0.285924
-0.254921
-0.185813
-0.154134
-0.132119
-0.115755
-0.0752112
-0.0396911
-0.0323299
-0.000292343
0.000114342
-0.0343552
-0.0672691
-0.0855812
-0.0928625
-0.170096
-0.165969
-0.196006
-0.252084
-0.279474
-0.279464
-0.252067
-0.196004
-0.16598
-0.170115
-0.0928814
-0.0856062
-0.0673018
-0.0343802
0.000115227
-0.02019
-0.0587894
-0.130714
-0.0887567
-0.0611298
-0.134562
-0.24315
-0.238362
-0.124167
-0.150775
-0.150765
-0.124142
-0.238387
-0.24319
-0.134586
-0.0611636
-0.0887931
-0.130753
-0.0588258
-0.0202034
0.000349759
-0.0889231
-0.0780662
-0.00990164
-0.109857
-0.189771
-0.0548987
-0.0324115
-0.0939338
-0.122749
-0.122753
-0.0938824
-0.0324018
-0.0549338
-0.189924
-0.10994
-0.00994537
-0.0781245
-0.0890129
0.000346271
-0.0305341
-0.015388
-0.0207455
-0.00780001
-0.000326553
0.00147242
-0.0452503
-0.01876
-0.0346206
-0.140973
-0.140949
-0.034594
-0.018749
-0.0453177
0.00146414
-0.000378566
-0.0078804
-0.0208831
-0.0154853
-0.0305006
-0.00759466
-0.0818784
-0.0763901
-0.0737226
-0.184052
-0.126322
-0.136784
0.00160925
-0.0150738
-0.0545214
-0.0545144
-0.0150049
0.00160925
-0.136389
-0.126379
-0.184281
-0.0740898
-0.0763248
-0.0817581
-0.00759057
-0.00501036
0.00143777
-0.141966
-0.120486
-0.016043
-0.00840532
-0.0447599
-0.18617
0.00143777
-0.016866
-0.0168384
0.00143777
-0.185597
-0.0446198
-0.00846704
-0.01638
-0.120918
-0.143175
0.00143777
-0.0050243
0.000433835
-0.139758
0.00125309
-0.0249165
-0.0567818
-0.00924042
-0.053087
-0.223021
0.00125309
-0.0115532
-0.0114932
0.00125309
-0.222404
-0.0529535
-0.00936654
-0.0570631
-0.0254811
0.00125309
-0.139969
0.000457638
0.00105523
-0.0293705
0.00105523
-0.0442402
-0.239518
-0.095195
-0.114891
0.00105523
0.00105523
-0.0723001
-0.0721635
0.00105523
0.00105523
-0.115275
-0.095528
-0.23977
-0.0445102
0.00105523
-0.0292313
0.00105523
0.000844178
-0.00743918
0.000844178
0.000844178
0.000425498
-0.22298
0.000844178
0.000844178
0.000844178
-0.0444735
-0.0444375
0.000844179
0.000844179
0.000844179
-0.223775
0.000459111
0.000844178
0.000844178
-0.00741186
0.000844179
0.00061994
0.00061994
0.000619941
0.000619941
0.000619941
0.000139649
-0.0319476
0.000619941
0.000619941
0.000619941
0.000619941
0.000619941
0.000619941
-0.0323137
0.0001758
0.000619941
0.000619941
0.00061994
0.00061994
0.000619941
0.000382514
0.000382514
0.000382514
0.000382514
0.000382514
0.000382514
0.000382514
0.000382514
0.000382514
0.000382514
0.000382515
0.000382515
0.000382515
0.000382515
0.000382515
0.000382515
0.000382514
0.000382514
0.000382514
0.000382514
0.000131901
0.000131901
0.000131901
0.000131901
0.000131901
0.000131901
0.000131901
0.000131901
0.000131901
0.000131901
0.000131901
0.000131901
0.000131901
0.000131901
0.000131901
0.000131901
0.000131901
0.000131901
0.000131901
0.000131901
-0.170404
-0.00375689
0.00259862
0.00255905
-0.0419447
-0.19264
-0.446633
-0.742825
-0.924205
-0.806609
-0.479122
-0.0971996
-0.0671751
0.00143776
0.00125309
-0.00603265
0.000844177
0.00061994
0.000382514
0.000131901
-0.148467
-0.00760162
0.00259862
-0.0012352
-0.0654561
-0.220654
-0.469328
-0.727416
-0.869618
-0.776691
-0.542315
-0.182512
-0.034686
-0.0093453
-0.0888635
0.00105523
0.000844177
0.00061994
0.000382514
0.000131901
-0.149977
-0.064472
-0.0321066
-0.0608546
-0.144461
-0.297191
-0.516135
-0.724432
-0.822247
-0.75064
-0.462805
-0.178947
0.00160925
0.00143776
0.00125309
0.00105523
-0.00113756
-0.000541076
0.000382514
0.000131901
-0.125557
-0.104776
-0.0968144
-0.134823
-0.224353
-0.371751
-0.556854
-0.72549
-0.750562
-0.630744
-0.469721
-0.149335
-0.004562
0.00143776
-0.0053252
-0.0556453
0.000844177
-0.0558475
-0.122574
0.000131901
-0.0845639
-0.0895829
-0.109686
-0.1647
-0.26506
-0.409291
-0.579278
-0.712595
-0.738595
-0.657037
-0.333754
-0.0938701
-0.00641649
-0.0227661
0.00125309
-0.00460026
0.000844177
0.000619941
0.000382514
0.000131901
-0.0529357
-0.0630915
-0.0916081
-0.154735
-0.259444
-0.405136
-0.558421
-0.66393
-0.694051
-0.54669
-0.237638
-0.0846551
0.00160925
-0.00640377
-0.0339347
0.00105523
0.000844178
0.000619941
-0.0712772
0.000131901
-0.0274314
-0.0340885
-0.0569035
-0.11585
-0.219817
-0.351773
-0.489568
-0.583234
-0.550501
-0.427287
-0.20353
-0.00958815
-0.059061
0.00143777
0.00121278
-0.0247155
0.000844178
0.000619941
-0.445656
0.000131901
-0.00998722
-0.0113106
-0.0186119
-0.0525899
-0.138508
-0.255546
-0.356951
-0.414016
-0.36411
-0.206691
-0.0516119
-0.124861
-0.0291619
-0.0974381
0.00125309
-0.0084918
-0.00624106
0.000619941
0.000382514
0.000131901
-0.000870252
-0.000565317
-0.000178059
-0.00276658
-0.028073
-0.0868606
-0.136054
-0.122874
-0.0639131
-0.0880826
-0.0209379
-0.129186
-0.158452
-0.0378412
-0.0710052
-0.0387515
0.000844178
-0.000992019
0.000382514
0.000131901
0.00239285
0.00250743
0.00259862
0.00255905
0.00250628
0.00244031
-0.00154917
-0.00753719
-0.0270835
-0.0212628
-0.0354826
-0.00914478
-0.104704
-0.0929989
-0.0526742
-0.0121927
-0.00435571
0.00061994
0.000382514
0.000131901
-0.170374
-0.00376099
0.00259865
0.00255907
-0.0419301
-0.19253
-0.446326
-0.742216
-0.923236
-0.805643
-0.478389
-0.0968178
-0.0666661
0.00143777
0.00125309
-0.00672671
0.000844178
0.00061994
0.000382514
0.000131901
-0.148432
-0.0076102
0.00259865
-0.00123444
-0.0654285
-0.220522
-0.468987
-0.726767
-0.86872
-0.775737
-0.541668
-0.182243
-0.0345219
-0.00912783
-0.0876852
0.00105523
0.000844178
0.00061994
0.000382514
0.000131901
-0.149977
-0.0644808
-0.0321066
-0.0608435
-0.144417
-0.297049
-0.515799
-0.7238
-0.821438
-0.749753
-0.462222
-0.178507
0.00160926
0.00143777
0.00125309
0.00105523
-0.000716966
-0.000109726
0.000382514
0.000131901
-0.125553
-0.104775
-0.0968082
-0.134806
-0.224306
-0.371614
-0.556539
-0.724888
-0.749848
-0.63
-0.468955
-0.148762
-0.00432836
0.00143777
-0.0050604
-0.0545439
0.000844178
-0.0532369
-0.118377
0.000131901
-0.0845615
-0.0895811
-0.109681
-0.164687
-0.26502
-0.409161
-0.57898
-0.71208
-0.737982
-0.65633
-0.333185
-0.093387
-0.00615261
-0.0223052
0.00125309
-0.0042096
0.000844178
0.00061994
0.000382514
0.000131901
-0.0529343
-0.0630903
-0.0916042
-0.154722
-0.259403
-0.405007
-0.558146
-0.66346
-0.693527
-0.54619
-0.237352
-0.084303
0.00160926
-0.00620239
-0.033267
0.00105523
0.000844178
0.00061994
-0.0683862
0.000131901
-0.02743
-0.0340868
-0.0569009
-0.115842
-0.219781
-0.351654
-0.489317
-0.582825
-0.550054
-0.42691
-0.203337
-0.00949187
-0.0587229
0.00143777
0.00122315
-0.0238753
0.000844178
0.00061994
-0.437146
0.000131901
-0.0099862
-0.0113092
-0.0186092
-0.0525842
-0.138487
-0.255466
-0.356773
-0.413709
-0.363781
-0.206449
-0.0514656
-0.124655
-0.0289839
-0.097289
0.00125309
-0.00799433
-0.00535509
0.00061994
0.000382514
0.000131901
-0.000869802
-0.000564751
-0.000176935
-0.00276401
-0.0280646
-0.0868325
-0.135982
-0.122753
-0.0638142
-0.0879713
-0.0208526
-0.128876
-0.158288
-0.0372753
-0.0698413
-0.0376359
0.000844179
-0.000862143
0.000382514
0.000131901
0.00239293
0.00250752
0.00259865
0.00255907
0.0025063
0.00244034
-0.00155107
-0.00753672
-0.0270775
-0.0212764
-0.0354864
-0.0091247
-0.104769
-0.09175
-0.0523323
-0.0120753
-0.00449375
0.000619941
0.000382514
0.000131901
)
;
    }
    outlet
    {
        type            prghTotalHydrostaticPressure;
        value           uniform 0;
    }
    ground
    {
        type            fixedFluxPressure;
        gradient        uniform 0;
        value           nonuniform List<scalar> 
160
(
-0.193528
-0.277277
-0.425603
-0.415192
-0.370701
-0.297525
-0.197352
-0.102078
-0.0285373
0.00273966
0.00273163
-0.0285608
-0.102135
-0.197453
-0.297653
-0.370799
-0.415245
-0.425655
-0.277287
-0.19352
-0.0945116
-0.05518
-0.0254311
0.0178437
0.0715738
0.1211
0.167759
0.193032
0.205333
0.212938
0.212945
0.205343
0.193005
0.167627
0.120791
0.0714292
0.0178036
-0.0254313
-0.05517
-0.0945034
-0.049666
0.00529383
0.0552227
0.105682
0.152908
0.191152
0.223836
0.254276
0.280616
0.296077
0.296111
0.280713
0.254392
0.223768
0.19013
0.152782
0.105749
0.0553063
0.00534824
-0.0496464
-0.0223141
0.0318943
0.0802141
0.12464
0.166415
0.204749
0.238057
0.264338
0.281229
0.288534
0.288539
0.281233
0.264306
0.237919
0.204445
0.16626
0.124593
0.0802148
0.0319056
-0.0223085
-0.00330559
0.0395332
0.0784697
0.115362
0.149537
0.179766
0.204582
0.223931
0.237601
0.24472
0.244716
0.237584
0.223892
0.20451
0.17967
0.149462
0.115319
0.0784499
0.0395258
-0.0033068
0.0058142
0.0355275
0.0633389
0.0893571
0.11273
0.133169
0.150301
0.163483
0.172265
0.176616
0.176613
0.172252
0.163461
0.15027
0.133133
0.112697
0.0893336
0.0633245
0.03552
0.00581229
0.00789646
0.0250561
0.0410647
0.0556161
0.0683098
0.0791659
0.0878524
0.0944041
0.0988302
0.101074
0.101072
0.0988242
0.0943945
0.0878397
0.079152
0.0682968
0.0556057
0.0410575
0.0250519
0.00789524
0.00517069
0.0106072
0.015108
0.018483
0.0207677
0.0221323
0.0227596
0.0228741
0.0227289
0.0225798
0.0225794
0.0227274
0.0228718
0.0227565
0.022129
0.0207645
0.0184804
0.0151062
0.0106062
0.00517038
)
;
    }
    inlet
    {
        type            fixedFluxPressure;
        gradient        nonuniform List<scalar> 
40
(
0
0
0
0
0
0
0
0
-2.73188e-16
0
-2.69714e-16
0
-2.61736e-16
0
0
-2.3744e-16
0
0
-2.17271e-16
0
0
2.15281e-16
2.11408e-16
0
0
0
0
0
2.27503e-16
0
0
2.27504e-16
0
0
0
-2.24836e-16
2.20672e-16
0
0
-5.26805e-16
)
;
        value           nonuniform List<scalar> 
40
(
-0.498349
-0.965879
-1.03599
-0.943787
-0.852136
-0.78643
-0.775867
-0.74625
-0.707527
-0.694554
-0.694611
-0.707686
-0.74633
-0.775918
-0.786471
-0.852176
-0.943818
-1.03602
-0.965941
-0.498429
-0.46327
-0.905294
-0.961587
-0.898284
-0.859778
-0.83576
-0.788296
-0.728982
-0.677237
-0.649557
-0.649575
-0.677277
-0.729031
-0.788355
-0.835819
-0.859833
-0.898332
-0.961621
-0.905345
-0.463329
)
;
    }
    region0_to_pyrolysisRegion_coupledWall
    {
        type            fixedFluxPressure;
        gradient        nonuniform List<scalar> 
400
(
5.88504
7.36968
7.29316
7.39249
7.52957
7.66214
7.85239
7.90424
8.05538
8.1836
8.18369
8.05555
7.9043
7.8523
7.66212
7.52959
7.39251
7.2932
7.36985
5.88645
12.1363
21.4526
24.0807
22.9252
21.4313
20.7497
20.6018
21.015
21.3517
21.8762
21.8767
21.3551
21.0152
20.6019
20.7498
21.4312
22.9251
24.0808
21.4525
12.1367
2.17297
11.1389
27.1249
38.9508
37.9537
34.6356
32.6608
32.3107
32.82
33.6732
33.6734
32.822
32.3109
32.6608
34.6356
37.9534
38.9532
27.1293
11.1404
2.17294
-0.251836
-0.508448
4.76616
26.9222
50.9778
51.1864
45.9448
43.594
43.6422
44.7954
44.7955
43.644
43.5949
45.9454
51.1873
50.9817
26.93
4.76926
-0.507429
-0.249724
-0.335783
-2.07651
-2.55725
2.79437
28.8023
63.4593
61.0541
55.4072
54.5539
55.8389
55.839
54.5568
55.4092
61.0564
63.4612
28.8058
2.79578
-2.55817
-2.07897
-0.335463
-0.578433
-2.9779
-4.13795
-3.30065
5.97667
44.65
76.3056
68.5487
65.5581
66.8531
66.8531
65.5607
68.5524
76.3078
44.6467
5.9758
-3.3014
-4.13814
-2.97964
-0.579698
-0.710342
-3.20752
-4.45897
-1.80021
5.8077
24.9323
72.8095
82.5499
77.2858
78.111
78.111
77.289
82.5552
72.7996
24.9272
5.80619
-1.80107
-4.45751
-3.20637
-0.711143
-0.35255
-2.02823
-0.178515
12.7877
25.1804
31.6976
63.7656
92.0405
89.4022
89.6555
89.6548
89.4047
92.0382
63.7492
31.6931
25.1787
12.7824
-0.174058
-2.02072
-0.352721
0.832006
6.13989
28.4232
56.8251
54.7159
56.9367
73.4958
101.583
101.706
101.854
101.854
101.709
101.578
73.4833
56.9337
54.7186
56.8275
28.4269
6.15186
0.832352
6.67955
37.0176
95.9397
103.639
94.6928
80.2804
91.6581
115.781
115.574
115.216
115.216
115.576
115.778
91.6445
80.284
94.7039
103.648
95.9461
37.0315
6.67931
25.4752
101.749
152.47
140.24
121.64
105.539
113.62
132.02
131.129
130.18
130.179
131.131
132.016
113.619
105.546
121.645
140.249
152.479
101.753
25.4776
52.6767
149.392
179.83
159.285
142.459
134.067
141.26
150.508
147.845
146.584
146.579
147.845
150.512
141.272
134.079
142.467
159.292
179.832
149.392
52.6911
95.9878
167.266
195.935
188.346
172.587
164.386
165.864
166.57
164.065
162.873
162.873
164.062
166.567
165.871
164.391
172.591
188.349
195.931
167.251
95.9908
98.0681
152.066
187.047
209.648
209.317
202.719
195.567
190.527
187.418
185.728
185.726
187.412
190.517
195.56
202.713
209.317
209.641
187.03
152.06
98.0573
98.6192
143.546
160.827
187.25
213.555
225.248
228.357
225.844
222.966
220.396
220.396
222.963
225.839
228.354
225.246
213.547
187.237
160.834
143.566
98.6212
130.018
152.658
155.664
161.679
177.549
192.589
207.955
220.015
228.153
231.34
231.339
228.15
220.013
207.951
192.585
177.547
161.701
155.699
152.692
130.027
132.769
164.804
166.398
166.518
172.571
176.284
182.837
189.205
195.564
198.693
198.689
195.561
189.203
182.835
176.296
172.606
166.564
166.45
164.845
132.763
176.377
199.766
203.444
204.396
211.572
214.892
217.345
219.577
224.137
226.609
226.606
224.134
219.593
217.378
214.927
211.617
204.448
203.493
199.815
176.39
192.616
214.7
227.715
234.179
244.604
251.239
255.212
258.097
261.862
263.817
263.813
261.858
258.111
255.239
251.272
244.641
234.22
227.754
214.75
192.623
198.895
217.881
226.452
238.977
247.147
256.601
261.244
264.793
267.419
268.935
268.932
267.419
264.806
261.27
256.633
247.186
239.019
226.497
217.937
198.928
)
;
        value           nonuniform List<scalar> 
400
(
-0.204096
-0.597395
-0.671331
-0.574162
-0.475658
-0.403323
-0.383247
-0.351038
-0.304758
-0.285374
-0.285427
-0.304908
-0.351114
-0.383302
-0.403365
-0.475697
-0.574192
-0.671357
-0.597448
-0.204106
-0.0691808
-0.167881
-0.25911
-0.3044
-0.307406
-0.240446
-0.159969
-0.138162
-0.0795413
-0.0146185
-0.0146321
-0.0794252
-0.138182
-0.159973
-0.24045
-0.30743
-0.304425
-0.259142
-0.167882
-0.0691693
0.156546
0.258251
0.329815
0.165715
-0.0336159
-0.140587
-0.164797
-0.141054
-0.0894863
-0.0126521
-0.0126104
-0.0893684
-0.141106
-0.164765
-0.140573
-0.0336269
0.165663
0.329739
0.258354
0.156573
0.150864
0.350525
0.528934
0.680151
0.528116
0.145243
-0.0904511
-0.189191
-0.167767
-0.0805597
-0.080409
-0.167421
-0.189032
-0.090351
0.145343
0.528182
0.680323
0.52896
0.35061
0.150994
0.136304
0.374468
0.602074
0.807002
0.931722
0.676703
0.100199
-0.221467
-0.274611
-0.180558
-0.1804
-0.274192
-0.22121
0.100455
0.676965
0.931973
0.807221
0.602212
0.374473
0.136378
0.0170513
0.265226
0.511535
0.74093
0.950889
0.993469
0.397317
-0.267321
-0.478091
-0.365634
-0.365343
-0.477441
-0.26709
0.397674
0.993721
0.951084
0.741099
0.5117
0.265311
0.0171398
-0.225515
0.0124782
0.227322
0.447337
0.723371
0.825527
0.543876
-0.412519
-0.831596
-0.76484
-0.764767
-0.831285
-0.412558
0.543964
0.825392
0.723172
0.447193
0.227386
0.0126963
-0.225248
-0.581602
-0.476202
-0.35229
-0.244733
-0.0221923
0.205329
0.0137003
-0.884234
-1.47525
-1.41165
-1.41147
-1.4746
-0.883855
0.0136763
0.204852
-0.0230398
-0.24554
-0.35263
-0.475893
-0.58103
-0.957487
-1.07801
-1.17736
-1.31669
-1.16369
-1.04819
-1.12295
-1.93034
-2.49281
-2.36372
-2.36348
-2.49222
-1.92996
-1.12297
-1.04879
-1.1649
-1.3182
-1.1783
-1.07807
-0.956678
-1.05834
-1.40849
-1.95013
-2.23192
-2.08529
-1.78418
-1.85233
-2.64988
-3.2083
-3.0545
-3.05453
-3.20821
-2.65006
-1.85227
-1.78427
-2.08582
-2.23291
-1.95083
-1.40859
-1.0575
-0.786716
-1.38867
-2.07477
-2.47523
-2.12214
-1.76118
-1.84085
-2.68513
-3.17562
-3.04593
-3.04609
-3.17576
-2.68509
-1.84007
-1.76028
-2.121
-2.47475
-2.07442
-1.38824
-0.786104
-0.0995231
-0.450907
-1.24056
-1.87384
-1.75377
-1.57088
-1.71391
-2.38681
-2.54775
-2.36771
-2.36772
-2.5472
-2.38642
-1.7129
-1.5695
-1.75222
-1.87284
-1.23991
-0.45047
-0.099273
3.14603
1.54267
0.371483
-0.47915
-0.972781
-1.05889
-1.21467
-1.4024
-1.26255
-1.03511
-1.03463
-1.26146
-1.40128
-1.21365
-1.05803
-0.972354
-0.478957
0.371776
1.5425
3.14631
0.215591
1.10795
1.45239
1.28088
1.06418
0.838215
0.750137
0.728074
0.888121
1.03786
1.03825
0.889059
0.728491
0.750177
0.837576
1.06365
1.28101
1.45247
1.10772
0.215412
0.482532
1.96506
2.57837
2.93243
2.96137
2.94122
2.88501
2.8899
3.03323
3.108
3.10821
3.03351
2.88994
2.88477
2.9411
2.96173
2.93285
2.57872
1.96501
0.482338
5.04893
3.9966
3.89557
4.01975
4.11082
4.22606
4.37299
4.50899
4.56223
4.60173
4.60196
4.56279
4.50942
4.37335
4.22649
4.11125
4.02043
3.89579
3.99562
5.04799
1.30155
4.22706
5.16013
5.47368
5.46201
5.34637
5.21801
5.11621
5.07039
5.06057
5.06067
5.07056
5.1162
5.21793
5.34634
5.46258
5.47463
5.16038
4.22594
1.3007
8.69296
8.99809
9.41164
9.51992
9.22911
8.78184
8.35112
8.02906
7.81505
7.71288
7.71295
7.81517
8.02917
8.35141
8.78235
9.22996
9.52066
9.41015
8.99332
8.68976
10.3008
11.7079
11.8811
11.6571
11.0726
10.3131
9.68855
9.25909
9.00568
8.89081
8.89065
9.00513
9.25835
9.68808
10.3132
11.0731
11.6563
11.8764
11.7002
10.2966
10.1563
11.6221
12.266
12.3713
12.0407
11.2429
10.7823
10.4983
10.3809
10.3448
10.3446
10.3805
10.4978
10.7823
11.2434
12.0414
12.3706
12.2625
11.6168
10.1538
)
;
    }
}


// ************************************************************************* //
