/*--------------------------------*- C++ -*----------------------------------*\
  =========                 |
  \\      /  F ield         | OpenFOAM: The Open Source CFD Toolbox
   \\    /   O peration     | Website:  https://openfoam.org
    \\  /    A nd           | Version:  7
     \\/     M anipulation  |
\*---------------------------------------------------------------------------*/
FoamFile
{
    version     2.0;
    format      ascii;
    class       volScalarField;
    location    "1";
    object      rho;
}
// * * * * * * * * * * * * * * * * * * * * * * * * * * * * * * * * * * * * * //

dimensions      [1 -3 0 0 0 0 0];

internalField   nonuniform List<scalar> 
4000
(
0.544697
0.54682
1.07698
1.1785
1.17968
1.17966
1.17958
1.17943
1.17926
1.17913
0.291229
0.288317
0.993972
1.1778
1.1795
1.17928
1.17911
1.17904
1.17898
1.17907
0.262668
0.282562
0.919456
1.17643
1.17891
1.17717
1.17823
1.17875
1.1789
1.1791
0.290572
0.295052
0.896302
1.17344
1.17684
1.17398
1.17792
1.17866
1.17887
1.17914
0.323102
0.302001
0.896471
1.17034
1.16844
1.17374
1.17784
1.17861
1.17886
1.17918
0.374635
0.298518
0.904474
1.1583
1.15801
1.17427
1.1778
1.17856
1.17886
1.17921
0.356073
0.299658
0.924449
1.14908
1.15656
1.1749
1.17776
1.17851
1.17886
1.17924
0.360154
0.306999
0.931764
1.12261
1.15784
1.17524
1.17772
1.17847
1.17886
1.17926
0.375223
0.306253
0.926169
1.10789
1.15989
1.17517
1.17769
1.17844
1.17886
1.17928
0.371247
0.305283
0.902553
1.10848
1.161
1.17501
1.17768
1.17841
1.17886
1.17929
0.371183
0.305283
0.902547
1.10848
1.161
1.17501
1.17768
1.17841
1.17886
1.17929
0.375011
0.306255
0.926164
1.10789
1.15989
1.17517
1.17769
1.17844
1.17886
1.17928
0.360082
0.307001
0.931758
1.12261
1.15784
1.17524
1.17772
1.17847
1.17886
1.17926
0.356067
0.299659
0.924443
1.14908
1.15656
1.1749
1.17776
1.17851
1.17886
1.17924
0.374641
0.298518
0.904473
1.1583
1.15801
1.17427
1.1778
1.17856
1.17886
1.17921
0.323105
0.302002
0.896473
1.17034
1.16844
1.17374
1.17784
1.17861
1.17886
1.17918
0.290575
0.295055
0.896308
1.17344
1.17684
1.17398
1.17792
1.17866
1.17887
1.17914
0.262667
0.282564
0.91947
1.17643
1.17891
1.17717
1.17823
1.17875
1.1789
1.1791
0.291212
0.288308
0.993989
1.1778
1.1795
1.17928
1.17911
1.17904
1.17898
1.17907
0.544546
0.546686
1.07699
1.1785
1.17968
1.17966
1.17958
1.17943
1.17926
1.17913
0.75011
0.82629
1.16695
1.17958
1.17966
1.17959
1.17939
1.17927
1.17912
1.17901
0.391234
0.387679
1.05066
1.17711
1.17941
1.17893
1.17751
1.17841
1.17877
1.17895
0.239342
0.244994
0.849637
1.1691
1.17871
1.17532
1.17465
1.178
1.17867
1.17897
0.220375
0.225367
0.686834
1.15414
1.17659
1.16677
1.17447
1.17795
1.17863
1.17901
0.234194
0.235004
0.677076
1.15549
1.17081
1.16304
1.17472
1.17789
1.17859
1.17904
0.263507
0.247535
0.694238
1.15392
1.15578
1.1638
1.17491
1.17777
1.17857
1.17906
0.2971
0.24537
0.750071
1.14791
1.14028
1.16631
1.17492
1.17766
1.17854
1.17909
0.276504
0.287354
0.842357
1.13247
1.13796
1.1668
1.17478
1.17757
1.17853
1.17911
0.278484
0.333103
0.887443
1.09252
1.14278
1.16646
1.17456
1.1775
1.17852
1.17912
0.287152
0.32945
0.868613
1.04932
1.14172
1.16315
1.17446
1.17741
1.17851
1.17913
0.287133
0.329448
0.868602
1.04932
1.14172
1.16315
1.17446
1.17741
1.17851
1.17913
0.278457
0.333095
0.887438
1.09252
1.14279
1.16646
1.17456
1.1775
1.17852
1.17912
0.276489
0.287354
0.842357
1.13247
1.13801
1.1668
1.17478
1.17757
1.17853
1.17911
0.297101
0.245371
0.750053
1.14791
1.14061
1.1663
1.17492
1.17766
1.17854
1.17909
0.263512
0.24754
0.694226
1.15389
1.15512
1.1638
1.17491
1.17777
1.17857
1.17906
0.234199
0.235005
0.677063
1.15549
1.17114
1.16304
1.17472
1.17789
1.17859
1.17904
0.220374
0.225366
0.686845
1.15413
1.17658
1.16677
1.17447
1.17795
1.17863
1.17901
0.239331
0.244994
0.849636
1.1691
1.17871
1.17532
1.17465
1.178
1.17867
1.17897
0.391239
0.387699
1.05066
1.17711
1.17941
1.17893
1.17751
1.17841
1.17877
1.17895
0.750099
0.826307
1.16695
1.17958
1.17966
1.17959
1.17939
1.17927
1.17912
1.17901
1.12744
1.14992
1.17919
1.17961
1.17963
1.17962
1.17911
1.17849
1.1787
1.17878
0.926639
0.935649
1.15863
1.17905
1.17932
1.17846
1.17475
1.17473
1.17778
1.17871
0.578614
0.508802
1.03027
1.17346
1.1784
1.17524
1.16499
1.17378
1.17778
1.17874
0.279384
0.263866
0.766536
1.15183
1.17686
1.1648
1.1607
1.17406
1.17775
1.17876
0.214257
0.217592
0.576375
1.11175
1.16933
1.14365
1.16086
1.17417
1.17765
1.17879
0.230581
0.21106
0.44621
1.06694
1.15747
1.1378
1.16192
1.17398
1.17756
1.17882
0.251989
0.211597
0.484327
1.07398
1.12987
1.13516
1.16096
1.1736
1.17747
1.17884
0.263075
0.237522
0.615448
1.0876
1.11441
1.13014
1.16022
1.1732
1.17738
1.17885
0.260548
0.32464
0.780504
1.07523
1.07858
1.12878
1.15921
1.1728
1.1773
1.17886
0.25902
0.385041
0.806984
1.00629
1.0607
1.13609
1.15843
1.1726
1.17726
1.17887
0.259035
0.385028
0.80697
1.00626
1.0607
1.13608
1.15843
1.1726
1.17726
1.17887
0.260573
0.324634
0.780527
1.0752
1.07856
1.12878
1.15921
1.1728
1.1773
1.17886
0.26307
0.237526
0.615488
1.08758
1.11434
1.13014
1.16022
1.1732
1.17738
1.17885
0.251994
0.211598
0.484299
1.07395
1.12986
1.13516
1.16096
1.1736
1.17747
1.17884
0.230589
0.21106
0.446168
1.06691
1.1575
1.1378
1.16192
1.17398
1.17756
1.17882
0.214254
0.217589
0.576319
1.11173
1.16933
1.14365
1.16086
1.17417
1.17765
1.17879
0.279316
0.263824
0.766466
1.15182
1.17686
1.1648
1.1607
1.17406
1.17775
1.17876
0.578515
0.508728
1.03022
1.17346
1.1784
1.17524
1.16499
1.17378
1.17778
1.17874
0.926593
0.935629
1.15863
1.17905
1.17932
1.17846
1.17475
1.17473
1.17778
1.17871
1.12743
1.14992
1.17919
1.17961
1.17963
1.17962
1.17911
1.17849
1.1787
1.17878
1.17833
1.17903
1.17952
1.17959
1.17962
1.17962
1.17949
1.17725
1.17585
1.17806
1.1635
1.16572
1.17853
1.17938
1.17929
1.17841
1.1736
1.16292
1.16922
1.17736
1.07213
1.04963
1.16392
1.17861
1.17859
1.17622
1.1611
1.15128
1.17048
1.17774
0.726486
0.687852
1.06828
1.17352
1.17759
1.16615
1.13392
1.15138
1.17105
1.17772
0.328259
0.318752
0.772069
1.14289
1.17278
1.14502
1.12178
1.15312
1.171
1.17782
0.221723
0.213223
0.512728
1.09013
1.15412
1.10754
1.11799
1.15417
1.17083
1.17789
0.235933
0.204667
0.389379
0.988346
1.12701
1.098
1.11761
1.15411
1.17057
1.17793
0.24464
0.20446
0.423495
0.992371
1.09566
1.0882
1.11062
1.15332
1.17028
1.17795
0.250873
0.277782
0.57291
1.02795
1.06915
1.08568
1.10564
1.15245
1.16987
1.17796
0.252421
0.378711
0.734205
0.99127
1.00993
1.08733
1.10537
1.15201
1.16955
1.17797
0.252446
0.378715
0.73431
0.991238
1.00993
1.08734
1.10537
1.15201
1.16955
1.17797
0.250908
0.27779
0.572983
1.02794
1.06912
1.08568
1.10563
1.15245
1.16987
1.17796
0.244649
0.204461
0.423454
0.992331
1.09561
1.08819
1.11062
1.15332
1.17028
1.17795
0.235936
0.204665
0.389303
0.988264
1.12701
1.09799
1.11761
1.15411
1.17056
1.17793
0.221721
0.213213
0.512579
1.09008
1.15414
1.10753
1.11799
1.15417
1.17083
1.17789
0.328193
0.318662
0.771929
1.14287
1.17278
1.14502
1.12178
1.15312
1.171
1.17782
0.726372
0.687716
1.06823
1.17352
1.17759
1.16615
1.13393
1.15138
1.17105
1.17772
1.07209
1.04958
1.16391
1.17861
1.17859
1.17622
1.1611
1.15128
1.17048
1.17774
1.1635
1.16571
1.17853
1.17938
1.17929
1.17841
1.1736
1.16292
1.16922
1.17736
1.17833
1.17903
1.17952
1.17959
1.17962
1.17962
1.17949
1.17725
1.17585
1.17806
1.17934
1.17939
1.17951
1.17958
1.1796
1.1796
1.17956
1.17892
1.17005
1.17017
1.17827
1.17813
1.17908
1.17937
1.17931
1.17845
1.17522
1.15841
1.13308
1.16361
1.16776
1.16666
1.17714
1.17887
1.17884
1.17678
1.16724
1.1216
1.13092
1.16873
1.09029
1.09086
1.16368
1.17777
1.17626
1.16951
1.13162
1.09118
1.13286
1.16921
0.775203
0.773413
1.07221
1.16815
1.17158
1.14708
1.08684
1.0814
1.13468
1.17075
0.322622
0.349942
0.824101
1.13205
1.15129
1.10062
1.05898
1.07745
1.13551
1.17199
0.23191
0.215543
0.489541
1.06001
1.12906
1.06066
1.0383
1.07236
1.13538
1.17271
0.235909
0.200725
0.387306
0.931787
1.06455
1.04599
1.03346
1.0677
1.13555
1.17307
0.238864
0.226994
0.431087
0.946857
1.04365
1.0316
1.03385
1.06118
1.13506
1.17314
0.245087
0.349047
0.616908
0.956937
0.980825
0.990205
1.03619
1.05782
1.13471
1.17306
0.245119
0.349066
0.616915
0.95691
0.98075
0.990163
1.03619
1.05782
1.13471
1.17306
0.238928
0.22702
0.431077
0.94684
1.04366
1.03159
1.03384
1.06117
1.13506
1.17314
0.23592
0.20072
0.387259
0.931734
1.06462
1.04601
1.03345
1.0677
1.13554
1.17307
0.231908
0.215531
0.489343
1.05994
1.12926
1.06068
1.0383
1.07235
1.13538
1.17271
0.32261
0.349857
0.823886
1.13203
1.15146
1.10064
1.05898
1.07745
1.13551
1.17199
0.775156
0.773243
1.07215
1.16814
1.17166
1.14708
1.08684
1.0814
1.13468
1.17074
1.09027
1.09082
1.16368
1.17777
1.17624
1.1695
1.13162
1.09117
1.13285
1.16921
1.16776
1.16666
1.17714
1.17887
1.17885
1.17678
1.16724
1.12159
1.13091
1.16872
1.17826
1.17813
1.17908
1.17936
1.17931
1.17845
1.17522
1.15841
1.13307
1.16361
1.17934
1.17939
1.17951
1.17958
1.1796
1.1796
1.17956
1.17892
1.17005
1.17017
1.17926
1.17938
1.17945
1.17954
1.17957
1.17957
1.17954
1.17927
1.17092
1.13856
1.17807
1.17797
1.1786
1.17906
1.17921
1.17866
1.17517
1.16135
1.09268
1.11154
1.17365
1.17353
1.1761
1.17806
1.1784
1.17668
1.16738
1.1237
1.04175
1.12757
1.14997
1.15328
1.16389
1.17582
1.17275
1.16916
1.12966
1.03567
1.01943
1.13081
1.05152
1.06435
1.12722
1.15561
1.16139
1.14258
1.05857
0.979237
1.01174
1.14019
0.665979
0.736317
1.02253
1.12182
1.12265
1.08912
0.988087
0.955445
1.00968
1.14929
0.27037
0.323615
0.774835
1.07515
1.10178
1.00785
0.953879
0.944633
1.00602
1.15363
0.233148
0.207374
0.415725
0.9351
1.06202
0.999742
0.951951
0.936486
1.00527
1.15774
0.232814
0.203397
0.4137
0.899135
1.00174
0.982802
0.945396
0.936797
1.00532
1.16053
0.240699
0.30702
0.538315
0.902748
0.955376
0.946528
0.934881
0.940338
1.0013
1.1608
0.240739
0.307071
0.538305
0.902754
0.955387
0.946537
0.934884
0.940339
1.00129
1.1608
0.232901
0.203405
0.413695
0.899134
1.00179
0.982811
0.945394
0.936797
1.00531
1.16052
0.233155
0.207367
0.415677
0.935069
1.06203
0.999733
0.951944
0.936479
1.00526
1.15774
0.270392
0.323563
0.774668
1.07513
1.10182
1.00781
0.953879
0.944624
1.00599
1.15363
0.666018
0.736224
1.02244
1.12181
1.12255
1.08909
0.988071
0.955435
1.00966
1.14928
1.05152
1.0643
1.1272
1.1556
1.16146
1.14257
1.05855
0.979232
1.01172
1.14018
1.14997
1.15327
1.16388
1.17582
1.17269
1.16915
1.12965
1.03566
1.0194
1.13079
1.17365
1.17353
1.1761
1.17806
1.1784
1.17668
1.16738
1.12369
1.04172
1.12754
1.17807
1.17796
1.1786
1.17906
1.17921
1.17866
1.17517
1.16135
1.09267
1.11151
1.17926
1.17938
1.17945
1.17954
1.17957
1.17957
1.17954
1.17927
1.17091
1.13855
1.17819
1.17917
1.17923
1.17928
1.17948
1.17949
1.17946
1.17915
1.17153
1.08876
1.17463
1.17581
1.17654
1.17777
1.17857
1.17804
1.17415
1.15696
1.06166
1.03179
1.16595
1.16943
1.17143
1.17311
1.17474
1.17273
1.16134
1.1067
0.949918
1.04754
1.12863
1.1449
1.15834
1.16012
1.16449
1.15404
1.10559
0.973776
0.873905
1.06028
1.06025
1.08188
1.09255
1.0832
1.11817
1.10332
1.01234
0.868136
0.841689
1.07905
0.8924
0.944735
1.02819
1.02057
1.05323
1.03266
0.900228
0.81951
0.83594
1.1064
0.460781
0.568815
0.878221
1.00979
1.01133
0.946526
0.851704
0.798498
0.834041
1.11816
0.243824
0.246762
0.513448
0.935526
1.01361
0.915961
0.845258
0.797669
0.838938
1.1294
0.230795
0.206622
0.38352
0.840494
0.974402
0.92239
0.853309
0.794255
0.835572
1.13601
0.235632
0.264483
0.474544
0.845977
0.915477
0.902183
0.853409
0.790595
0.837293
1.13947
0.235669
0.2645
0.474543
0.846017
0.915467
0.902181
0.853405
0.790587
0.837289
1.13947
0.230873
0.206632
0.383551
0.840568
0.974279
0.922349
0.853289
0.794223
0.835559
1.13601
0.243834
0.246756
0.513412
0.935515
1.01351
0.915848
0.845238
0.797644
0.838923
1.1294
0.4609
0.568802
0.878182
1.00978
1.01117
0.946502
0.851693
0.79848
0.834016
1.11815
0.892451
0.9447
1.02815
1.02054
1.05309
1.03264
0.900208
0.819511
0.83591
1.1064
1.06027
1.08186
1.09252
1.08318
1.11818
1.10329
1.01229
0.868112
0.841654
1.07903
1.12865
1.14488
1.15832
1.16011
1.16448
1.15403
1.10557
0.973751
0.873866
1.06026
1.16595
1.16943
1.17142
1.17311
1.17474
1.17273
1.16134
1.10669
0.94988
1.0475
1.17463
1.17581
1.17654
1.17776
1.17857
1.17804
1.17415
1.15695
1.06165
1.03175
1.17819
1.17916
1.17923
1.17928
1.17948
1.17949
1.17946
1.17915
1.17153
1.08874
1.17285
1.17565
1.17785
1.17894
1.17932
1.17923
1.1792
1.17827
1.15212
1.03369
1.15753
1.15846
1.16225
1.17168
1.17444
1.17283
1.1705
1.13166
0.95779
0.958797
1.12641
1.13178
1.13667
1.15683
1.16013
1.1421
1.13365
1.03433
0.812873
0.976946
1.01887
1.06211
1.07415
1.10646
1.09557
1.03534
1.01377
0.847289
0.728815
0.998388
0.927612
0.94331
0.942049
0.952057
0.938822
0.917306
0.884867
0.733539
0.699207
1.03474
0.87132
0.900101
0.883989
0.88352
0.913797
0.896108
0.773456
0.676749
0.678155
1.04655
0.611934
0.704451
0.845793
0.892466
0.920703
0.865115
0.737682
0.660967
0.670976
1.05583
0.295209
0.366346
0.636322
0.880123
0.939802
0.854082
0.738548
0.655375
0.671653
1.06879
0.232805
0.212812
0.380695
0.799545
0.93549
0.871857
0.768173
0.649899
0.689235
1.10108
0.233042
0.23859
0.432175
0.800984
0.890726
0.863298
0.784112
0.66237
0.69665
1.10513
0.233084
0.238596
0.432202
0.801043
0.890737
0.863299
0.784112
0.662368
0.696648
1.10513
0.232882
0.212836
0.380748
0.799632
0.935477
0.871844
0.768161
0.649887
0.689229
1.10108
0.295293
0.366409
0.636359
0.880134
0.939731
0.854113
0.738535
0.655358
0.671647
1.0688
0.612081
0.704497
0.845776
0.892446
0.920616
0.865105
0.737667
0.660962
0.670961
1.05584
0.871364
0.900093
0.883972
0.883485
0.91377
0.896075
0.773444
0.676729
0.678121
1.04655
0.927629
0.943301
0.942025
0.952005
0.938799
0.917256
0.884845
0.733528
0.699185
1.03474
1.01892
1.06211
1.07412
1.10642
1.09554
1.03527
1.01372
0.84726
0.72879
0.998373
1.12639
1.13176
1.13665
1.15681
1.16012
1.14208
1.13364
1.0343
0.812839
0.976921
1.15751
1.15845
1.16224
1.17168
1.17444
1.17283
1.1705
1.13165
0.957789
0.958768
1.17286
1.17566
1.17785
1.17894
1.17932
1.17923
1.1792
1.17827
1.15213
1.03367
1.16337
1.16879
1.17487
1.1764
1.17876
1.179
1.17779
1.17122
1.0363
0.994065
1.1087
1.10544
1.12036
1.12711
1.15838
1.16325
1.13513
1.02923
0.731556
0.896606
0.954443
1.00899
1.04183
1.0548
1.10284
1.10337
0.989064
0.812309
0.642298
0.923412
0.752148
0.785379
0.819393
0.830596
0.863312
0.889137
0.77758
0.651305
0.584809
0.937472
0.759664
0.748945
0.746306
0.737996
0.748115
0.747264
0.68169
0.578113
0.555368
0.930932
0.737419
0.732999
0.748278
0.725078
0.722972
0.742201
0.632087
0.545526
0.546473
0.990207
0.601856
0.681366
0.762778
0.701318
0.781063
0.761847
0.616054
0.521613
0.516733
0.980952
0.320247
0.438119
0.635226
0.763148
0.780732
0.802192
0.646729
0.520339
0.514955
0.99435
0.231935
0.22989
0.384597
0.726088
0.854147
0.829164
0.70327
0.54179
0.568134
1.02658
0.230117
0.227882
0.409732
0.730723
0.837699
0.830858
0.750191
0.57946
0.575486
1.03204
0.230143
0.227893
0.409769
0.730806
0.837731
0.830871
0.75019
0.579458
0.575485
1.03204
0.231993
0.229923
0.384655
0.726148
0.854199
0.82914
0.703247
0.541786
0.568121
1.02659
0.320328
0.438173
0.635265
0.76315
0.780718
0.802188
0.646712
0.520318
0.514955
0.994394
0.601964
0.681408
0.762776
0.701292
0.781063
0.761868
0.616055
0.521592
0.516726
0.980995
0.737449
0.732989
0.748288
0.725055
0.722975
0.742251
0.632089
0.54551
0.546471
0.990234
0.759657
0.748938
0.746342
0.737926
0.748094
0.747316
0.681689
0.578101
0.555353
0.930959
0.752143
0.785383
0.81942
0.830502
0.863266
0.889173
0.77756
0.651299
0.584796
0.937487
0.954437
1.00898
1.04182
1.05474
1.10281
1.10338
0.989072
0.812296
0.642292
0.923408
1.10864
1.10542
1.12035
1.12709
1.15837
1.16325
1.13513
1.02923
0.731574
0.896603
1.16337
1.1688
1.17488
1.1764
1.17875
1.179
1.17779
1.17121
1.0364
0.994071
1.12865
1.15115
1.17048
1.16807
1.17412
1.17449
1.17078
1.11752
1.02709
0.958605
0.949024
0.99794
1.05422
1.01598
1.08164
1.08493
1.03357
0.770961
0.660142
0.856165
0.597888
0.708475
0.900715
0.839168
0.913704
0.878673
0.727713
0.561467
0.533958
0.885875
0.522053
0.536475
0.618038
0.578123
0.605428
0.58875
0.554376
0.487588
0.477367
0.871969
0.562108
0.537456
0.56545
0.535547
0.543624
0.554445
0.517557
0.448338
0.43278
0.819493
0.639094
0.612422
0.614473
0.552377
0.550868
0.579658
0.509223
0.430029
0.42768
0.901807
0.544413
0.595577
0.616216
0.608416
0.617331
0.641696
0.516174
0.433476
0.46309
0.97323
0.308996
0.429872
0.593994
0.652131
0.701575
0.716296
0.555063
0.437406
0.463431
0.976465
0.228645
0.234836
0.384015
0.604017
0.755685
0.76735
0.66406
0.465365
0.421741
0.804279
0.228628
0.222358
0.401105
0.660813
0.792508
0.793908
0.724847
0.529883
0.432048
0.850994
0.228649
0.222365
0.40115
0.660899
0.792524
0.79391
0.724845
0.529876
0.432047
0.851026
0.228689
0.234855
0.384063
0.604058
0.75571
0.767394
0.664099
0.465348
0.421751
0.804323
0.309037
0.429918
0.594032
0.652141
0.701622
0.716291
0.555076
0.437406
0.463464
0.976559
0.544513
0.595596
0.616209
0.608393
0.617355
0.641653
0.516171
0.433467
0.463121
0.973304
0.63908
0.612419
0.614448
0.552346
0.550868
0.579583
0.509226
0.430021
0.427694
0.901898
0.562052
0.537442
0.565399
0.535492
0.543608
0.554272
0.517563
0.448346
0.432783
0.819588
0.522017
0.536448
0.61794
0.57807
0.605444
0.588432
0.55438
0.487603
0.47739
0.872018
0.597879
0.708452
0.90058
0.839115
0.913655
0.878521
0.727728
0.561486
0.533967
0.885883
0.948957
0.997878
1.05414
1.01595
1.08157
1.08496
1.03357
0.770911
0.660151
0.856189
1.12866
1.15114
1.17049
1.16805
1.17412
1.1745
1.17078
1.11749
1.02708
0.95864
1.03168
1.10449
1.13686
1.16142
1.11484
1.10785
1.1131
0.947539
0.883602
0.925189
0.640004
0.794727
0.810132
0.929369
0.728532
0.716539
0.736653
0.518694
0.544868
0.849944
0.352784
0.443278
0.519732
0.682556
0.547633
0.451531
0.463094
0.406046
0.444491
0.854909
0.375347
0.384508
0.404428
0.434369
0.408053
0.402279
0.396388
0.370515
0.382921
0.746426
0.469562
0.397347
0.407199
0.406716
0.398625
0.406675
0.394215
0.360706
0.393807
0.883682
0.547687
0.500747
0.463723
0.428387
0.419882
0.440441
0.405624
0.360106
0.403166
0.937189
0.474059
0.51457
0.530354
0.515688
0.486369
0.517049
0.428891
0.357047
0.355738
0.758874
0.286038
0.385866
0.518673
0.537433
0.60846
0.610123
0.49873
0.370786
0.351212
0.687984
0.224857
0.229678
0.372826
0.564669
0.625058
0.675162
0.613772
0.427399
0.355416
0.80193
0.227885
0.217857
0.374235
0.609079
0.725609
0.746487
0.694366
0.510546
0.372029
0.837837
0.227904
0.217863
0.374283
0.609137
0.725661
0.746502
0.694365
0.510535
0.37203
0.83789
0.224894
0.229682
0.372861
0.564705
0.625103
0.675177
0.613734
0.427327
0.35541
0.801988
0.286046
0.385854
0.5187
0.537436
0.608489
0.6101
0.49874
0.370766
0.351237
0.688208
0.474068
0.514579
0.530355
0.515694
0.486377
0.517044
0.428918
0.357041
0.355784
0.759177
0.547657
0.500754
0.463732
0.428365
0.419819
0.44045
0.405647
0.360119
0.403234
0.93736
0.469542
0.397329
0.407156
0.406651
0.398507
0.406846
0.394218
0.360723
0.393861
0.88381
0.375323
0.384485
0.404371
0.434191
0.407739
0.402723
0.396411
0.370546
0.38296
0.746618
0.352768
0.443318
0.519643
0.682171
0.546687
0.452249
0.463157
0.406072
0.444531
0.854964
0.640002
0.794795
0.80998
0.929052
0.728755
0.716577
0.736748
0.518701
0.544891
0.849993
1.03167
1.10452
1.13682
1.16136
1.11477
1.10795
1.11312
0.947449
0.88356
0.925213
0.913488
1.00198
1.04121
1.04471
1.02085
1.03392
0.904746
0.888552
0.844953
0.884695
0.467237
0.558685
0.591805
0.584595
0.543761
0.559925
0.462259
0.455811
0.49878
0.766925
0.286898
0.306301
0.354584
0.404424
0.37526
0.337097
0.322998
0.31987
0.389609
0.788787
0.333614
0.310408
0.312048
0.320505
0.313187
0.311675
0.304035
0.301074
0.342221
0.760344
0.405325
0.367752
0.332275
0.31846
0.318655
0.321585
0.316237
0.299402
0.321838
0.71831
0.436506
0.442112
0.394863
0.337727
0.337105
0.35159
0.337907
0.304463
0.321379
0.67328
0.367787
0.4531
0.473551
0.417303
0.39285
0.415941
0.372665
0.311992
0.323287
0.797146
0.245751
0.349206
0.45488
0.489225
0.522103
0.523277
0.445281
0.335132
0.310166
0.739572
0.221887
0.221091
0.337819
0.496134
0.556953
0.580662
0.549359
0.407386
0.321388
0.729294
0.226997
0.206287
0.349973
0.522096
0.624605
0.666223
0.640718
0.491497
0.352132
0.818411
0.227011
0.20629
0.350026
0.522109
0.624614
0.666242
0.640723
0.491479
0.35213
0.818482
0.221916
0.221088
0.337835
0.496184
0.556933
0.580678
0.549364
0.407288
0.321366
0.729449
0.245704
0.34918
0.454891
0.489222
0.522129
0.523307
0.44528
0.335083
0.310204
0.739841
0.367715
0.453081
0.473552
0.417383
0.392944
0.415973
0.372696
0.311989
0.323358
0.797404
0.436442
0.442109
0.394908
0.337729
0.337119
0.351606
0.337927
0.304475
0.321459
0.673638
0.405289
0.367751
0.33227
0.31841
0.31861
0.321612
0.31625
0.299423
0.321903
0.718739
0.33359
0.310394
0.312014
0.320436
0.313132
0.311648
0.304052
0.301108
0.34229
0.760585
0.286908
0.306307
0.354542
0.404232
0.375109
0.337042
0.323023
0.319919
0.389673
0.788995
0.467241
0.558697
0.591626
0.584243
0.543616
0.559797
0.462198
0.455767
0.498789
0.76704
0.913421
1.00199
1.04107
1.04439
1.02074
1.03382
0.904601
0.888433
0.844906
0.884693
0.746814
0.864198
0.752934
0.897329
0.9014
0.87123
0.753978
0.84111
0.728492
0.820842
0.438253
0.460573
0.408878
0.419524
0.446352
0.433809
0.360148
0.406843
0.41627
0.702786
0.284526
0.277652
0.279773
0.294252
0.301413
0.28048
0.262063
0.271109
0.334111
0.679122
0.26681
0.271164
0.264775
0.260409
0.256016
0.255887
0.253172
0.254524
0.296043
0.666004
0.299709
0.327075
0.308459
0.275157
0.260156
0.266912
0.265857
0.25767
0.302414
0.737529
0.31206
0.364246
0.365366
0.294126
0.278188
0.29558
0.28952
0.266097
0.284904
0.680938
0.271991
0.360677
0.415217
0.350577
0.325456
0.35019
0.325445
0.280567
0.287126
0.633612
0.225557
0.28742
0.410637
0.430509
0.430069
0.447827
0.404224
0.312663
0.289505
0.686272
0.221892
0.211006
0.320478
0.453417
0.493508
0.508149
0.491808
0.390182
0.30033
0.688138
0.227361
0.200312
0.327903
0.455202
0.519383
0.559551
0.556384
0.461505
0.330359
0.702196
0.227367
0.200319
0.327963
0.455224
0.519419
0.559514
0.556339
0.461461
0.330343
0.702264
0.221915
0.211005
0.320537
0.4534
0.493683
0.508075
0.491651
0.389999
0.300284
0.688263
0.225547
0.287381
0.410648
0.430523
0.430011
0.44775
0.404099
0.31253
0.28953
0.686542
0.27193
0.360657
0.415212
0.350501
0.325423
0.350183
0.3254
0.280518
0.287166
0.633886
0.31202
0.364234
0.365373
0.294113
0.278182
0.295581
0.289497
0.266083
0.284984
0.68137
0.299686
0.327067
0.308454
0.275153
0.260162
0.266917
0.265853
0.257678
0.302513
0.737826
0.266807
0.271161
0.264778
0.260373
0.255972
0.255859
0.253186
0.254552
0.296156
0.666477
0.28456
0.277661
0.279728
0.294112
0.301286
0.280416
0.262083
0.271114
0.334192
0.679174
0.438315
0.460471
0.408729
0.419101
0.44622
0.433826
0.36019
0.406833
0.416373
0.702917
0.746795
0.864207
0.752353
0.896524
0.901219
0.871168
0.753989
0.841046
0.728579
0.821039
0.765346
0.748795
0.759233
0.785502
0.735269
0.722951
0.667571
0.691576
0.668322
0.796804
0.547861
0.437755
0.378973
0.372138
0.363306
0.349841
0.306366
0.353897
0.371489
0.656122
0.401929
0.288784
0.265463
0.260005
0.247238
0.234789
0.227852
0.240982
0.308486
0.662841
0.276689
0.253824
0.250713
0.240321
0.224304
0.221127
0.223587
0.227311
0.280436
0.662845
0.233761
0.246045
0.274558
0.256311
0.230716
0.230002
0.234874
0.230883
0.271922
0.641308
0.220152
0.249588
0.321342
0.278058
0.243827
0.254518
0.257736
0.239952
0.259955
0.6076
0.219081
0.250696
0.351395
0.312696
0.27969
0.299942
0.294799
0.257184
0.257445
0.593621
0.216641
0.230165
0.347696
0.368248
0.354476
0.377228
0.3638
0.294867
0.268529
0.602637
0.22009
0.205718
0.294276
0.402053
0.416535
0.436574
0.435132
0.363831
0.287115
0.6301
0.225707
0.199571
0.299867
0.408923
0.451718
0.47748
0.480801
0.417905
0.30683
0.620016
0.225709
0.199573
0.299928
0.408975
0.4517
0.477434
0.480779
0.417854
0.306809
0.620091
0.220101
0.205718
0.294351
0.40211
0.416319
0.436552
0.435014
0.363625
0.287073
0.630309
0.216647
0.230149
0.347721
0.368185
0.354415
0.377204
0.363655
0.294687
0.268524
0.602821
0.21908
0.250682
0.351369
0.312758
0.279683
0.299897
0.294715
0.257102
0.257472
0.593926
0.220152
0.249578
0.321341
0.277971
0.243746
0.254465
0.25768
0.239912
0.26002
0.60797
0.233761
0.246044
0.274528
0.256285
0.230655
0.22997
0.23485
0.230872
0.272023
0.641749
0.276726
0.253834
0.250712
0.240307
0.224276
0.221106
0.223585
0.227321
0.280557
0.663116
0.401996
0.288795
0.265434
0.259947
0.247175
0.23476
0.227846
0.241035
0.308658
0.663416
0.547875
0.437688
0.378736
0.371926
0.363204
0.349808
0.306337
0.353992
0.371373
0.656204
0.765376
0.748742
0.758777
0.785109
0.735212
0.722962
0.667449
0.691758
0.668085
0.796473
0.782316
0.691912
0.69625
0.672249
0.678962
0.565778
0.637877
0.622362
0.645306
0.765365
0.613789
0.411699
0.334879
0.315252
0.308141
0.261629
0.285646
0.304077
0.342795
0.608467
0.544484
0.303212
0.248917
0.236142
0.216283
0.207171
0.209244
0.225319
0.277808
0.607508
0.437474
0.262243
0.243197
0.228398
0.206288
0.20043
0.203333
0.215622
0.259598
0.593595
0.322344
0.241757
0.244846
0.23479
0.212051
0.207555
0.2139
0.21583
0.244652
0.577672
0.256691
0.225234
0.251506
0.250414
0.22607
0.226539
0.23439
0.223698
0.242744
0.557067
0.22161
0.213355
0.256961
0.274779
0.250564
0.261359
0.266725
0.241207
0.242305
0.573339
0.214869
0.208492
0.254769
0.311589
0.296909
0.317587
0.321324
0.275673
0.255775
0.583787
0.216456
0.202581
0.241694
0.33598
0.344042
0.366772
0.37775
0.329316
0.266147
0.553166
0.219821
0.200363
0.250925
0.350543
0.384377
0.410468
0.417191
0.371193
0.285441
0.559387
0.219821
0.200362
0.250968
0.350592
0.384308
0.410408
0.417152
0.371142
0.285419
0.559449
0.216461
0.202579
0.241744
0.336175
0.343593
0.366622
0.377671
0.329144
0.266095
0.553247
0.214874
0.20849
0.254788
0.311548
0.296781
0.317411
0.321143
0.275494
0.255762
0.583976
0.221609
0.213353
0.256974
0.274541
0.250386
0.261216
0.266585
0.241111
0.242309
0.573678
0.256698
0.22524
0.25151
0.250409
0.226145
0.226514
0.234318
0.223644
0.242771
0.55742
0.322376
0.241768
0.244844
0.23477
0.212027
0.207531
0.213864
0.215812
0.24468
0.578048
0.437516
0.262254
0.243205
0.228379
0.206264
0.20041
0.203321
0.215629
0.259713
0.593945
0.544444
0.303168
0.248895
0.236105
0.216249
0.207155
0.20925
0.225347
0.277863
0.607843
0.613701
0.411555
0.334599
0.315029
0.308035
0.261645
0.285746
0.304012
0.342784
0.608619
0.782296
0.691725
0.695871
0.672051
0.678826
0.565908
0.638197
0.622255
0.645367
0.765368
0.697569
0.657136
0.660092
0.558633
0.585756
0.601486
0.55785
0.507971
0.563774
0.698249
0.608476
0.366062
0.314596
0.250193
0.254966
0.258061
0.263432
0.265725
0.31222
0.570346
0.589434
0.282023
0.224946
0.210493
0.197549
0.195391
0.199783
0.222936
0.26632
0.550637
0.560512
0.257821
0.224854
0.211094
0.192096
0.189268
0.193997
0.213729
0.245982
0.517355
0.497757
0.238029
0.221989
0.211943
0.194822
0.190983
0.196466
0.211764
0.239731
0.530337
0.439024
0.226114
0.220166
0.217524
0.204211
0.202106
0.211735
0.214514
0.234822
0.536871
0.37996
0.215266
0.218185
0.234175
0.223207
0.226643
0.238827
0.225702
0.236614
0.556219
0.333708
0.21217
0.216536
0.25275
0.251576
0.264591
0.278762
0.253833
0.24045
0.514596
0.30181
0.207549
0.212442
0.270135
0.283152
0.303629
0.319394
0.293939
0.250046
0.516767
0.28868
0.205591
0.215006
0.28422
0.313863
0.345306
0.353948
0.323178
0.261488
0.522089
0.288685
0.205589
0.215022
0.284274
0.313815
0.345219
0.353898
0.323131
0.26147
0.522157
0.301828
0.207548
0.212465
0.270371
0.283
0.303342
0.319185
0.293781
0.250008
0.516896
0.333718
0.212169
0.216552
0.252868
0.251524
0.264426
0.27857
0.253686
0.240427
0.514749
0.379977
0.215272
0.218198
0.234291
0.2232
0.226568
0.238681
0.225622
0.236621
0.556467
0.439035
0.226121
0.220177
0.217498
0.204123
0.202026
0.211649
0.214472
0.234833
0.537147
0.497757
0.238033
0.221997
0.211935
0.19474
0.190946
0.196435
0.211747
0.23975
0.530633
0.560423
0.257819
0.224859
0.211079
0.192074
0.189252
0.193985
0.213733
0.246042
0.517654
0.589298
0.28196
0.224926
0.210468
0.197526
0.195382
0.199782
0.222971
0.266355
0.550965
0.608346
0.365844
0.314321
0.250024
0.254894
0.258095
0.263481
0.265753
0.312285
0.570538
0.697526
0.656997
0.659836
0.558379
0.585771
0.601669
0.55798
0.507798
0.563978
0.69859
0.714117
0.530949
0.510022
0.537677
0.506202
0.530593
0.503169
0.453453
0.540375
0.674748
0.601146
0.281586
0.236223
0.225131
0.217454
0.234776
0.238537
0.261156
0.312636
0.561539
0.585907
0.241276
0.198463
0.191322
0.188379
0.191178
0.198443
0.234368
0.27613
0.54196
0.5766
0.22702
0.196601
0.189304
0.184054
0.185117
0.19204
0.223078
0.253382
0.526117
0.549237
0.215935
0.195569
0.18989
0.183431
0.183722
0.19075
0.216957
0.244223
0.502183
0.53082
0.210568
0.195305
0.192096
0.186678
0.186647
0.194339
0.215308
0.237605
0.501238
0.505375
0.207056
0.197815
0.199401
0.194471
0.194279
0.204303
0.218941
0.236919
0.484795
0.481837
0.208524
0.198537
0.205923
0.205871
0.209997
0.229892
0.231617
0.239054
0.490124
0.45971
0.20589
0.198037
0.211895
0.22391
0.235937
0.264048
0.253834
0.246022
0.495785
0.448848
0.204838
0.198536
0.220551
0.246094
0.271706
0.291814
0.274588
0.25092
0.461178
0.448861
0.204836
0.198539
0.220567
0.246059
0.271643
0.291768
0.274553
0.250907
0.461243
0.45972
0.205889
0.198042
0.21198
0.223756
0.23583
0.263964
0.253768
0.246002
0.495867
0.481843
0.208524
0.198541
0.205961
0.205888
0.21002
0.229801
0.231558
0.239037
0.490247
0.505375
0.207071
0.197819
0.199418
0.19449
0.194286
0.204253
0.218886
0.236911
0.484962
0.530777
0.21057
0.19531
0.192124
0.186667
0.18661
0.194309
0.215275
0.237606
0.501428
0.549115
0.215933
0.195573
0.189894
0.183414
0.183703
0.190723
0.216934
0.244218
0.502355
0.576442
0.226978
0.196594
0.189298
0.184042
0.185104
0.192028
0.223131
0.253423
0.526262
0.58573
0.241199
0.198442
0.191309
0.188372
0.191176
0.198442
0.234308
0.276169
0.541969
0.601007
0.281389
0.236107
0.225079
0.2175
0.234779
0.238554
0.260958
0.312637
0.561647
0.71413
0.53067
0.510001
0.537625
0.506429
0.530662
0.503306
0.453853
0.541141
0.675223
0.652935
0.464008
0.421304
0.324334
0.386761
0.416552
0.423455
0.457623
0.506705
0.733325
0.581211
0.242799
0.2097
0.197321
0.199888
0.218106
0.23428
0.284947
0.337978
0.623103
0.570024
0.212753
0.188245
0.18584
0.187853
0.193444
0.204848
0.261888
0.306644
0.608178
0.566631
0.203239
0.184002
0.182478
0.1825
0.186265
0.196704
0.241617
0.27526
0.547186
0.54458
0.198321
0.183409
0.181491
0.180765
0.183387
0.192562
0.232706
0.264522
0.53102
0.534007
0.192969
0.18516
0.183173
0.180363
0.182416
0.191769
0.225605
0.253926
0.499504
0.526364
0.192159
0.186632
0.185581
0.182506
0.183845
0.193654
0.225815
0.250916
0.484503
0.519457
0.193687
0.188326
0.187921
0.185474
0.186874
0.198256
0.228395
0.246882
0.478992
0.505801
0.194279
0.1888
0.189579
0.189603
0.193657
0.210123
0.238224
0.250511
0.481604
0.498408
0.193944
0.188883
0.191088
0.19449
0.203106
0.22522
0.246159
0.25258
0.474697
0.498419
0.193941
0.188882
0.191088
0.194482
0.203083
0.225201
0.246146
0.25257
0.474728
0.505812
0.194278
0.188799
0.189585
0.189595
0.193578
0.210102
0.238217
0.250508
0.481647
0.51941
0.193686
0.188325
0.187927
0.185484
0.186857
0.198206
0.228361
0.246871
0.479053
0.526264
0.192147
0.186631
0.185574
0.182542
0.183758
0.193615
0.225776
0.250895
0.484557
0.533903
0.192969
0.18516
0.183168
0.180369
0.182479
0.191752
0.225576
0.253901
0.499537
0.544444
0.198318
0.183408
0.181492
0.180763
0.183389
0.192548
0.232628
0.264477
0.530973
0.566471
0.203222
0.184001
0.182475
0.182494
0.18626
0.196696
0.241607
0.27524
0.54708
0.569875
0.21272
0.18824
0.185834
0.187851
0.193444
0.204849
0.262044
0.306756
0.607803
0.581064
0.242731
0.209706
0.197305
0.199888
0.218107
0.23429
0.285036
0.337981
0.622902
0.652899
0.463844
0.421505
0.324315
0.386826
0.416573
0.423594
0.457933
0.507283
0.73325
0.645074
0.344213
0.326432
0.346299
0.404344
0.357811
0.395353
0.51611
0.574389
0.937317
0.583512
0.225812
0.202954
0.207625
0.219441
0.228264
0.251996
0.348301
0.435361
0.819787
0.547344
0.208017
0.188561
0.190855
0.197272
0.209999
0.228737
0.315263
0.404672
0.787588
0.529462
0.196854
0.183035
0.183771
0.187186
0.19627
0.211499
0.281118
0.325903
0.684103
0.500467
0.190074
0.181591
0.181324
0.182746
0.189844
0.203923
0.268529
0.306243
0.648379
0.482038
0.186856
0.182468
0.181348
0.180997
0.185324
0.196739
0.250091
0.276663
0.572143
0.471147
0.186021
0.18337
0.182452
0.180786
0.183784
0.194387
0.244212
0.272986
0.543574
0.463187
0.186336
0.184377
0.183453
0.18169
0.183692
0.194134
0.239966
0.266487
0.502139
0.452801
0.186188
0.18488
0.184325
0.182224
0.185211
0.196484
0.242288
0.266859
0.498558
0.447375
0.186051
0.18489
0.184757
0.183229
0.186976
0.199535
0.243662
0.265026
0.488844
0.447385
0.186049
0.184889
0.184754
0.183229
0.186968
0.199524
0.243654
0.265021
0.488835
0.452811
0.186188
0.184878
0.184317
0.182228
0.185134
0.196403
0.24231
0.266881
0.498536
0.463148
0.186336
0.184374
0.183446
0.181702
0.183671
0.194076
0.23996
0.266498
0.502141
0.471069
0.186017
0.183368
0.182442
0.18081
0.183756
0.194342
0.24419
0.272978
0.543477
0.481943
0.186854
0.182466
0.181343
0.181011
0.185334
0.196724
0.250049
0.276645
0.57197
0.500362
0.190071
0.18159
0.18133
0.182768
0.189878
0.203929
0.268541
0.306118
0.648137
0.529346
0.196843
0.183034
0.183776
0.187205
0.196295
0.211502
0.28108
0.32569
0.683765
0.547233
0.208
0.188558
0.190858
0.197285
0.210009
0.228704
0.315419
0.404521
0.787214
0.583372
0.22579
0.202966
0.207624
0.21946
0.228284
0.252
0.348291
0.435079
0.819368
0.645056
0.344238
0.326651
0.34642
0.40444
0.358053
0.395763
0.516697
0.574155
0.936898
0.656176
0.403999
0.385932
0.407004
0.420308
0.427565
0.484364
0.67455
0.926023
1.14268
0.606036
0.315786
0.297237
0.310018
0.32081
0.34047
0.381872
0.554017
0.800166
1.09135
0.583583
0.302028
0.285401
0.298762
0.309898
0.331614
0.367626
0.531981
0.764536
1.06937
0.550551
0.281626
0.266227
0.279357
0.291281
0.3098
0.3317
0.455803
0.650022
1.00477
0.529076
0.273334
0.257281
0.270246
0.284098
0.302216
0.321236
0.430903
0.606601
0.968106
0.504116
0.263924
0.244162
0.256948
0.271329
0.286952
0.30015
0.382568
0.505066
0.894028
0.49202
0.257337
0.238621
0.250762
0.264918
0.281285
0.293521
0.368574
0.475569
0.857975
0.482675
0.253486
0.235199
0.245543
0.257241
0.270713
0.281031
0.345439
0.429758
0.804332
0.475845
0.252217
0.234984
0.244281
0.254178
0.266548
0.277011
0.340501
0.415841
0.778733
0.471862
0.252313
0.236039
0.242894
0.25037
0.261034
0.271168
0.331766
0.400792
0.755025
0.471872
0.252309
0.236036
0.242901
0.250377
0.26104
0.27117
0.331762
0.400773
0.754977
0.475845
0.252207
0.234984
0.244293
0.254171
0.266572
0.276996
0.340471
0.415826
0.778679
0.48264
0.253471
0.235196
0.245573
0.257163
0.270669
0.280973
0.34539
0.429715
0.804231
0.491951
0.257325
0.238614
0.250788
0.264844
0.281203
0.293445
0.368506
0.47545
0.85783
0.50403
0.263918
0.244155
0.256999
0.271282
0.286903
0.300096
0.382483
0.50487
0.893818
0.52897
0.273314
0.257267
0.270286
0.284052
0.302178
0.321174
0.430733
0.606304
0.967869
0.550439
0.281606
0.266215
0.279389
0.291257
0.309765
0.331629
0.45561
0.649607
1.00448
0.583464
0.302014
0.285402
0.298784
0.309911
0.331582
0.367496
0.531517
0.764123
1.06915
0.605888
0.315751
0.297223
0.310035
0.320806
0.340425
0.381711
0.553744
0.799702
1.09113
0.65609
0.403989
0.385986
0.407125
0.420353
0.427616
0.484432
0.674395
0.925576
1.14254
)
;

boundaryField
{
    side
    {
        type            calculated;
        value           nonuniform List<scalar> 
800
(
1.17983
1.17983
1.17983
1.17983
1.17983
1.17983
1.17983
1.17983
1.17983
1.17983
1.17983
1.17983
1.17983
1.17983
1.17983
1.17983
1.17983
1.17983
1.17983
1.17983
1.17982
1.17982
1.17982
1.17982
1.17982
1.17982
1.17982
1.17982
1.17982
1.17982
1.17982
1.17982
1.17982
1.17982
1.17982
1.17982
1.17982
1.17982
1.17982
1.17982
1.1798
1.1798
1.1798
1.1798
1.1798
1.1798
1.1798
1.1798
1.1798
1.1798
1.1798
1.1798
1.1798
1.1798
1.1798
1.1798
1.1798
1.1798
1.1798
1.1798
1.17812
1.17746
1.17979
1.17979
1.17979
1.17979
1.17979
1.17979
1.17979
1.17979
1.17979
1.17979
1.17979
1.17979
1.17979
1.17979
1.17979
1.17979
1.17746
1.17811
1.17061
1.16428
1.17978
1.17978
1.17978
1.17978
1.17978
1.17978
1.17978
1.17977
1.17977
1.17978
1.17978
1.17978
1.17978
1.17978
1.17978
1.17978
1.16427
1.1706
1.13942
1.17976
1.17976
1.17976
1.17976
1.17976
1.17976
1.17976
1.17976
1.17976
1.17976
1.17976
1.17976
1.17976
1.17976
1.17976
1.17976
1.17976
1.17976
1.1394
1.17975
1.17975
1.17975
1.17975
1.17975
1.17975
1.17975
1.17975
1.17975
1.17975
1.17975
1.17975
1.17975
1.17975
1.17975
1.17975
1.17975
1.17975
1.17975
1.17975
1.17974
1.17974
1.17973
1.17973
1.17973
1.17973
1.17973
1.17973
1.17973
1.17973
1.17973
1.17973
1.17973
1.17973
1.17973
1.17973
1.17973
1.17973
1.17974
1.17974
1.17972
1.17972
1.17972
1.17972
1.17972
1.17972
1.17972
1.17972
1.17972
1.17972
1.17972
1.17972
1.17972
1.17972
1.17972
1.17972
1.17972
1.17972
1.17972
1.17972
1.17971
1.17971
1.17971
1.17971
1.17971
1.17971
1.17971
1.17971
1.17971
1.17971
1.17971
1.17971
1.17971
1.17971
1.17971
1.17971
1.17971
1.17971
1.17971
1.17971
1.1797
1.17969
1.17969
1.17969
1.17969
1.17969
1.17969
1.17969
1.17969
1.17969
1.17969
1.17969
1.17969
1.17969
1.17969
1.17969
1.17969
1.17969
1.17969
1.1797
1.1797
1.17968
1.17968
1.17968
1.17968
1.17968
1.17968
1.17968
1.17968
1.17968
1.17968
1.17968
1.17968
1.17968
1.17968
1.17968
1.17968
1.17968
1.17968
1.1797
0.825742
1.1797
1.17967
1.17974
0.733391
1.17976
1.17967
1.17967
1.17967
1.17967
1.17967
1.17967
1.17967
1.17967
1.17976
0.733662
1.17974
1.17967
1.1797
0.825928
0.755857
1.17965
0.659712
1.17975
1.17965
1.17965
1.17965
0.609964
1.17965
1.17965
1.17965
1.17965
0.610123
1.17965
1.17965
1.17965
1.17975
0.660235
1.17965
0.755597
0.722752
0.60281
1.17977
1.17964
1.17984
1.17964
1.17985
0.589665
1.17964
1.17964
1.17964
1.17964
0.589815
1.17985
1.17964
1.17984
1.17964
1.17977
0.602934
0.722945
1.1797
0.579803
1.1798
0.528647
0.538943
1.17989
1.17989
1.17963
1.17963
1.17963
1.17963
1.17963
1.17963
1.17989
1.17989
0.5392
0.528865
1.1798
0.579927
1.1797
0.699769
0.590403
1.17978
1.17981
0.52903
0.515226
1.17994
1.17993
1.17993
0.477768
0.477834
1.17993
1.17993
1.17994
0.515361
0.529155
1.17981
1.17978
0.590428
0.700173
0.825913
0.715824
0.694646
0.616834
0.595545
0.539609
0.520261
1.17989
1.1799
1.17991
1.17991
1.1799
1.17989
0.520253
0.539562
0.595406
0.616613
0.694383
0.715473
0.825444
1.04051
0.949327
0.920712
0.82236
0.782192
0.69484
0.66164
0.609378
0.593373
0.572724
0.572682
0.593339
0.609335
0.661524
0.694649
0.7819
0.821973
0.920372
0.948935
1.04013
1.1659
1.14091
1.12824
1.09023
1.06543
1.01478
0.985723
0.940187
0.918515
0.899084
0.899049
0.918466
0.940107
0.985599
1.01462
1.06526
1.09005
1.12811
1.14079
1.16584
1.17983
1.17982
1.13561
1.17979
1.17978
1.17976
1.17974
1.17973
1.17971
1.1797
1.17969
1.17968
0.762486
1.17965
1.17969
0.706318
1.17969
0.681335
0.679979
0.721788
1.17983
1.17982
1.15472
1.17979
1.17978
1.17976
1.17974
1.17973
1.17971
1.1797
1.17969
1.17968
1.17967
1.17973
0.701747
1.17982
0.564362
1.17997
0.376886
0.454592
1.17983
1.17982
1.1798
1.17979
1.17977
1.17976
1.17974
1.17973
1.17971
1.1797
1.17969
1.17968
1.17967
1.17965
1.17964
1.17982
0.545671
0.459763
0.373364
0.439551
1.17983
1.17981
1.1798
1.17979
1.17977
1.17976
1.17974
1.17973
1.17971
1.1797
1.17969
1.17968
1.17967
1.17965
0.705553
0.587488
1.17998
0.357847
0.378105
0.464666
1.17983
1.17982
1.1798
1.17979
1.17977
1.17976
1.17974
1.17973
1.17971
1.1797
1.17969
1.17968
1.17967
1.17965
1.17975
0.626903
0.563913
0.489428
1.18
0.46937
1.17983
1.17982
1.1798
1.17979
1.17977
1.17976
1.17974
1.17973
1.17971
1.1797
1.17969
1.17968
1.17967
1.17972
0.597357
1.17981
1.17985
1.17994
0.386
0.491265
1.17983
1.17982
1.1798
1.17979
1.17977
1.17976
1.17974
1.17973
1.17972
1.1797
1.17969
1.17968
0.77308
1.17973
0.679954
0.589447
1.17987
1.17991
0.421797
0.58354
1.17983
1.17982
1.1798
1.17979
1.17977
1.17976
1.17974
1.17973
1.17972
1.17971
1.17969
1.17968
1.17967
1.17965
1.17964
0.5351
0.491234
0.518311
1.17979
0.81023
1.17983
1.17982
1.1798
1.17979
1.17978
1.17976
1.17975
1.17973
1.17972
1.17971
1.17969
1.17968
1.17971
1.17965
1.17974
0.594169
1.17979
0.559758
0.693166
1.04032
1.17983
1.17982
1.17879
1.17812
1.17061
1.17976
1.17975
1.17974
1.17972
1.17971
1.17969
1.17968
0.825741
1.17971
1.1797
0.687814
0.699769
0.825913
1.04051
1.1659
1.17983
1.17982
1.13561
1.17979
1.17978
1.17976
1.17974
1.17973
1.17971
1.1797
1.17969
1.17968
0.76247
1.17965
1.17969
0.706296
1.17969
0.681375
0.680004
0.721694
1.17983
1.17982
1.15472
1.17979
1.17978
1.17976
1.17974
1.17973
1.17971
1.1797
1.17969
1.17968
1.17967
1.17973
0.701564
1.17982
0.564136
1.17996
0.376933
0.454593
1.17983
1.17982
1.1798
1.17979
1.17977
1.17976
1.17974
1.17973
1.17971
1.1797
1.17969
1.17968
1.17967
1.17965
1.17964
1.17982
0.545757
0.460016
0.373641
0.439617
1.17983
1.17981
1.1798
1.17979
1.17977
1.17976
1.17974
1.17973
1.17971
1.1797
1.17969
1.17968
1.17967
1.17965
0.705345
0.587278
1.17997
0.357812
0.378267
0.464804
1.17983
1.17982
1.1798
1.17979
1.17977
1.17976
1.17974
1.17973
1.17971
1.1797
1.17969
1.17968
1.17967
1.17965
1.17975
0.626978
0.564184
0.489552
1.18
0.469435
1.17983
1.17982
1.1798
1.17979
1.17977
1.17976
1.17974
1.17973
1.17971
1.1797
1.17969
1.17968
1.17967
1.17972
0.597545
1.17981
1.17985
1.17994
0.386326
0.491328
1.17983
1.17982
1.1798
1.17979
1.17977
1.17976
1.17974
1.17973
1.17972
1.1797
1.17969
1.17968
0.773105
1.17973
0.680282
0.58959
1.17987
1.1799
0.422361
0.583485
1.17983
1.17982
1.1798
1.17979
1.17977
1.17976
1.17974
1.17973
1.17972
1.17971
1.17969
1.17968
1.17967
1.17965
1.17964
0.534958
0.491903
0.518804
1.17978
0.809703
1.17983
1.17982
1.1798
1.17979
1.17978
1.17976
1.17975
1.17973
1.17972
1.17971
1.17969
1.17968
1.17971
1.17965
1.17974
0.594445
1.17979
0.560502
0.692654
1.03994
1.17983
1.17982
1.17879
1.17811
1.1706
1.17976
1.17975
1.17974
1.17972
1.17971
1.17969
1.17968
0.825927
1.17971
1.1797
0.688115
0.700173
0.825444
1.04013
1.16584
)
;
    }
    outlet
    {
        type            calculated;
        value           nonuniform List<scalar> 
200
(
0.721785
0.685919
0.664964
0.629404
0.607379
0.5772
0.56438
0.554105
0.547012
0.542543
0.542556
0.547014
0.554063
0.56429
0.577089
0.607251
0.629271
0.664814
0.685755
0.721691
0.454591
0.352281
0.332714
0.306842
0.295776
1.18212
1.18284
1.18314
1.18346
1.18352
1.18352
1.18346
1.18314
1.18284
1.18212
0.295741
0.306807
0.332679
0.352222
0.454592
0.43955
0.329289
0.312518
0.288899
0.27796
0.261415
0.255425
0.251222
0.25125
0.252325
0.252321
0.25125
0.251218
0.255415
0.261402
0.277937
0.288879
0.312502
0.329257
0.439616
0.464665
0.344149
0.328797
0.303194
0.291948
0.274981
0.268119
0.261255
0.259831
0.25791
0.257915
0.259837
0.261272
0.268144
0.275025
0.291971
0.303213
0.328798
0.344137
0.464803
0.469369
0.356821
0.342372
0.315547
0.306449
0.289843
0.282426
0.272244
0.268969
0.264554
0.264559
0.268955
0.272146
0.282341
0.289767
0.306372
0.315509
0.342359
0.356795
0.469434
0.491264
0.387052
0.374717
0.3419
0.331278
0.307726
0.300916
0.286605
0.28162
0.275458
0.275461
0.281646
0.286537
0.300819
0.307657
0.331198
0.34182
0.374633
0.386953
0.491327
0.583539
0.466761
0.447697
0.387783
0.369552
0.332804
0.323685
0.304569
0.299504
0.292316
0.292315
0.299471
0.304486
0.3236
0.332734
0.369417
0.387622
0.447444
0.466496
0.583483
0.810226
0.707524
0.67982
0.584774
0.546741
0.468645
0.443658
0.404094
0.394432
0.381187
0.381179
0.394391
0.404037
0.443551
0.468499
0.546439
0.584433
0.679484
0.707153
0.8097
1.04031
0.94756
0.916575
0.812518
0.766915
0.669856
0.631658
0.565963
0.53619
0.510891
0.510858
0.536148
0.565867
0.631501
0.669614
0.766579
0.812085
0.916203
0.947149
1.03993
1.16589
1.1409
1.12823
1.09023
1.06543
1.01478
0.985718
0.940182
0.918511
0.89908
0.899045
0.918462
0.940103
0.985594
1.01461
1.06526
1.09004
1.12811
1.14078
1.16584
)
;
    }
    ground
    {
        type            calculated;
        value           nonuniform List<scalar> 
160
(
1.07699
0.993977
0.919461
0.896306
0.896475
0.904477
0.924453
0.931768
0.926173
0.902557
0.902551
0.926168
0.931762
0.924447
0.904477
0.896477
0.896312
0.919474
0.993994
1.077
1.17851
1.17781
1.17643
1.17345
1.17035
1.1583
1.14909
1.12262
1.1079
1.10849
1.10849
1.1079
1.12262
1.14909
1.1583
1.17035
1.17345
1.17643
1.17781
1.17851
1.17969
1.17951
1.17892
1.17685
1.16844
1.15802
1.15657
1.15785
1.15989
1.161
1.161
1.15989
1.15785
1.15657
1.15802
1.16844
1.17685
1.17892
1.17951
1.17969
1.17967
1.17929
1.17717
1.17399
1.17374
1.17428
1.1749
1.17524
1.17518
1.17502
1.17502
1.17518
1.17524
1.1749
1.17428
1.17374
1.17399
1.17717
1.17929
1.17967
1.17958
1.17912
1.17824
1.17793
1.17785
1.17781
1.17777
1.17773
1.17769
1.17769
1.17769
1.17769
1.17772
1.17777
1.17781
1.17785
1.17793
1.17824
1.17912
1.17958
1.17944
1.17904
1.17876
1.17867
1.17862
1.17857
1.17852
1.17847
1.17844
1.17842
1.17842
1.17844
1.17847
1.17852
1.17857
1.17862
1.17867
1.17876
1.17904
1.17944
1.17927
1.17899
1.1789
1.17888
1.17887
1.17886
1.17886
1.17887
1.17887
1.17887
1.17887
1.17887
1.17887
1.17886
1.17886
1.17887
1.17888
1.1789
1.17899
1.17927
1.17914
1.17908
1.17911
1.17915
1.17918
1.17922
1.17925
1.17927
1.17929
1.17929
1.17929
1.17929
1.17927
1.17925
1.17922
1.17918
1.17915
1.17911
1.17908
1.17914
)
;
    }
    inlet
    {
        type            calculated;
        value           nonuniform List<scalar> 
40
(
1.79322
1.79375
1.7943
1.79542
1.79613
1.79689
1.79645
1.79636
1.79654
1.79647
1.79646
1.79654
1.79636
1.79645
1.79689
1.79613
1.79542
1.7943
1.79375
1.79322
1.79322
1.79374
1.79438
1.79455
1.7944
1.79396
1.79368
1.79359
1.7935
1.79349
1.79349
1.7935
1.79359
1.79368
1.79396
1.7944
1.79455
1.79438
1.79374
1.79322
)
;
    }
    region0_to_pyrolysisRegion_coupledWall
    {
        type            calculated;
        value           nonuniform List<scalar> 
400
(
1.14521
1.04324
1.00687
1.04491
1.09143
1.15649
1.15734
1.16671
1.1972
1.20631
1.20625
1.19701
1.16664
1.15732
1.15649
1.09143
1.04491
1.00687
1.04324
1.1452
1.16291
1.12091
1.05841
1.00014
0.96315
0.969278
0.997841
0.991299
1.00473
1.03124
1.03124
1.00482
0.991293
0.997844
0.969286
0.963152
1.00014
1.0584
1.12092
1.16291
1.17179
1.15396
1.13218
1.0743
0.988822
0.937431
0.918537
0.922477
0.930344
0.946228
0.946248
0.93041
0.922476
0.918541
0.937438
0.988814
1.07428
1.13217
1.15395
1.17178
1.17466
1.15609
1.1416
1.11894
1.07138
0.967881
0.905682
0.880122
0.887057
0.905415
0.905442
0.887119
0.880143
0.905695
0.967892
1.07137
1.11894
1.14161
1.1561
1.17469
1.17554
1.15472
1.13877
1.12197
1.10176
1.04211
0.924135
0.864109
0.857389
0.878181
0.878215
0.857487
0.864143
0.924158
1.04212
1.10175
1.12196
1.13875
1.15469
1.17554
1.17389
1.15045
1.13527
1.11935
1.10696
1.08017
0.978215
0.869036
0.84096
0.860858
0.860898
0.841072
0.869078
0.978257
1.08018
1.10696
1.11935
1.13527
1.15043
1.17388
1.17261
1.14946
1.13095
1.1145
1.10584
1.0881
1.03228
0.891784
0.837434
0.848749
0.848786
0.837537
0.891835
1.03233
1.08811
1.10584
1.11451
1.13096
1.14946
1.17261
1.17046
1.14373
1.12519
1.10587
1.09891
1.08695
1.04571
0.921335
0.840984
0.842944
0.842981
0.841078
0.921404
1.04575
1.08696
1.09891
1.10588
1.12521
1.14376
1.17046
1.16836
1.14555
1.12505
1.09324
1.08809
1.07918
1.04301
0.929987
0.842419
0.841486
0.841512
0.842492
0.93004
1.04304
1.07919
1.0881
1.09324
1.12507
1.14557
1.16837
1.16453
1.14783
1.11314
1.07865
1.07066
1.07025
1.03667
0.930809
0.849342
0.847404
0.847425
0.849401
0.930833
1.0367
1.07025
1.07067
1.07867
1.11317
1.14784
1.16453
1.15547
1.13441
1.09365
1.05679
1.06062
1.06051
1.02615
0.927535
0.862026
0.860442
0.860456
0.862072
0.927525
1.02616
1.06052
1.06063
1.0568
1.09368
1.13443
1.15547
1.14719
1.13002
1.08472
1.04029
1.03735
1.0313
0.994498
0.91349
0.87781
0.877327
0.877319
0.877842
0.913462
0.994479
1.03129
1.03735
1.0403
1.08474
1.13003
1.14719
1.1386
1.12097
1.08426
1.03557
1.00415
0.983024
0.94899
0.905437
0.891549
0.892152
0.892157
0.891559
0.905415
0.948957
0.983005
1.00414
1.03558
1.08428
1.12097
1.13859
1.13597
1.12256
1.10884
1.06901
1.02483
0.986286
0.958188
0.9367
0.9284
0.927631
0.927625
0.928388
0.936668
0.958161
0.986265
1.02483
1.06902
1.10884
1.12255
1.13596
1.12932
1.11888
1.11038
1.09634
1.07377
1.04926
1.02512
1.00954
1.001
0.995321
0.995322
1.00099
1.00953
1.02511
1.04926
1.07378
1.09634
1.11037
1.11886
1.12931
1.12554
1.11097
1.10182
1.0927
1.08219
1.07296
1.06447
1.05792
1.05281
1.05017
1.05017
1.05282
1.05792
1.06448
1.07296
1.08218
1.09269
1.10181
1.11095
1.12553
1.12466
1.11074
1.10043
1.0915
1.08285
1.07592
1.07073
1.06689
1.06442
1.06324
1.06324
1.06442
1.06689
1.07073
1.07591
1.08284
1.09148
1.10042
1.11073
1.12465
1.16715
1.16362
1.16315
1.16254
1.16141
1.16052
1.16002
1.15963
1.15926
1.15908
1.15908
1.15926
1.15962
1.16002
1.16051
1.1614
1.16253
1.16315
1.16361
1.16715
1.17628
1.17562
1.17535
1.1753
1.17505
1.17492
1.17499
1.17498
1.17498
1.17494
1.17494
1.17498
1.17498
1.17498
1.17492
1.17505
1.17529
1.17535
1.17562
1.17628
1.17657
1.17611
1.17608
1.17582
1.17572
1.1755
1.17555
1.17549
1.17553
1.17551
1.17551
1.17553
1.17549
1.17555
1.17549
1.17572
1.17581
1.17608
1.1761
1.17657
)
;
    }
}


// ************************************************************************* //
