/*--------------------------------*- C++ -*----------------------------------*\
  =========                 |
  \\      /  F ield         | OpenFOAM: The Open Source CFD Toolbox
   \\    /   O peration     | Website:  https://openfoam.org
    \\  /    A nd           | Version:  7
     \\/     M anipulation  |
\*---------------------------------------------------------------------------*/
FoamFile
{
    version     2.0;
    format      ascii;
    class       labelList;
    note        "nPoints:4851  nCells:4000  nFaces:12800  nInternalFaces:11200";
    location    "constant/polyMesh";
    object      neighbour;
}
// * * * * * * * * * * * * * * * * * * * * * * * * * * * * * * * * * * * * * //


11200
(
1
10
200
2
11
201
3
12
202
4
13
203
5
14
204
6
15
205
7
16
206
8
17
207
9
18
208
19
209
11
20
210
12
21
211
13
22
212
14
23
213
15
24
214
16
25
215
17
26
216
18
27
217
19
28
218
29
219
21
30
220
22
31
221
23
32
222
24
33
223
25
34
224
26
35
225
27
36
226
28
37
227
29
38
228
39
229
31
40
230
32
41
231
33
42
232
34
43
233
35
44
234
36
45
235
37
46
236
38
47
237
39
48
238
49
239
41
50
240
42
51
241
43
52
242
44
53
243
45
54
244
46
55
245
47
56
246
48
57
247
49
58
248
59
249
51
60
250
52
61
251
53
62
252
54
63
253
55
64
254
56
65
255
57
66
256
58
67
257
59
68
258
69
259
61
70
260
62
71
261
63
72
262
64
73
263
65
74
264
66
75
265
67
76
266
68
77
267
69
78
268
79
269
71
80
270
72
81
271
73
82
272
74
83
273
75
84
274
76
85
275
77
86
276
78
87
277
79
88
278
89
279
81
90
280
82
91
281
83
92
282
84
93
283
85
94
284
86
95
285
87
96
286
88
97
287
89
98
288
99
289
91
100
290
92
101
291
93
102
292
94
103
293
95
104
294
96
105
295
97
106
296
98
107
297
99
108
298
109
299
101
110
300
102
111
301
103
112
302
104
113
303
105
114
304
106
115
305
107
116
306
108
117
307
109
118
308
119
309
111
120
310
112
121
311
113
122
312
114
123
313
115
124
314
116
125
315
117
126
316
118
127
317
119
128
318
129
319
121
130
320
122
131
321
123
132
322
124
133
323
125
134
324
126
135
325
127
136
326
128
137
327
129
138
328
139
329
131
140
330
132
141
331
133
142
332
134
143
333
135
144
334
136
145
335
137
146
336
138
147
337
139
148
338
149
339
141
150
340
142
151
341
143
152
342
144
153
343
145
154
344
146
155
345
147
156
346
148
157
347
149
158
348
159
349
151
160
350
152
161
351
153
162
352
154
163
353
155
164
354
156
165
355
157
166
356
158
167
357
159
168
358
169
359
161
170
360
162
171
361
163
172
362
164
173
363
165
174
364
166
175
365
167
176
366
168
177
367
169
178
368
179
369
171
180
370
172
181
371
173
182
372
174
183
373
175
184
374
176
185
375
177
186
376
178
187
377
179
188
378
189
379
181
190
380
182
191
381
183
192
382
184
193
383
185
194
384
186
195
385
187
196
386
188
197
387
189
198
388
199
389
191
390
192
391
193
392
194
393
195
394
196
395
197
396
198
397
199
398
399
201
210
400
202
211
401
203
212
402
204
213
403
205
214
404
206
215
405
207
216
406
208
217
407
209
218
408
219
409
211
220
410
212
221
411
213
222
412
214
223
413
215
224
414
216
225
415
217
226
416
218
227
417
219
228
418
229
419
221
230
420
222
231
421
223
232
422
224
233
423
225
234
424
226
235
425
227
236
426
228
237
427
229
238
428
239
429
231
240
430
232
241
431
233
242
432
234
243
433
235
244
434
236
245
435
237
246
436
238
247
437
239
248
438
249
439
241
250
440
242
251
441
243
252
442
244
253
443
245
254
444
246
255
445
247
256
446
248
257
447
249
258
448
259
449
251
260
450
252
261
451
253
262
452
254
263
453
255
264
454
256
265
455
257
266
456
258
267
457
259
268
458
269
459
261
270
460
262
271
461
263
272
462
264
273
463
265
274
464
266
275
465
267
276
466
268
277
467
269
278
468
279
469
271
280
470
272
281
471
273
282
472
274
283
473
275
284
474
276
285
475
277
286
476
278
287
477
279
288
478
289
479
281
290
480
282
291
481
283
292
482
284
293
483
285
294
484
286
295
485
287
296
486
288
297
487
289
298
488
299
489
291
300
490
292
301
491
293
302
492
294
303
493
295
304
494
296
305
495
297
306
496
298
307
497
299
308
498
309
499
301
310
500
302
311
501
303
312
502
304
313
503
305
314
504
306
315
505
307
316
506
308
317
507
309
318
508
319
509
311
320
510
312
321
511
313
322
512
314
323
513
315
324
514
316
325
515
317
326
516
318
327
517
319
328
518
329
519
321
330
520
322
331
521
323
332
522
324
333
523
325
334
524
326
335
525
327
336
526
328
337
527
329
338
528
339
529
331
340
530
332
341
531
333
342
532
334
343
533
335
344
534
336
345
535
337
346
536
338
347
537
339
348
538
349
539
341
350
540
342
351
541
343
352
542
344
353
543
345
354
544
346
355
545
347
356
546
348
357
547
349
358
548
359
549
351
360
550
352
361
551
353
362
552
354
363
553
355
364
554
356
365
555
357
366
556
358
367
557
359
368
558
369
559
361
370
560
362
371
561
363
372
562
364
373
563
365
374
564
366
375
565
367
376
566
368
377
567
369
378
568
379
569
371
380
570
372
381
571
373
382
572
374
383
573
375
384
574
376
385
575
377
386
576
378
387
577
379
388
578
389
579
381
390
580
382
391
581
383
392
582
384
393
583
385
394
584
386
395
585
387
396
586
388
397
587
389
398
588
399
589
391
590
392
591
393
592
394
593
395
594
396
595
397
596
398
597
399
598
599
401
410
600
402
411
601
403
412
602
404
413
603
405
414
604
406
415
605
407
416
606
408
417
607
409
418
608
419
609
411
420
610
412
421
611
413
422
612
414
423
613
415
424
614
416
425
615
417
426
616
418
427
617
419
428
618
429
619
421
430
620
422
431
621
423
432
622
424
433
623
425
434
624
426
435
625
427
436
626
428
437
627
429
438
628
439
629
431
440
630
432
441
631
433
442
632
434
443
633
435
444
634
436
445
635
437
446
636
438
447
637
439
448
638
449
639
441
450
640
442
451
641
443
452
642
444
453
643
445
454
644
446
455
645
447
456
646
448
457
647
449
458
648
459
649
451
460
650
452
461
651
453
462
652
454
463
653
455
464
654
456
465
655
457
466
656
458
467
657
459
468
658
469
659
461
470
660
462
471
661
463
472
662
464
473
663
465
474
664
466
475
665
467
476
666
468
477
667
469
478
668
479
669
471
480
670
472
481
671
473
482
672
474
483
673
475
484
674
476
485
675
477
486
676
478
487
677
479
488
678
489
679
481
490
680
482
491
681
483
492
682
484
493
683
485
494
684
486
495
685
487
496
686
488
497
687
489
498
688
499
689
491
500
690
492
501
691
493
502
692
494
503
693
495
504
694
496
505
695
497
506
696
498
507
697
499
508
698
509
699
501
510
700
502
511
701
503
512
702
504
513
703
505
514
704
506
515
705
507
516
706
508
517
707
509
518
708
519
709
511
520
710
512
521
711
513
522
712
514
523
713
515
524
714
516
525
715
517
526
716
518
527
717
519
528
718
529
719
521
530
720
522
531
721
523
532
722
524
533
723
525
534
724
526
535
725
527
536
726
528
537
727
529
538
728
539
729
531
540
730
532
541
731
533
542
732
534
543
733
535
544
734
536
545
735
537
546
736
538
547
737
539
548
738
549
739
541
550
740
542
551
741
543
552
742
544
553
743
545
554
744
546
555
745
547
556
746
548
557
747
549
558
748
559
749
551
560
750
552
561
751
553
562
752
554
563
753
555
564
754
556
565
755
557
566
756
558
567
757
559
568
758
569
759
561
570
760
562
571
761
563
572
762
564
573
763
565
574
764
566
575
765
567
576
766
568
577
767
569
578
768
579
769
571
580
770
572
581
771
573
582
772
574
583
773
575
584
774
576
585
775
577
586
776
578
587
777
579
588
778
589
779
581
590
780
582
591
781
583
592
782
584
593
783
585
594
784
586
595
785
587
596
786
588
597
787
589
598
788
599
789
591
790
592
791
593
792
594
793
595
794
596
795
597
796
598
797
599
798
799
601
610
800
602
611
801
603
612
802
604
613
803
605
614
804
606
615
805
607
616
806
608
617
807
609
618
808
619
809
611
620
810
612
621
811
613
622
812
614
623
813
615
624
814
616
625
815
617
626
816
618
627
817
619
628
818
629
819
621
630
820
622
631
821
623
632
822
624
633
823
625
634
824
626
635
825
627
636
826
628
637
827
629
638
828
639
829
631
640
830
632
641
831
633
642
832
634
643
833
635
644
834
636
645
835
637
646
836
638
647
837
639
648
838
649
839
641
650
840
642
651
841
643
652
842
644
653
843
645
654
844
646
655
845
647
656
846
648
657
847
649
658
848
659
849
651
660
850
652
661
851
653
662
852
654
663
853
655
664
854
656
665
855
657
666
856
658
667
857
659
668
858
669
859
661
670
860
662
671
861
663
672
862
664
673
863
665
674
864
666
675
865
667
676
866
668
677
867
669
678
868
679
869
671
680
870
672
681
871
673
682
872
674
683
873
675
684
874
676
685
875
677
686
876
678
687
877
679
688
878
689
879
681
690
880
682
691
881
683
692
882
684
693
883
685
694
884
686
695
885
687
696
886
688
697
887
689
698
888
699
889
691
700
890
692
701
891
693
702
892
694
703
893
695
704
894
696
705
895
697
706
896
698
707
897
699
708
898
709
899
701
710
900
702
711
901
703
712
902
704
713
903
705
714
904
706
715
905
707
716
906
708
717
907
709
718
908
719
909
711
720
910
712
721
911
713
722
912
714
723
913
715
724
914
716
725
915
717
726
916
718
727
917
719
728
918
729
919
721
730
920
722
731
921
723
732
922
724
733
923
725
734
924
726
735
925
727
736
926
728
737
927
729
738
928
739
929
731
740
930
732
741
931
733
742
932
734
743
933
735
744
934
736
745
935
737
746
936
738
747
937
739
748
938
749
939
741
750
940
742
751
941
743
752
942
744
753
943
745
754
944
746
755
945
747
756
946
748
757
947
749
758
948
759
949
751
760
950
752
761
951
753
762
952
754
763
953
755
764
954
756
765
955
757
766
956
758
767
957
759
768
958
769
959
761
770
960
762
771
961
763
772
962
764
773
963
765
774
964
766
775
965
767
776
966
768
777
967
769
778
968
779
969
771
780
970
772
781
971
773
782
972
774
783
973
775
784
974
776
785
975
777
786
976
778
787
977
779
788
978
789
979
781
790
980
782
791
981
783
792
982
784
793
983
785
794
984
786
795
985
787
796
986
788
797
987
789
798
988
799
989
791
990
792
991
793
992
794
993
795
994
796
995
797
996
798
997
799
998
999
801
810
1000
802
811
1001
803
812
1002
804
813
1003
805
814
1004
806
815
1005
807
816
1006
808
817
1007
809
818
1008
819
1009
811
820
1010
812
821
1011
813
822
1012
814
823
1013
815
824
1014
816
825
1015
817
826
1016
818
827
1017
819
828
1018
829
1019
821
830
1020
822
831
1021
823
832
1022
824
833
1023
825
834
1024
826
835
1025
827
836
1026
828
837
1027
829
838
1028
839
1029
831
840
1030
832
841
1031
833
842
1032
834
843
1033
835
844
1034
836
845
1035
837
846
1036
838
847
1037
839
848
1038
849
1039
841
850
1040
842
851
1041
843
852
1042
844
853
1043
845
854
1044
846
855
1045
847
856
1046
848
857
1047
849
858
1048
859
1049
851
860
1050
852
861
1051
853
862
1052
854
863
1053
855
864
1054
856
865
1055
857
866
1056
858
867
1057
859
868
1058
869
1059
861
870
1060
862
871
1061
863
872
1062
864
873
1063
865
874
1064
866
875
1065
867
876
1066
868
877
1067
869
878
1068
879
1069
871
880
1070
872
881
1071
873
882
1072
874
883
1073
875
884
1074
876
885
1075
877
886
1076
878
887
1077
879
888
1078
889
1079
881
890
1080
882
891
1081
883
892
1082
884
893
1083
885
894
1084
886
895
1085
887
896
1086
888
897
1087
889
898
1088
899
1089
891
900
1090
892
901
1091
893
902
1092
894
903
1093
895
904
1094
896
905
1095
897
906
1096
898
907
1097
899
908
1098
909
1099
901
910
1100
902
911
1101
903
912
1102
904
913
1103
905
914
1104
906
915
1105
907
916
1106
908
917
1107
909
918
1108
919
1109
911
920
1110
912
921
1111
913
922
1112
914
923
1113
915
924
1114
916
925
1115
917
926
1116
918
927
1117
919
928
1118
929
1119
921
930
1120
922
931
1121
923
932
1122
924
933
1123
925
934
1124
926
935
1125
927
936
1126
928
937
1127
929
938
1128
939
1129
931
940
1130
932
941
1131
933
942
1132
934
943
1133
935
944
1134
936
945
1135
937
946
1136
938
947
1137
939
948
1138
949
1139
941
950
1140
942
951
1141
943
952
1142
944
953
1143
945
954
1144
946
955
1145
947
956
1146
948
957
1147
949
958
1148
959
1149
951
960
1150
952
961
1151
953
962
1152
954
963
1153
955
964
1154
956
965
1155
957
966
1156
958
967
1157
959
968
1158
969
1159
961
970
1160
962
971
1161
963
972
1162
964
973
1163
965
974
1164
966
975
1165
967
976
1166
968
977
1167
969
978
1168
979
1169
971
980
1170
972
981
1171
973
982
1172
974
983
1173
975
984
1174
976
985
1175
977
986
1176
978
987
1177
979
988
1178
989
1179
981
990
1180
982
991
1181
983
992
1182
984
993
1183
985
994
1184
986
995
1185
987
996
1186
988
997
1187
989
998
1188
999
1189
991
1190
992
1191
993
1192
994
1193
995
1194
996
1195
997
1196
998
1197
999
1198
1199
1001
1010
1200
1002
1011
1201
1003
1012
1202
1004
1013
1203
1005
1014
1204
1006
1015
1205
1007
1016
1206
1008
1017
1207
1009
1018
1208
1019
1209
1011
1020
1210
1012
1021
1211
1013
1022
1212
1014
1023
1213
1015
1024
1214
1016
1025
1215
1017
1026
1216
1018
1027
1217
1019
1028
1218
1029
1219
1021
1030
1220
1022
1031
1221
1023
1032
1222
1024
1033
1223
1025
1034
1224
1026
1035
1225
1027
1036
1226
1028
1037
1227
1029
1038
1228
1039
1229
1031
1040
1230
1032
1041
1231
1033
1042
1232
1034
1043
1233
1035
1044
1234
1036
1045
1235
1037
1046
1236
1038
1047
1237
1039
1048
1238
1049
1239
1041
1050
1240
1042
1051
1241
1043
1052
1242
1044
1053
1243
1045
1054
1244
1046
1055
1245
1047
1056
1246
1048
1057
1247
1049
1058
1248
1059
1249
1051
1060
1250
1052
1061
1251
1053
1062
1252
1054
1063
1253
1055
1064
1254
1056
1065
1255
1057
1066
1256
1058
1067
1257
1059
1068
1258
1069
1259
1061
1070
1260
1062
1071
1261
1063
1072
1262
1064
1073
1263
1065
1074
1264
1066
1075
1265
1067
1076
1266
1068
1077
1267
1069
1078
1268
1079
1269
1071
1080
1270
1072
1081
1271
1073
1082
1272
1074
1083
1273
1075
1084
1274
1076
1085
1275
1077
1086
1276
1078
1087
1277
1079
1088
1278
1089
1279
1081
1090
1280
1082
1091
1281
1083
1092
1282
1084
1093
1283
1085
1094
1284
1086
1095
1285
1087
1096
1286
1088
1097
1287
1089
1098
1288
1099
1289
1091
1100
1290
1092
1101
1291
1093
1102
1292
1094
1103
1293
1095
1104
1294
1096
1105
1295
1097
1106
1296
1098
1107
1297
1099
1108
1298
1109
1299
1101
1110
1300
1102
1111
1301
1103
1112
1302
1104
1113
1303
1105
1114
1304
1106
1115
1305
1107
1116
1306
1108
1117
1307
1109
1118
1308
1119
1309
1111
1120
1310
1112
1121
1311
1113
1122
1312
1114
1123
1313
1115
1124
1314
1116
1125
1315
1117
1126
1316
1118
1127
1317
1119
1128
1318
1129
1319
1121
1130
1320
1122
1131
1321
1123
1132
1322
1124
1133
1323
1125
1134
1324
1126
1135
1325
1127
1136
1326
1128
1137
1327
1129
1138
1328
1139
1329
1131
1140
1330
1132
1141
1331
1133
1142
1332
1134
1143
1333
1135
1144
1334
1136
1145
1335
1137
1146
1336
1138
1147
1337
1139
1148
1338
1149
1339
1141
1150
1340
1142
1151
1341
1143
1152
1342
1144
1153
1343
1145
1154
1344
1146
1155
1345
1147
1156
1346
1148
1157
1347
1149
1158
1348
1159
1349
1151
1160
1350
1152
1161
1351
1153
1162
1352
1154
1163
1353
1155
1164
1354
1156
1165
1355
1157
1166
1356
1158
1167
1357
1159
1168
1358
1169
1359
1161
1170
1360
1162
1171
1361
1163
1172
1362
1164
1173
1363
1165
1174
1364
1166
1175
1365
1167
1176
1366
1168
1177
1367
1169
1178
1368
1179
1369
1171
1180
1370
1172
1181
1371
1173
1182
1372
1174
1183
1373
1175
1184
1374
1176
1185
1375
1177
1186
1376
1178
1187
1377
1179
1188
1378
1189
1379
1181
1190
1380
1182
1191
1381
1183
1192
1382
1184
1193
1383
1185
1194
1384
1186
1195
1385
1187
1196
1386
1188
1197
1387
1189
1198
1388
1199
1389
1191
1390
1192
1391
1193
1392
1194
1393
1195
1394
1196
1395
1197
1396
1198
1397
1199
1398
1399
1201
1210
1400
1202
1211
1401
1203
1212
1402
1204
1213
1403
1205
1214
1404
1206
1215
1405
1207
1216
1406
1208
1217
1407
1209
1218
1408
1219
1409
1211
1220
1410
1212
1221
1411
1213
1222
1412
1214
1223
1413
1215
1224
1414
1216
1225
1415
1217
1226
1416
1218
1227
1417
1219
1228
1418
1229
1419
1221
1230
1420
1222
1231
1421
1223
1232
1422
1224
1233
1423
1225
1234
1424
1226
1235
1425
1227
1236
1426
1228
1237
1427
1229
1238
1428
1239
1429
1231
1240
1430
1232
1241
1431
1233
1242
1432
1234
1243
1433
1235
1244
1434
1236
1245
1435
1237
1246
1436
1238
1247
1437
1239
1248
1438
1249
1439
1241
1250
1440
1242
1251
1441
1243
1252
1442
1244
1253
1443
1245
1254
1444
1246
1255
1445
1247
1256
1446
1248
1257
1447
1249
1258
1448
1259
1449
1251
1260
1450
1252
1261
1451
1253
1262
1452
1254
1263
1453
1255
1264
1454
1256
1265
1455
1257
1266
1456
1258
1267
1457
1259
1268
1458
1269
1459
1261
1270
1460
1262
1271
1461
1263
1272
1462
1264
1273
1463
1265
1274
1464
1266
1275
1465
1267
1276
1466
1268
1277
1467
1269
1278
1468
1279
1469
1271
1280
1470
1272
1281
1471
1273
1282
1472
1274
1283
1473
1275
1284
1474
1276
1285
1475
1277
1286
1476
1278
1287
1477
1279
1288
1478
1289
1479
1281
1290
1480
1282
1291
1481
1283
1292
1482
1284
1293
1483
1285
1294
1484
1286
1295
1485
1287
1296
1486
1288
1297
1487
1289
1298
1488
1299
1489
1291
1300
1490
1292
1301
1491
1293
1302
1492
1294
1303
1493
1295
1304
1494
1296
1305
1495
1297
1306
1496
1298
1307
1497
1299
1308
1498
1309
1499
1301
1310
1500
1302
1311
1501
1303
1312
1502
1304
1313
1503
1305
1314
1504
1306
1315
1505
1307
1316
1506
1308
1317
1507
1309
1318
1508
1319
1509
1311
1320
1510
1312
1321
1511
1313
1322
1512
1314
1323
1513
1315
1324
1514
1316
1325
1515
1317
1326
1516
1318
1327
1517
1319
1328
1518
1329
1519
1321
1330
1520
1322
1331
1521
1323
1332
1522
1324
1333
1523
1325
1334
1524
1326
1335
1525
1327
1336
1526
1328
1337
1527
1329
1338
1528
1339
1529
1331
1340
1530
1332
1341
1531
1333
1342
1532
1334
1343
1533
1335
1344
1534
1336
1345
1535
1337
1346
1536
1338
1347
1537
1339
1348
1538
1349
1539
1341
1350
1540
1342
1351
1541
1343
1352
1542
1344
1353
1543
1345
1354
1544
1346
1355
1545
1347
1356
1546
1348
1357
1547
1349
1358
1548
1359
1549
1351
1360
1550
1352
1361
1551
1353
1362
1552
1354
1363
1553
1355
1364
1554
1356
1365
1555
1357
1366
1556
1358
1367
1557
1359
1368
1558
1369
1559
1361
1370
1560
1362
1371
1561
1363
1372
1562
1364
1373
1563
1365
1374
1564
1366
1375
1565
1367
1376
1566
1368
1377
1567
1369
1378
1568
1379
1569
1371
1380
1570
1372
1381
1571
1373
1382
1572
1374
1383
1573
1375
1384
1574
1376
1385
1575
1377
1386
1576
1378
1387
1577
1379
1388
1578
1389
1579
1381
1390
1580
1382
1391
1581
1383
1392
1582
1384
1393
1583
1385
1394
1584
1386
1395
1585
1387
1396
1586
1388
1397
1587
1389
1398
1588
1399
1589
1391
1590
1392
1591
1393
1592
1394
1593
1395
1594
1396
1595
1397
1596
1398
1597
1399
1598
1599
1401
1410
1600
1402
1411
1601
1403
1412
1602
1404
1413
1603
1405
1414
1604
1406
1415
1605
1407
1416
1606
1408
1417
1607
1409
1418
1608
1419
1609
1411
1420
1610
1412
1421
1611
1413
1422
1612
1414
1423
1613
1415
1424
1614
1416
1425
1615
1417
1426
1616
1418
1427
1617
1419
1428
1618
1429
1619
1421
1430
1620
1422
1431
1621
1423
1432
1622
1424
1433
1623
1425
1434
1624
1426
1435
1625
1427
1436
1626
1428
1437
1627
1429
1438
1628
1439
1629
1431
1440
1630
1432
1441
1631
1433
1442
1632
1434
1443
1633
1435
1444
1634
1436
1445
1635
1437
1446
1636
1438
1447
1637
1439
1448
1638
1449
1639
1441
1450
1640
1442
1451
1641
1443
1452
1642
1444
1453
1643
1445
1454
1644
1446
1455
1645
1447
1456
1646
1448
1457
1647
1449
1458
1648
1459
1649
1451
1460
1650
1452
1461
1651
1453
1462
1652
1454
1463
1653
1455
1464
1654
1456
1465
1655
1457
1466
1656
1458
1467
1657
1459
1468
1658
1469
1659
1461
1470
1660
1462
1471
1661
1463
1472
1662
1464
1473
1663
1465
1474
1664
1466
1475
1665
1467
1476
1666
1468
1477
1667
1469
1478
1668
1479
1669
1471
1480
1670
1472
1481
1671
1473
1482
1672
1474
1483
1673
1475
1484
1674
1476
1485
1675
1477
1486
1676
1478
1487
1677
1479
1488
1678
1489
1679
1481
1490
1680
1482
1491
1681
1483
1492
1682
1484
1493
1683
1485
1494
1684
1486
1495
1685
1487
1496
1686
1488
1497
1687
1489
1498
1688
1499
1689
1491
1500
1690
1492
1501
1691
1493
1502
1692
1494
1503
1693
1495
1504
1694
1496
1505
1695
1497
1506
1696
1498
1507
1697
1499
1508
1698
1509
1699
1501
1510
1700
1502
1511
1701
1503
1512
1702
1504
1513
1703
1505
1514
1704
1506
1515
1705
1507
1516
1706
1508
1517
1707
1509
1518
1708
1519
1709
1511
1520
1710
1512
1521
1711
1513
1522
1712
1514
1523
1713
1515
1524
1714
1516
1525
1715
1517
1526
1716
1518
1527
1717
1519
1528
1718
1529
1719
1521
1530
1720
1522
1531
1721
1523
1532
1722
1524
1533
1723
1525
1534
1724
1526
1535
1725
1527
1536
1726
1528
1537
1727
1529
1538
1728
1539
1729
1531
1540
1730
1532
1541
1731
1533
1542
1732
1534
1543
1733
1535
1544
1734
1536
1545
1735
1537
1546
1736
1538
1547
1737
1539
1548
1738
1549
1739
1541
1550
1740
1542
1551
1741
1543
1552
1742
1544
1553
1743
1545
1554
1744
1546
1555
1745
1547
1556
1746
1548
1557
1747
1549
1558
1748
1559
1749
1551
1560
1750
1552
1561
1751
1553
1562
1752
1554
1563
1753
1555
1564
1754
1556
1565
1755
1557
1566
1756
1558
1567
1757
1559
1568
1758
1569
1759
1561
1570
1760
1562
1571
1761
1563
1572
1762
1564
1573
1763
1565
1574
1764
1566
1575
1765
1567
1576
1766
1568
1577
1767
1569
1578
1768
1579
1769
1571
1580
1770
1572
1581
1771
1573
1582
1772
1574
1583
1773
1575
1584
1774
1576
1585
1775
1577
1586
1776
1578
1587
1777
1579
1588
1778
1589
1779
1581
1590
1780
1582
1591
1781
1583
1592
1782
1584
1593
1783
1585
1594
1784
1586
1595
1785
1587
1596
1786
1588
1597
1787
1589
1598
1788
1599
1789
1591
1790
1592
1791
1593
1792
1594
1793
1595
1794
1596
1795
1597
1796
1598
1797
1599
1798
1799
1601
1610
1800
1602
1611
1801
1603
1612
1802
1604
1613
1803
1605
1614
1804
1606
1615
1805
1607
1616
1806
1608
1617
1807
1609
1618
1808
1619
1809
1611
1620
1810
1612
1621
1811
1613
1622
1812
1614
1623
1813
1615
1624
1814
1616
1625
1815
1617
1626
1816
1618
1627
1817
1619
1628
1818
1629
1819
1621
1630
1820
1622
1631
1821
1623
1632
1822
1624
1633
1823
1625
1634
1824
1626
1635
1825
1627
1636
1826
1628
1637
1827
1629
1638
1828
1639
1829
1631
1640
1830
1632
1641
1831
1633
1642
1832
1634
1643
1833
1635
1644
1834
1636
1645
1835
1637
1646
1836
1638
1647
1837
1639
1648
1838
1649
1839
1641
1650
1840
1642
1651
1841
1643
1652
1842
1644
1653
1843
1645
1654
1844
1646
1655
1845
1647
1656
1846
1648
1657
1847
1649
1658
1848
1659
1849
1651
1660
1850
1652
1661
1851
1653
1662
1852
1654
1663
1853
1655
1664
1854
1656
1665
1855
1657
1666
1856
1658
1667
1857
1659
1668
1858
1669
1859
1661
1670
1860
1662
1671
1861
1663
1672
1862
1664
1673
1863
1665
1674
1864
1666
1675
1865
1667
1676
1866
1668
1677
1867
1669
1678
1868
1679
1869
1671
1680
1870
1672
1681
1871
1673
1682
1872
1674
1683
1873
1675
1684
1874
1676
1685
1875
1677
1686
1876
1678
1687
1877
1679
1688
1878
1689
1879
1681
1690
1880
1682
1691
1881
1683
1692
1882
1684
1693
1883
1685
1694
1884
1686
1695
1885
1687
1696
1886
1688
1697
1887
1689
1698
1888
1699
1889
1691
1700
1890
1692
1701
1891
1693
1702
1892
1694
1703
1893
1695
1704
1894
1696
1705
1895
1697
1706
1896
1698
1707
1897
1699
1708
1898
1709
1899
1701
1710
1900
1702
1711
1901
1703
1712
1902
1704
1713
1903
1705
1714
1904
1706
1715
1905
1707
1716
1906
1708
1717
1907
1709
1718
1908
1719
1909
1711
1720
1910
1712
1721
1911
1713
1722
1912
1714
1723
1913
1715
1724
1914
1716
1725
1915
1717
1726
1916
1718
1727
1917
1719
1728
1918
1729
1919
1721
1730
1920
1722
1731
1921
1723
1732
1922
1724
1733
1923
1725
1734
1924
1726
1735
1925
1727
1736
1926
1728
1737
1927
1729
1738
1928
1739
1929
1731
1740
1930
1732
1741
1931
1733
1742
1932
1734
1743
1933
1735
1744
1934
1736
1745
1935
1737
1746
1936
1738
1747
1937
1739
1748
1938
1749
1939
1741
1750
1940
1742
1751
1941
1743
1752
1942
1744
1753
1943
1745
1754
1944
1746
1755
1945
1747
1756
1946
1748
1757
1947
1749
1758
1948
1759
1949
1751
1760
1950
1752
1761
1951
1753
1762
1952
1754
1763
1953
1755
1764
1954
1756
1765
1955
1757
1766
1956
1758
1767
1957
1759
1768
1958
1769
1959
1761
1770
1960
1762
1771
1961
1763
1772
1962
1764
1773
1963
1765
1774
1964
1766
1775
1965
1767
1776
1966
1768
1777
1967
1769
1778
1968
1779
1969
1771
1780
1970
1772
1781
1971
1773
1782
1972
1774
1783
1973
1775
1784
1974
1776
1785
1975
1777
1786
1976
1778
1787
1977
1779
1788
1978
1789
1979
1781
1790
1980
1782
1791
1981
1783
1792
1982
1784
1793
1983
1785
1794
1984
1786
1795
1985
1787
1796
1986
1788
1797
1987
1789
1798
1988
1799
1989
1791
1990
1792
1991
1793
1992
1794
1993
1795
1994
1796
1995
1797
1996
1798
1997
1799
1998
1999
1801
1810
2000
1802
1811
2001
1803
1812
2002
1804
1813
2003
1805
1814
2004
1806
1815
2005
1807
1816
2006
1808
1817
2007
1809
1818
2008
1819
2009
1811
1820
2010
1812
1821
2011
1813
1822
2012
1814
1823
2013
1815
1824
2014
1816
1825
2015
1817
1826
2016
1818
1827
2017
1819
1828
2018
1829
2019
1821
1830
2020
1822
1831
2021
1823
1832
2022
1824
1833
2023
1825
1834
2024
1826
1835
2025
1827
1836
2026
1828
1837
2027
1829
1838
2028
1839
2029
1831
1840
2030
1832
1841
2031
1833
1842
2032
1834
1843
2033
1835
1844
2034
1836
1845
2035
1837
1846
2036
1838
1847
2037
1839
1848
2038
1849
2039
1841
1850
2040
1842
1851
2041
1843
1852
2042
1844
1853
2043
1845
1854
2044
1846
1855
2045
1847
1856
2046
1848
1857
2047
1849
1858
2048
1859
2049
1851
1860
2050
1852
1861
2051
1853
1862
2052
1854
1863
2053
1855
1864
2054
1856
1865
2055
1857
1866
2056
1858
1867
2057
1859
1868
2058
1869
2059
1861
1870
2060
1862
1871
2061
1863
1872
2062
1864
1873
2063
1865
1874
2064
1866
1875
2065
1867
1876
2066
1868
1877
2067
1869
1878
2068
1879
2069
1871
1880
2070
1872
1881
2071
1873
1882
2072
1874
1883
2073
1875
1884
2074
1876
1885
2075
1877
1886
2076
1878
1887
2077
1879
1888
2078
1889
2079
1881
1890
2080
1882
1891
2081
1883
1892
2082
1884
1893
2083
1885
1894
2084
1886
1895
2085
1887
1896
2086
1888
1897
2087
1889
1898
2088
1899
2089
1891
1900
2090
1892
1901
2091
1893
1902
2092
1894
1903
2093
1895
1904
2094
1896
1905
2095
1897
1906
2096
1898
1907
2097
1899
1908
2098
1909
2099
1901
1910
2100
1902
1911
2101
1903
1912
2102
1904
1913
2103
1905
1914
2104
1906
1915
2105
1907
1916
2106
1908
1917
2107
1909
1918
2108
1919
2109
1911
1920
2110
1912
1921
2111
1913
1922
2112
1914
1923
2113
1915
1924
2114
1916
1925
2115
1917
1926
2116
1918
1927
2117
1919
1928
2118
1929
2119
1921
1930
2120
1922
1931
2121
1923
1932
2122
1924
1933
2123
1925
1934
2124
1926
1935
2125
1927
1936
2126
1928
1937
2127
1929
1938
2128
1939
2129
1931
1940
2130
1932
1941
2131
1933
1942
2132
1934
1943
2133
1935
1944
2134
1936
1945
2135
1937
1946
2136
1938
1947
2137
1939
1948
2138
1949
2139
1941
1950
2140
1942
1951
2141
1943
1952
2142
1944
1953
2143
1945
1954
2144
1946
1955
2145
1947
1956
2146
1948
1957
2147
1949
1958
2148
1959
2149
1951
1960
2150
1952
1961
2151
1953
1962
2152
1954
1963
2153
1955
1964
2154
1956
1965
2155
1957
1966
2156
1958
1967
2157
1959
1968
2158
1969
2159
1961
1970
2160
1962
1971
2161
1963
1972
2162
1964
1973
2163
1965
1974
2164
1966
1975
2165
1967
1976
2166
1968
1977
2167
1969
1978
2168
1979
2169
1971
1980
2170
1972
1981
2171
1973
1982
2172
1974
1983
2173
1975
1984
2174
1976
1985
2175
1977
1986
2176
1978
1987
2177
1979
1988
2178
1989
2179
1981
1990
2180
1982
1991
2181
1983
1992
2182
1984
1993
2183
1985
1994
2184
1986
1995
2185
1987
1996
2186
1988
1997
2187
1989
1998
2188
1999
2189
1991
2190
1992
2191
1993
2192
1994
2193
1995
2194
1996
2195
1997
2196
1998
2197
1999
2198
2199
2001
2010
2200
2002
2011
2201
2003
2012
2202
2004
2013
2203
2005
2014
2204
2006
2015
2205
2007
2016
2206
2008
2017
2207
2009
2018
2208
2019
2209
2011
2020
2210
2012
2021
2211
2013
2022
2212
2014
2023
2213
2015
2024
2214
2016
2025
2215
2017
2026
2216
2018
2027
2217
2019
2028
2218
2029
2219
2021
2030
2220
2022
2031
2221
2023
2032
2222
2024
2033
2223
2025
2034
2224
2026
2035
2225
2027
2036
2226
2028
2037
2227
2029
2038
2228
2039
2229
2031
2040
2230
2032
2041
2231
2033
2042
2232
2034
2043
2233
2035
2044
2234
2036
2045
2235
2037
2046
2236
2038
2047
2237
2039
2048
2238
2049
2239
2041
2050
2240
2042
2051
2241
2043
2052
2242
2044
2053
2243
2045
2054
2244
2046
2055
2245
2047
2056
2246
2048
2057
2247
2049
2058
2248
2059
2249
2051
2060
2250
2052
2061
2251
2053
2062
2252
2054
2063
2253
2055
2064
2254
2056
2065
2255
2057
2066
2256
2058
2067
2257
2059
2068
2258
2069
2259
2061
2070
2260
2062
2071
2261
2063
2072
2262
2064
2073
2263
2065
2074
2264
2066
2075
2265
2067
2076
2266
2068
2077
2267
2069
2078
2268
2079
2269
2071
2080
2270
2072
2081
2271
2073
2082
2272
2074
2083
2273
2075
2084
2274
2076
2085
2275
2077
2086
2276
2078
2087
2277
2079
2088
2278
2089
2279
2081
2090
2280
2082
2091
2281
2083
2092
2282
2084
2093
2283
2085
2094
2284
2086
2095
2285
2087
2096
2286
2088
2097
2287
2089
2098
2288
2099
2289
2091
2100
2290
2092
2101
2291
2093
2102
2292
2094
2103
2293
2095
2104
2294
2096
2105
2295
2097
2106
2296
2098
2107
2297
2099
2108
2298
2109
2299
2101
2110
2300
2102
2111
2301
2103
2112
2302
2104
2113
2303
2105
2114
2304
2106
2115
2305
2107
2116
2306
2108
2117
2307
2109
2118
2308
2119
2309
2111
2120
2310
2112
2121
2311
2113
2122
2312
2114
2123
2313
2115
2124
2314
2116
2125
2315
2117
2126
2316
2118
2127
2317
2119
2128
2318
2129
2319
2121
2130
2320
2122
2131
2321
2123
2132
2322
2124
2133
2323
2125
2134
2324
2126
2135
2325
2127
2136
2326
2128
2137
2327
2129
2138
2328
2139
2329
2131
2140
2330
2132
2141
2331
2133
2142
2332
2134
2143
2333
2135
2144
2334
2136
2145
2335
2137
2146
2336
2138
2147
2337
2139
2148
2338
2149
2339
2141
2150
2340
2142
2151
2341
2143
2152
2342
2144
2153
2343
2145
2154
2344
2146
2155
2345
2147
2156
2346
2148
2157
2347
2149
2158
2348
2159
2349
2151
2160
2350
2152
2161
2351
2153
2162
2352
2154
2163
2353
2155
2164
2354
2156
2165
2355
2157
2166
2356
2158
2167
2357
2159
2168
2358
2169
2359
2161
2170
2360
2162
2171
2361
2163
2172
2362
2164
2173
2363
2165
2174
2364
2166
2175
2365
2167
2176
2366
2168
2177
2367
2169
2178
2368
2179
2369
2171
2180
2370
2172
2181
2371
2173
2182
2372
2174
2183
2373
2175
2184
2374
2176
2185
2375
2177
2186
2376
2178
2187
2377
2179
2188
2378
2189
2379
2181
2190
2380
2182
2191
2381
2183
2192
2382
2184
2193
2383
2185
2194
2384
2186
2195
2385
2187
2196
2386
2188
2197
2387
2189
2198
2388
2199
2389
2191
2390
2192
2391
2193
2392
2194
2393
2195
2394
2196
2395
2197
2396
2198
2397
2199
2398
2399
2201
2210
2400
2202
2211
2401
2203
2212
2402
2204
2213
2403
2205
2214
2404
2206
2215
2405
2207
2216
2406
2208
2217
2407
2209
2218
2408
2219
2409
2211
2220
2410
2212
2221
2411
2213
2222
2412
2214
2223
2413
2215
2224
2414
2216
2225
2415
2217
2226
2416
2218
2227
2417
2219
2228
2418
2229
2419
2221
2230
2420
2222
2231
2421
2223
2232
2422
2224
2233
2423
2225
2234
2424
2226
2235
2425
2227
2236
2426
2228
2237
2427
2229
2238
2428
2239
2429
2231
2240
2430
2232
2241
2431
2233
2242
2432
2234
2243
2433
2235
2244
2434
2236
2245
2435
2237
2246
2436
2238
2247
2437
2239
2248
2438
2249
2439
2241
2250
2440
2242
2251
2441
2243
2252
2442
2244
2253
2443
2245
2254
2444
2246
2255
2445
2247
2256
2446
2248
2257
2447
2249
2258
2448
2259
2449
2251
2260
2450
2252
2261
2451
2253
2262
2452
2254
2263
2453
2255
2264
2454
2256
2265
2455
2257
2266
2456
2258
2267
2457
2259
2268
2458
2269
2459
2261
2270
2460
2262
2271
2461
2263
2272
2462
2264
2273
2463
2265
2274
2464
2266
2275
2465
2267
2276
2466
2268
2277
2467
2269
2278
2468
2279
2469
2271
2280
2470
2272
2281
2471
2273
2282
2472
2274
2283
2473
2275
2284
2474
2276
2285
2475
2277
2286
2476
2278
2287
2477
2279
2288
2478
2289
2479
2281
2290
2480
2282
2291
2481
2283
2292
2482
2284
2293
2483
2285
2294
2484
2286
2295
2485
2287
2296
2486
2288
2297
2487
2289
2298
2488
2299
2489
2291
2300
2490
2292
2301
2491
2293
2302
2492
2294
2303
2493
2295
2304
2494
2296
2305
2495
2297
2306
2496
2298
2307
2497
2299
2308
2498
2309
2499
2301
2310
2500
2302
2311
2501
2303
2312
2502
2304
2313
2503
2305
2314
2504
2306
2315
2505
2307
2316
2506
2308
2317
2507
2309
2318
2508
2319
2509
2311
2320
2510
2312
2321
2511
2313
2322
2512
2314
2323
2513
2315
2324
2514
2316
2325
2515
2317
2326
2516
2318
2327
2517
2319
2328
2518
2329
2519
2321
2330
2520
2322
2331
2521
2323
2332
2522
2324
2333
2523
2325
2334
2524
2326
2335
2525
2327
2336
2526
2328
2337
2527
2329
2338
2528
2339
2529
2331
2340
2530
2332
2341
2531
2333
2342
2532
2334
2343
2533
2335
2344
2534
2336
2345
2535
2337
2346
2536
2338
2347
2537
2339
2348
2538
2349
2539
2341
2350
2540
2342
2351
2541
2343
2352
2542
2344
2353
2543
2345
2354
2544
2346
2355
2545
2347
2356
2546
2348
2357
2547
2349
2358
2548
2359
2549
2351
2360
2550
2352
2361
2551
2353
2362
2552
2354
2363
2553
2355
2364
2554
2356
2365
2555
2357
2366
2556
2358
2367
2557
2359
2368
2558
2369
2559
2361
2370
2560
2362
2371
2561
2363
2372
2562
2364
2373
2563
2365
2374
2564
2366
2375
2565
2367
2376
2566
2368
2377
2567
2369
2378
2568
2379
2569
2371
2380
2570
2372
2381
2571
2373
2382
2572
2374
2383
2573
2375
2384
2574
2376
2385
2575
2377
2386
2576
2378
2387
2577
2379
2388
2578
2389
2579
2381
2390
2580
2382
2391
2581
2383
2392
2582
2384
2393
2583
2385
2394
2584
2386
2395
2585
2387
2396
2586
2388
2397
2587
2389
2398
2588
2399
2589
2391
2590
2392
2591
2393
2592
2394
2593
2395
2594
2396
2595
2397
2596
2398
2597
2399
2598
2599
2401
2410
2600
2402
2411
2601
2403
2412
2602
2404
2413
2603
2405
2414
2604
2406
2415
2605
2407
2416
2606
2408
2417
2607
2409
2418
2608
2419
2609
2411
2420
2610
2412
2421
2611
2413
2422
2612
2414
2423
2613
2415
2424
2614
2416
2425
2615
2417
2426
2616
2418
2427
2617
2419
2428
2618
2429
2619
2421
2430
2620
2422
2431
2621
2423
2432
2622
2424
2433
2623
2425
2434
2624
2426
2435
2625
2427
2436
2626
2428
2437
2627
2429
2438
2628
2439
2629
2431
2440
2630
2432
2441
2631
2433
2442
2632
2434
2443
2633
2435
2444
2634
2436
2445
2635
2437
2446
2636
2438
2447
2637
2439
2448
2638
2449
2639
2441
2450
2640
2442
2451
2641
2443
2452
2642
2444
2453
2643
2445
2454
2644
2446
2455
2645
2447
2456
2646
2448
2457
2647
2449
2458
2648
2459
2649
2451
2460
2650
2452
2461
2651
2453
2462
2652
2454
2463
2653
2455
2464
2654
2456
2465
2655
2457
2466
2656
2458
2467
2657
2459
2468
2658
2469
2659
2461
2470
2660
2462
2471
2661
2463
2472
2662
2464
2473
2663
2465
2474
2664
2466
2475
2665
2467
2476
2666
2468
2477
2667
2469
2478
2668
2479
2669
2471
2480
2670
2472
2481
2671
2473
2482
2672
2474
2483
2673
2475
2484
2674
2476
2485
2675
2477
2486
2676
2478
2487
2677
2479
2488
2678
2489
2679
2481
2490
2680
2482
2491
2681
2483
2492
2682
2484
2493
2683
2485
2494
2684
2486
2495
2685
2487
2496
2686
2488
2497
2687
2489
2498
2688
2499
2689
2491
2500
2690
2492
2501
2691
2493
2502
2692
2494
2503
2693
2495
2504
2694
2496
2505
2695
2497
2506
2696
2498
2507
2697
2499
2508
2698
2509
2699
2501
2510
2700
2502
2511
2701
2503
2512
2702
2504
2513
2703
2505
2514
2704
2506
2515
2705
2507
2516
2706
2508
2517
2707
2509
2518
2708
2519
2709
2511
2520
2710
2512
2521
2711
2513
2522
2712
2514
2523
2713
2515
2524
2714
2516
2525
2715
2517
2526
2716
2518
2527
2717
2519
2528
2718
2529
2719
2521
2530
2720
2522
2531
2721
2523
2532
2722
2524
2533
2723
2525
2534
2724
2526
2535
2725
2527
2536
2726
2528
2537
2727
2529
2538
2728
2539
2729
2531
2540
2730
2532
2541
2731
2533
2542
2732
2534
2543
2733
2535
2544
2734
2536
2545
2735
2537
2546
2736
2538
2547
2737
2539
2548
2738
2549
2739
2541
2550
2740
2542
2551
2741
2543
2552
2742
2544
2553
2743
2545
2554
2744
2546
2555
2745
2547
2556
2746
2548
2557
2747
2549
2558
2748
2559
2749
2551
2560
2750
2552
2561
2751
2553
2562
2752
2554
2563
2753
2555
2564
2754
2556
2565
2755
2557
2566
2756
2558
2567
2757
2559
2568
2758
2569
2759
2561
2570
2760
2562
2571
2761
2563
2572
2762
2564
2573
2763
2565
2574
2764
2566
2575
2765
2567
2576
2766
2568
2577
2767
2569
2578
2768
2579
2769
2571
2580
2770
2572
2581
2771
2573
2582
2772
2574
2583
2773
2575
2584
2774
2576
2585
2775
2577
2586
2776
2578
2587
2777
2579
2588
2778
2589
2779
2581
2590
2780
2582
2591
2781
2583
2592
2782
2584
2593
2783
2585
2594
2784
2586
2595
2785
2587
2596
2786
2588
2597
2787
2589
2598
2788
2599
2789
2591
2790
2592
2791
2593
2792
2594
2793
2595
2794
2596
2795
2597
2796
2598
2797
2599
2798
2799
2601
2610
2800
2602
2611
2801
2603
2612
2802
2604
2613
2803
2605
2614
2804
2606
2615
2805
2607
2616
2806
2608
2617
2807
2609
2618
2808
2619
2809
2611
2620
2810
2612
2621
2811
2613
2622
2812
2614
2623
2813
2615
2624
2814
2616
2625
2815
2617
2626
2816
2618
2627
2817
2619
2628
2818
2629
2819
2621
2630
2820
2622
2631
2821
2623
2632
2822
2624
2633
2823
2625
2634
2824
2626
2635
2825
2627
2636
2826
2628
2637
2827
2629
2638
2828
2639
2829
2631
2640
2830
2632
2641
2831
2633
2642
2832
2634
2643
2833
2635
2644
2834
2636
2645
2835
2637
2646
2836
2638
2647
2837
2639
2648
2838
2649
2839
2641
2650
2840
2642
2651
2841
2643
2652
2842
2644
2653
2843
2645
2654
2844
2646
2655
2845
2647
2656
2846
2648
2657
2847
2649
2658
2848
2659
2849
2651
2660
2850
2652
2661
2851
2653
2662
2852
2654
2663
2853
2655
2664
2854
2656
2665
2855
2657
2666
2856
2658
2667
2857
2659
2668
2858
2669
2859
2661
2670
2860
2662
2671
2861
2663
2672
2862
2664
2673
2863
2665
2674
2864
2666
2675
2865
2667
2676
2866
2668
2677
2867
2669
2678
2868
2679
2869
2671
2680
2870
2672
2681
2871
2673
2682
2872
2674
2683
2873
2675
2684
2874
2676
2685
2875
2677
2686
2876
2678
2687
2877
2679
2688
2878
2689
2879
2681
2690
2880
2682
2691
2881
2683
2692
2882
2684
2693
2883
2685
2694
2884
2686
2695
2885
2687
2696
2886
2688
2697
2887
2689
2698
2888
2699
2889
2691
2700
2890
2692
2701
2891
2693
2702
2892
2694
2703
2893
2695
2704
2894
2696
2705
2895
2697
2706
2896
2698
2707
2897
2699
2708
2898
2709
2899
2701
2710
2900
2702
2711
2901
2703
2712
2902
2704
2713
2903
2705
2714
2904
2706
2715
2905
2707
2716
2906
2708
2717
2907
2709
2718
2908
2719
2909
2711
2720
2910
2712
2721
2911
2713
2722
2912
2714
2723
2913
2715
2724
2914
2716
2725
2915
2717
2726
2916
2718
2727
2917
2719
2728
2918
2729
2919
2721
2730
2920
2722
2731
2921
2723
2732
2922
2724
2733
2923
2725
2734
2924
2726
2735
2925
2727
2736
2926
2728
2737
2927
2729
2738
2928
2739
2929
2731
2740
2930
2732
2741
2931
2733
2742
2932
2734
2743
2933
2735
2744
2934
2736
2745
2935
2737
2746
2936
2738
2747
2937
2739
2748
2938
2749
2939
2741
2750
2940
2742
2751
2941
2743
2752
2942
2744
2753
2943
2745
2754
2944
2746
2755
2945
2747
2756
2946
2748
2757
2947
2749
2758
2948
2759
2949
2751
2760
2950
2752
2761
2951
2753
2762
2952
2754
2763
2953
2755
2764
2954
2756
2765
2955
2757
2766
2956
2758
2767
2957
2759
2768
2958
2769
2959
2761
2770
2960
2762
2771
2961
2763
2772
2962
2764
2773
2963
2765
2774
2964
2766
2775
2965
2767
2776
2966
2768
2777
2967
2769
2778
2968
2779
2969
2771
2780
2970
2772
2781
2971
2773
2782
2972
2774
2783
2973
2775
2784
2974
2776
2785
2975
2777
2786
2976
2778
2787
2977
2779
2788
2978
2789
2979
2781
2790
2980
2782
2791
2981
2783
2792
2982
2784
2793
2983
2785
2794
2984
2786
2795
2985
2787
2796
2986
2788
2797
2987
2789
2798
2988
2799
2989
2791
2990
2792
2991
2793
2992
2794
2993
2795
2994
2796
2995
2797
2996
2798
2997
2799
2998
2999
2801
2810
3000
2802
2811
3001
2803
2812
3002
2804
2813
3003
2805
2814
3004
2806
2815
3005
2807
2816
3006
2808
2817
3007
2809
2818
3008
2819
3009
2811
2820
3010
2812
2821
3011
2813
2822
3012
2814
2823
3013
2815
2824
3014
2816
2825
3015
2817
2826
3016
2818
2827
3017
2819
2828
3018
2829
3019
2821
2830
3020
2822
2831
3021
2823
2832
3022
2824
2833
3023
2825
2834
3024
2826
2835
3025
2827
2836
3026
2828
2837
3027
2829
2838
3028
2839
3029
2831
2840
3030
2832
2841
3031
2833
2842
3032
2834
2843
3033
2835
2844
3034
2836
2845
3035
2837
2846
3036
2838
2847
3037
2839
2848
3038
2849
3039
2841
2850
3040
2842
2851
3041
2843
2852
3042
2844
2853
3043
2845
2854
3044
2846
2855
3045
2847
2856
3046
2848
2857
3047
2849
2858
3048
2859
3049
2851
2860
3050
2852
2861
3051
2853
2862
3052
2854
2863
3053
2855
2864
3054
2856
2865
3055
2857
2866
3056
2858
2867
3057
2859
2868
3058
2869
3059
2861
2870
3060
2862
2871
3061
2863
2872
3062
2864
2873
3063
2865
2874
3064
2866
2875
3065
2867
2876
3066
2868
2877
3067
2869
2878
3068
2879
3069
2871
2880
3070
2872
2881
3071
2873
2882
3072
2874
2883
3073
2875
2884
3074
2876
2885
3075
2877
2886
3076
2878
2887
3077
2879
2888
3078
2889
3079
2881
2890
3080
2882
2891
3081
2883
2892
3082
2884
2893
3083
2885
2894
3084
2886
2895
3085
2887
2896
3086
2888
2897
3087
2889
2898
3088
2899
3089
2891
2900
3090
2892
2901
3091
2893
2902
3092
2894
2903
3093
2895
2904
3094
2896
2905
3095
2897
2906
3096
2898
2907
3097
2899
2908
3098
2909
3099
2901
2910
3100
2902
2911
3101
2903
2912
3102
2904
2913
3103
2905
2914
3104
2906
2915
3105
2907
2916
3106
2908
2917
3107
2909
2918
3108
2919
3109
2911
2920
3110
2912
2921
3111
2913
2922
3112
2914
2923
3113
2915
2924
3114
2916
2925
3115
2917
2926
3116
2918
2927
3117
2919
2928
3118
2929
3119
2921
2930
3120
2922
2931
3121
2923
2932
3122
2924
2933
3123
2925
2934
3124
2926
2935
3125
2927
2936
3126
2928
2937
3127
2929
2938
3128
2939
3129
2931
2940
3130
2932
2941
3131
2933
2942
3132
2934
2943
3133
2935
2944
3134
2936
2945
3135
2937
2946
3136
2938
2947
3137
2939
2948
3138
2949
3139
2941
2950
3140
2942
2951
3141
2943
2952
3142
2944
2953
3143
2945
2954
3144
2946
2955
3145
2947
2956
3146
2948
2957
3147
2949
2958
3148
2959
3149
2951
2960
3150
2952
2961
3151
2953
2962
3152
2954
2963
3153
2955
2964
3154
2956
2965
3155
2957
2966
3156
2958
2967
3157
2959
2968
3158
2969
3159
2961
2970
3160
2962
2971
3161
2963
2972
3162
2964
2973
3163
2965
2974
3164
2966
2975
3165
2967
2976
3166
2968
2977
3167
2969
2978
3168
2979
3169
2971
2980
3170
2972
2981
3171
2973
2982
3172
2974
2983
3173
2975
2984
3174
2976
2985
3175
2977
2986
3176
2978
2987
3177
2979
2988
3178
2989
3179
2981
2990
3180
2982
2991
3181
2983
2992
3182
2984
2993
3183
2985
2994
3184
2986
2995
3185
2987
2996
3186
2988
2997
3187
2989
2998
3188
2999
3189
2991
3190
2992
3191
2993
3192
2994
3193
2995
3194
2996
3195
2997
3196
2998
3197
2999
3198
3199
3001
3010
3200
3002
3011
3201
3003
3012
3202
3004
3013
3203
3005
3014
3204
3006
3015
3205
3007
3016
3206
3008
3017
3207
3009
3018
3208
3019
3209
3011
3020
3210
3012
3021
3211
3013
3022
3212
3014
3023
3213
3015
3024
3214
3016
3025
3215
3017
3026
3216
3018
3027
3217
3019
3028
3218
3029
3219
3021
3030
3220
3022
3031
3221
3023
3032
3222
3024
3033
3223
3025
3034
3224
3026
3035
3225
3027
3036
3226
3028
3037
3227
3029
3038
3228
3039
3229
3031
3040
3230
3032
3041
3231
3033
3042
3232
3034
3043
3233
3035
3044
3234
3036
3045
3235
3037
3046
3236
3038
3047
3237
3039
3048
3238
3049
3239
3041
3050
3240
3042
3051
3241
3043
3052
3242
3044
3053
3243
3045
3054
3244
3046
3055
3245
3047
3056
3246
3048
3057
3247
3049
3058
3248
3059
3249
3051
3060
3250
3052
3061
3251
3053
3062
3252
3054
3063
3253
3055
3064
3254
3056
3065
3255
3057
3066
3256
3058
3067
3257
3059
3068
3258
3069
3259
3061
3070
3260
3062
3071
3261
3063
3072
3262
3064
3073
3263
3065
3074
3264
3066
3075
3265
3067
3076
3266
3068
3077
3267
3069
3078
3268
3079
3269
3071
3080
3270
3072
3081
3271
3073
3082
3272
3074
3083
3273
3075
3084
3274
3076
3085
3275
3077
3086
3276
3078
3087
3277
3079
3088
3278
3089
3279
3081
3090
3280
3082
3091
3281
3083
3092
3282
3084
3093
3283
3085
3094
3284
3086
3095
3285
3087
3096
3286
3088
3097
3287
3089
3098
3288
3099
3289
3091
3100
3290
3092
3101
3291
3093
3102
3292
3094
3103
3293
3095
3104
3294
3096
3105
3295
3097
3106
3296
3098
3107
3297
3099
3108
3298
3109
3299
3101
3110
3300
3102
3111
3301
3103
3112
3302
3104
3113
3303
3105
3114
3304
3106
3115
3305
3107
3116
3306
3108
3117
3307
3109
3118
3308
3119
3309
3111
3120
3310
3112
3121
3311
3113
3122
3312
3114
3123
3313
3115
3124
3314
3116
3125
3315
3117
3126
3316
3118
3127
3317
3119
3128
3318
3129
3319
3121
3130
3320
3122
3131
3321
3123
3132
3322
3124
3133
3323
3125
3134
3324
3126
3135
3325
3127
3136
3326
3128
3137
3327
3129
3138
3328
3139
3329
3131
3140
3330
3132
3141
3331
3133
3142
3332
3134
3143
3333
3135
3144
3334
3136
3145
3335
3137
3146
3336
3138
3147
3337
3139
3148
3338
3149
3339
3141
3150
3340
3142
3151
3341
3143
3152
3342
3144
3153
3343
3145
3154
3344
3146
3155
3345
3147
3156
3346
3148
3157
3347
3149
3158
3348
3159
3349
3151
3160
3350
3152
3161
3351
3153
3162
3352
3154
3163
3353
3155
3164
3354
3156
3165
3355
3157
3166
3356
3158
3167
3357
3159
3168
3358
3169
3359
3161
3170
3360
3162
3171
3361
3163
3172
3362
3164
3173
3363
3165
3174
3364
3166
3175
3365
3167
3176
3366
3168
3177
3367
3169
3178
3368
3179
3369
3171
3180
3370
3172
3181
3371
3173
3182
3372
3174
3183
3373
3175
3184
3374
3176
3185
3375
3177
3186
3376
3178
3187
3377
3179
3188
3378
3189
3379
3181
3190
3380
3182
3191
3381
3183
3192
3382
3184
3193
3383
3185
3194
3384
3186
3195
3385
3187
3196
3386
3188
3197
3387
3189
3198
3388
3199
3389
3191
3390
3192
3391
3193
3392
3194
3393
3195
3394
3196
3395
3197
3396
3198
3397
3199
3398
3399
3201
3210
3400
3202
3211
3401
3203
3212
3402
3204
3213
3403
3205
3214
3404
3206
3215
3405
3207
3216
3406
3208
3217
3407
3209
3218
3408
3219
3409
3211
3220
3410
3212
3221
3411
3213
3222
3412
3214
3223
3413
3215
3224
3414
3216
3225
3415
3217
3226
3416
3218
3227
3417
3219
3228
3418
3229
3419
3221
3230
3420
3222
3231
3421
3223
3232
3422
3224
3233
3423
3225
3234
3424
3226
3235
3425
3227
3236
3426
3228
3237
3427
3229
3238
3428
3239
3429
3231
3240
3430
3232
3241
3431
3233
3242
3432
3234
3243
3433
3235
3244
3434
3236
3245
3435
3237
3246
3436
3238
3247
3437
3239
3248
3438
3249
3439
3241
3250
3440
3242
3251
3441
3243
3252
3442
3244
3253
3443
3245
3254
3444
3246
3255
3445
3247
3256
3446
3248
3257
3447
3249
3258
3448
3259
3449
3251
3260
3450
3252
3261
3451
3253
3262
3452
3254
3263
3453
3255
3264
3454
3256
3265
3455
3257
3266
3456
3258
3267
3457
3259
3268
3458
3269
3459
3261
3270
3460
3262
3271
3461
3263
3272
3462
3264
3273
3463
3265
3274
3464
3266
3275
3465
3267
3276
3466
3268
3277
3467
3269
3278
3468
3279
3469
3271
3280
3470
3272
3281
3471
3273
3282
3472
3274
3283
3473
3275
3284
3474
3276
3285
3475
3277
3286
3476
3278
3287
3477
3279
3288
3478
3289
3479
3281
3290
3480
3282
3291
3481
3283
3292
3482
3284
3293
3483
3285
3294
3484
3286
3295
3485
3287
3296
3486
3288
3297
3487
3289
3298
3488
3299
3489
3291
3300
3490
3292
3301
3491
3293
3302
3492
3294
3303
3493
3295
3304
3494
3296
3305
3495
3297
3306
3496
3298
3307
3497
3299
3308
3498
3309
3499
3301
3310
3500
3302
3311
3501
3303
3312
3502
3304
3313
3503
3305
3314
3504
3306
3315
3505
3307
3316
3506
3308
3317
3507
3309
3318
3508
3319
3509
3311
3320
3510
3312
3321
3511
3313
3322
3512
3314
3323
3513
3315
3324
3514
3316
3325
3515
3317
3326
3516
3318
3327
3517
3319
3328
3518
3329
3519
3321
3330
3520
3322
3331
3521
3323
3332
3522
3324
3333
3523
3325
3334
3524
3326
3335
3525
3327
3336
3526
3328
3337
3527
3329
3338
3528
3339
3529
3331
3340
3530
3332
3341
3531
3333
3342
3532
3334
3343
3533
3335
3344
3534
3336
3345
3535
3337
3346
3536
3338
3347
3537
3339
3348
3538
3349
3539
3341
3350
3540
3342
3351
3541
3343
3352
3542
3344
3353
3543
3345
3354
3544
3346
3355
3545
3347
3356
3546
3348
3357
3547
3349
3358
3548
3359
3549
3351
3360
3550
3352
3361
3551
3353
3362
3552
3354
3363
3553
3355
3364
3554
3356
3365
3555
3357
3366
3556
3358
3367
3557
3359
3368
3558
3369
3559
3361
3370
3560
3362
3371
3561
3363
3372
3562
3364
3373
3563
3365
3374
3564
3366
3375
3565
3367
3376
3566
3368
3377
3567
3369
3378
3568
3379
3569
3371
3380
3570
3372
3381
3571
3373
3382
3572
3374
3383
3573
3375
3384
3574
3376
3385
3575
3377
3386
3576
3378
3387
3577
3379
3388
3578
3389
3579
3381
3390
3580
3382
3391
3581
3383
3392
3582
3384
3393
3583
3385
3394
3584
3386
3395
3585
3387
3396
3586
3388
3397
3587
3389
3398
3588
3399
3589
3391
3590
3392
3591
3393
3592
3394
3593
3395
3594
3396
3595
3397
3596
3398
3597
3399
3598
3599
3401
3410
3600
3402
3411
3601
3403
3412
3602
3404
3413
3603
3405
3414
3604
3406
3415
3605
3407
3416
3606
3408
3417
3607
3409
3418
3608
3419
3609
3411
3420
3610
3412
3421
3611
3413
3422
3612
3414
3423
3613
3415
3424
3614
3416
3425
3615
3417
3426
3616
3418
3427
3617
3419
3428
3618
3429
3619
3421
3430
3620
3422
3431
3621
3423
3432
3622
3424
3433
3623
3425
3434
3624
3426
3435
3625
3427
3436
3626
3428
3437
3627
3429
3438
3628
3439
3629
3431
3440
3630
3432
3441
3631
3433
3442
3632
3434
3443
3633
3435
3444
3634
3436
3445
3635
3437
3446
3636
3438
3447
3637
3439
3448
3638
3449
3639
3441
3450
3640
3442
3451
3641
3443
3452
3642
3444
3453
3643
3445
3454
3644
3446
3455
3645
3447
3456
3646
3448
3457
3647
3449
3458
3648
3459
3649
3451
3460
3650
3452
3461
3651
3453
3462
3652
3454
3463
3653
3455
3464
3654
3456
3465
3655
3457
3466
3656
3458
3467
3657
3459
3468
3658
3469
3659
3461
3470
3660
3462
3471
3661
3463
3472
3662
3464
3473
3663
3465
3474
3664
3466
3475
3665
3467
3476
3666
3468
3477
3667
3469
3478
3668
3479
3669
3471
3480
3670
3472
3481
3671
3473
3482
3672
3474
3483
3673
3475
3484
3674
3476
3485
3675
3477
3486
3676
3478
3487
3677
3479
3488
3678
3489
3679
3481
3490
3680
3482
3491
3681
3483
3492
3682
3484
3493
3683
3485
3494
3684
3486
3495
3685
3487
3496
3686
3488
3497
3687
3489
3498
3688
3499
3689
3491
3500
3690
3492
3501
3691
3493
3502
3692
3494
3503
3693
3495
3504
3694
3496
3505
3695
3497
3506
3696
3498
3507
3697
3499
3508
3698
3509
3699
3501
3510
3700
3502
3511
3701
3503
3512
3702
3504
3513
3703
3505
3514
3704
3506
3515
3705
3507
3516
3706
3508
3517
3707
3509
3518
3708
3519
3709
3511
3520
3710
3512
3521
3711
3513
3522
3712
3514
3523
3713
3515
3524
3714
3516
3525
3715
3517
3526
3716
3518
3527
3717
3519
3528
3718
3529
3719
3521
3530
3720
3522
3531
3721
3523
3532
3722
3524
3533
3723
3525
3534
3724
3526
3535
3725
3527
3536
3726
3528
3537
3727
3529
3538
3728
3539
3729
3531
3540
3730
3532
3541
3731
3533
3542
3732
3534
3543
3733
3535
3544
3734
3536
3545
3735
3537
3546
3736
3538
3547
3737
3539
3548
3738
3549
3739
3541
3550
3740
3542
3551
3741
3543
3552
3742
3544
3553
3743
3545
3554
3744
3546
3555
3745
3547
3556
3746
3548
3557
3747
3549
3558
3748
3559
3749
3551
3560
3750
3552
3561
3751
3553
3562
3752
3554
3563
3753
3555
3564
3754
3556
3565
3755
3557
3566
3756
3558
3567
3757
3559
3568
3758
3569
3759
3561
3570
3760
3562
3571
3761
3563
3572
3762
3564
3573
3763
3565
3574
3764
3566
3575
3765
3567
3576
3766
3568
3577
3767
3569
3578
3768
3579
3769
3571
3580
3770
3572
3581
3771
3573
3582
3772
3574
3583
3773
3575
3584
3774
3576
3585
3775
3577
3586
3776
3578
3587
3777
3579
3588
3778
3589
3779
3581
3590
3780
3582
3591
3781
3583
3592
3782
3584
3593
3783
3585
3594
3784
3586
3595
3785
3587
3596
3786
3588
3597
3787
3589
3598
3788
3599
3789
3591
3790
3592
3791
3593
3792
3594
3793
3595
3794
3596
3795
3597
3796
3598
3797
3599
3798
3799
3601
3610
3800
3602
3611
3801
3603
3612
3802
3604
3613
3803
3605
3614
3804
3606
3615
3805
3607
3616
3806
3608
3617
3807
3609
3618
3808
3619
3809
3611
3620
3810
3612
3621
3811
3613
3622
3812
3614
3623
3813
3615
3624
3814
3616
3625
3815
3617
3626
3816
3618
3627
3817
3619
3628
3818
3629
3819
3621
3630
3820
3622
3631
3821
3623
3632
3822
3624
3633
3823
3625
3634
3824
3626
3635
3825
3627
3636
3826
3628
3637
3827
3629
3638
3828
3639
3829
3631
3640
3830
3632
3641
3831
3633
3642
3832
3634
3643
3833
3635
3644
3834
3636
3645
3835
3637
3646
3836
3638
3647
3837
3639
3648
3838
3649
3839
3641
3650
3840
3642
3651
3841
3643
3652
3842
3644
3653
3843
3645
3654
3844
3646
3655
3845
3647
3656
3846
3648
3657
3847
3649
3658
3848
3659
3849
3651
3660
3850
3652
3661
3851
3653
3662
3852
3654
3663
3853
3655
3664
3854
3656
3665
3855
3657
3666
3856
3658
3667
3857
3659
3668
3858
3669
3859
3661
3670
3860
3662
3671
3861
3663
3672
3862
3664
3673
3863
3665
3674
3864
3666
3675
3865
3667
3676
3866
3668
3677
3867
3669
3678
3868
3679
3869
3671
3680
3870
3672
3681
3871
3673
3682
3872
3674
3683
3873
3675
3684
3874
3676
3685
3875
3677
3686
3876
3678
3687
3877
3679
3688
3878
3689
3879
3681
3690
3880
3682
3691
3881
3683
3692
3882
3684
3693
3883
3685
3694
3884
3686
3695
3885
3687
3696
3886
3688
3697
3887
3689
3698
3888
3699
3889
3691
3700
3890
3692
3701
3891
3693
3702
3892
3694
3703
3893
3695
3704
3894
3696
3705
3895
3697
3706
3896
3698
3707
3897
3699
3708
3898
3709
3899
3701
3710
3900
3702
3711
3901
3703
3712
3902
3704
3713
3903
3705
3714
3904
3706
3715
3905
3707
3716
3906
3708
3717
3907
3709
3718
3908
3719
3909
3711
3720
3910
3712
3721
3911
3713
3722
3912
3714
3723
3913
3715
3724
3914
3716
3725
3915
3717
3726
3916
3718
3727
3917
3719
3728
3918
3729
3919
3721
3730
3920
3722
3731
3921
3723
3732
3922
3724
3733
3923
3725
3734
3924
3726
3735
3925
3727
3736
3926
3728
3737
3927
3729
3738
3928
3739
3929
3731
3740
3930
3732
3741
3931
3733
3742
3932
3734
3743
3933
3735
3744
3934
3736
3745
3935
3737
3746
3936
3738
3747
3937
3739
3748
3938
3749
3939
3741
3750
3940
3742
3751
3941
3743
3752
3942
3744
3753
3943
3745
3754
3944
3746
3755
3945
3747
3756
3946
3748
3757
3947
3749
3758
3948
3759
3949
3751
3760
3950
3752
3761
3951
3753
3762
3952
3754
3763
3953
3755
3764
3954
3756
3765
3955
3757
3766
3956
3758
3767
3957
3759
3768
3958
3769
3959
3761
3770
3960
3762
3771
3961
3763
3772
3962
3764
3773
3963
3765
3774
3964
3766
3775
3965
3767
3776
3966
3768
3777
3967
3769
3778
3968
3779
3969
3771
3780
3970
3772
3781
3971
3773
3782
3972
3774
3783
3973
3775
3784
3974
3776
3785
3975
3777
3786
3976
3778
3787
3977
3779
3788
3978
3789
3979
3781
3790
3980
3782
3791
3981
3783
3792
3982
3784
3793
3983
3785
3794
3984
3786
3795
3985
3787
3796
3986
3788
3797
3987
3789
3798
3988
3799
3989
3791
3990
3792
3991
3793
3992
3794
3993
3795
3994
3796
3995
3797
3996
3798
3997
3799
3998
3999
3801
3810
3802
3811
3803
3812
3804
3813
3805
3814
3806
3815
3807
3816
3808
3817
3809
3818
3819
3811
3820
3812
3821
3813
3822
3814
3823
3815
3824
3816
3825
3817
3826
3818
3827
3819
3828
3829
3821
3830
3822
3831
3823
3832
3824
3833
3825
3834
3826
3835
3827
3836
3828
3837
3829
3838
3839
3831
3840
3832
3841
3833
3842
3834
3843
3835
3844
3836
3845
3837
3846
3838
3847
3839
3848
3849
3841
3850
3842
3851
3843
3852
3844
3853
3845
3854
3846
3855
3847
3856
3848
3857
3849
3858
3859
3851
3860
3852
3861
3853
3862
3854
3863
3855
3864
3856
3865
3857
3866
3858
3867
3859
3868
3869
3861
3870
3862
3871
3863
3872
3864
3873
3865
3874
3866
3875
3867
3876
3868
3877
3869
3878
3879
3871
3880
3872
3881
3873
3882
3874
3883
3875
3884
3876
3885
3877
3886
3878
3887
3879
3888
3889
3881
3890
3882
3891
3883
3892
3884
3893
3885
3894
3886
3895
3887
3896
3888
3897
3889
3898
3899
3891
3900
3892
3901
3893
3902
3894
3903
3895
3904
3896
3905
3897
3906
3898
3907
3899
3908
3909
3901
3910
3902
3911
3903
3912
3904
3913
3905
3914
3906
3915
3907
3916
3908
3917
3909
3918
3919
3911
3920
3912
3921
3913
3922
3914
3923
3915
3924
3916
3925
3917
3926
3918
3927
3919
3928
3929
3921
3930
3922
3931
3923
3932
3924
3933
3925
3934
3926
3935
3927
3936
3928
3937
3929
3938
3939
3931
3940
3932
3941
3933
3942
3934
3943
3935
3944
3936
3945
3937
3946
3938
3947
3939
3948
3949
3941
3950
3942
3951
3943
3952
3944
3953
3945
3954
3946
3955
3947
3956
3948
3957
3949
3958
3959
3951
3960
3952
3961
3953
3962
3954
3963
3955
3964
3956
3965
3957
3966
3958
3967
3959
3968
3969
3961
3970
3962
3971
3963
3972
3964
3973
3965
3974
3966
3975
3967
3976
3968
3977
3969
3978
3979
3971
3980
3972
3981
3973
3982
3974
3983
3975
3984
3976
3985
3977
3986
3978
3987
3979
3988
3989
3981
3990
3982
3991
3983
3992
3984
3993
3985
3994
3986
3995
3987
3996
3988
3997
3989
3998
3999
3991
3992
3993
3994
3995
3996
3997
3998
3999
)


// ************************************************************************* //
