/*--------------------------------*- C++ -*----------------------------------*\
  =========                 |
  \\      /  F ield         | OpenFOAM: The Open Source CFD Toolbox
   \\    /   O peration     | Website:  https://openfoam.org
    \\  /    A nd           | Version:  7
     \\/     M anipulation  |
\*---------------------------------------------------------------------------*/
FoamFile
{
    version     2.0;
    format      ascii;
    class       labelList;
    note        "nPoints:13241  nCells:3200  nFaces:16400  nInternalFaces:2800";
    location    "constant/pyrolysisRegion/polyMesh";
    object      owner;
}
// * * * * * * * * * * * * * * * * * * * * * * * * * * * * * * * * * * * * * //


16400
(
0
1
2
3
4
5
6
8
9
10
11
12
13
14
16
17
18
19
20
21
22
24
25
26
27
28
29
30
32
33
34
35
36
37
38
40
41
42
43
44
45
46
48
49
50
51
52
53
54
56
57
58
59
60
61
62
64
65
66
67
68
69
70
72
73
74
75
76
77
78
80
81
82
83
84
85
86
88
89
90
91
92
93
94
96
97
98
99
100
101
102
104
105
106
107
108
109
110
112
113
114
115
116
117
118
120
121
122
123
124
125
126
128
129
130
131
132
133
134
136
137
138
139
140
141
142
144
145
146
147
148
149
150
152
153
154
155
156
157
158
160
161
162
163
164
165
166
168
169
170
171
172
173
174
176
177
178
179
180
181
182
184
185
186
187
188
189
190
192
193
194
195
196
197
198
200
201
202
203
204
205
206
208
209
210
211
212
213
214
216
217
218
219
220
221
222
224
225
226
227
228
229
230
232
233
234
235
236
237
238
240
241
242
243
244
245
246
248
249
250
251
252
253
254
256
257
258
259
260
261
262
264
265
266
267
268
269
270
272
273
274
275
276
277
278
280
281
282
283
284
285
286
288
289
290
291
292
293
294
296
297
298
299
300
301
302
304
305
306
307
308
309
310
312
313
314
315
316
317
318
320
321
322
323
324
325
326
328
329
330
331
332
333
334
336
337
338
339
340
341
342
344
345
346
347
348
349
350
352
353
354
355
356
357
358
360
361
362
363
364
365
366
368
369
370
371
372
373
374
376
377
378
379
380
381
382
384
385
386
387
388
389
390
392
393
394
395
396
397
398
400
401
402
403
404
405
406
408
409
410
411
412
413
414
416
417
418
419
420
421
422
424
425
426
427
428
429
430
432
433
434
435
436
437
438
440
441
442
443
444
445
446
448
449
450
451
452
453
454
456
457
458
459
460
461
462
464
465
466
467
468
469
470
472
473
474
475
476
477
478
480
481
482
483
484
485
486
488
489
490
491
492
493
494
496
497
498
499
500
501
502
504
505
506
507
508
509
510
512
513
514
515
516
517
518
520
521
522
523
524
525
526
528
529
530
531
532
533
534
536
537
538
539
540
541
542
544
545
546
547
548
549
550
552
553
554
555
556
557
558
560
561
562
563
564
565
566
568
569
570
571
572
573
574
576
577
578
579
580
581
582
584
585
586
587
588
589
590
592
593
594
595
596
597
598
600
601
602
603
604
605
606
608
609
610
611
612
613
614
616
617
618
619
620
621
622
624
625
626
627
628
629
630
632
633
634
635
636
637
638
640
641
642
643
644
645
646
648
649
650
651
652
653
654
656
657
658
659
660
661
662
664
665
666
667
668
669
670
672
673
674
675
676
677
678
680
681
682
683
684
685
686
688
689
690
691
692
693
694
696
697
698
699
700
701
702
704
705
706
707
708
709
710
712
713
714
715
716
717
718
720
721
722
723
724
725
726
728
729
730
731
732
733
734
736
737
738
739
740
741
742
744
745
746
747
748
749
750
752
753
754
755
756
757
758
760
761
762
763
764
765
766
768
769
770
771
772
773
774
776
777
778
779
780
781
782
784
785
786
787
788
789
790
792
793
794
795
796
797
798
800
801
802
803
804
805
806
808
809
810
811
812
813
814
816
817
818
819
820
821
822
824
825
826
827
828
829
830
832
833
834
835
836
837
838
840
841
842
843
844
845
846
848
849
850
851
852
853
854
856
857
858
859
860
861
862
864
865
866
867
868
869
870
872
873
874
875
876
877
878
880
881
882
883
884
885
886
888
889
890
891
892
893
894
896
897
898
899
900
901
902
904
905
906
907
908
909
910
912
913
914
915
916
917
918
920
921
922
923
924
925
926
928
929
930
931
932
933
934
936
937
938
939
940
941
942
944
945
946
947
948
949
950
952
953
954
955
956
957
958
960
961
962
963
964
965
966
968
969
970
971
972
973
974
976
977
978
979
980
981
982
984
985
986
987
988
989
990
992
993
994
995
996
997
998
1000
1001
1002
1003
1004
1005
1006
1008
1009
1010
1011
1012
1013
1014
1016
1017
1018
1019
1020
1021
1022
1024
1025
1026
1027
1028
1029
1030
1032
1033
1034
1035
1036
1037
1038
1040
1041
1042
1043
1044
1045
1046
1048
1049
1050
1051
1052
1053
1054
1056
1057
1058
1059
1060
1061
1062
1064
1065
1066
1067
1068
1069
1070
1072
1073
1074
1075
1076
1077
1078
1080
1081
1082
1083
1084
1085
1086
1088
1089
1090
1091
1092
1093
1094
1096
1097
1098
1099
1100
1101
1102
1104
1105
1106
1107
1108
1109
1110
1112
1113
1114
1115
1116
1117
1118
1120
1121
1122
1123
1124
1125
1126
1128
1129
1130
1131
1132
1133
1134
1136
1137
1138
1139
1140
1141
1142
1144
1145
1146
1147
1148
1149
1150
1152
1153
1154
1155
1156
1157
1158
1160
1161
1162
1163
1164
1165
1166
1168
1169
1170
1171
1172
1173
1174
1176
1177
1178
1179
1180
1181
1182
1184
1185
1186
1187
1188
1189
1190
1192
1193
1194
1195
1196
1197
1198
1200
1201
1202
1203
1204
1205
1206
1208
1209
1210
1211
1212
1213
1214
1216
1217
1218
1219
1220
1221
1222
1224
1225
1226
1227
1228
1229
1230
1232
1233
1234
1235
1236
1237
1238
1240
1241
1242
1243
1244
1245
1246
1248
1249
1250
1251
1252
1253
1254
1256
1257
1258
1259
1260
1261
1262
1264
1265
1266
1267
1268
1269
1270
1272
1273
1274
1275
1276
1277
1278
1280
1281
1282
1283
1284
1285
1286
1288
1289
1290
1291
1292
1293
1294
1296
1297
1298
1299
1300
1301
1302
1304
1305
1306
1307
1308
1309
1310
1312
1313
1314
1315
1316
1317
1318
1320
1321
1322
1323
1324
1325
1326
1328
1329
1330
1331
1332
1333
1334
1336
1337
1338
1339
1340
1341
1342
1344
1345
1346
1347
1348
1349
1350
1352
1353
1354
1355
1356
1357
1358
1360
1361
1362
1363
1364
1365
1366
1368
1369
1370
1371
1372
1373
1374
1376
1377
1378
1379
1380
1381
1382
1384
1385
1386
1387
1388
1389
1390
1392
1393
1394
1395
1396
1397
1398
1400
1401
1402
1403
1404
1405
1406
1408
1409
1410
1411
1412
1413
1414
1416
1417
1418
1419
1420
1421
1422
1424
1425
1426
1427
1428
1429
1430
1432
1433
1434
1435
1436
1437
1438
1440
1441
1442
1443
1444
1445
1446
1448
1449
1450
1451
1452
1453
1454
1456
1457
1458
1459
1460
1461
1462
1464
1465
1466
1467
1468
1469
1470
1472
1473
1474
1475
1476
1477
1478
1480
1481
1482
1483
1484
1485
1486
1488
1489
1490
1491
1492
1493
1494
1496
1497
1498
1499
1500
1501
1502
1504
1505
1506
1507
1508
1509
1510
1512
1513
1514
1515
1516
1517
1518
1520
1521
1522
1523
1524
1525
1526
1528
1529
1530
1531
1532
1533
1534
1536
1537
1538
1539
1540
1541
1542
1544
1545
1546
1547
1548
1549
1550
1552
1553
1554
1555
1556
1557
1558
1560
1561
1562
1563
1564
1565
1566
1568
1569
1570
1571
1572
1573
1574
1576
1577
1578
1579
1580
1581
1582
1584
1585
1586
1587
1588
1589
1590
1592
1593
1594
1595
1596
1597
1598
1600
1601
1602
1603
1604
1605
1606
1608
1609
1610
1611
1612
1613
1614
1616
1617
1618
1619
1620
1621
1622
1624
1625
1626
1627
1628
1629
1630
1632
1633
1634
1635
1636
1637
1638
1640
1641
1642
1643
1644
1645
1646
1648
1649
1650
1651
1652
1653
1654
1656
1657
1658
1659
1660
1661
1662
1664
1665
1666
1667
1668
1669
1670
1672
1673
1674
1675
1676
1677
1678
1680
1681
1682
1683
1684
1685
1686
1688
1689
1690
1691
1692
1693
1694
1696
1697
1698
1699
1700
1701
1702
1704
1705
1706
1707
1708
1709
1710
1712
1713
1714
1715
1716
1717
1718
1720
1721
1722
1723
1724
1725
1726
1728
1729
1730
1731
1732
1733
1734
1736
1737
1738
1739
1740
1741
1742
1744
1745
1746
1747
1748
1749
1750
1752
1753
1754
1755
1756
1757
1758
1760
1761
1762
1763
1764
1765
1766
1768
1769
1770
1771
1772
1773
1774
1776
1777
1778
1779
1780
1781
1782
1784
1785
1786
1787
1788
1789
1790
1792
1793
1794
1795
1796
1797
1798
1800
1801
1802
1803
1804
1805
1806
1808
1809
1810
1811
1812
1813
1814
1816
1817
1818
1819
1820
1821
1822
1824
1825
1826
1827
1828
1829
1830
1832
1833
1834
1835
1836
1837
1838
1840
1841
1842
1843
1844
1845
1846
1848
1849
1850
1851
1852
1853
1854
1856
1857
1858
1859
1860
1861
1862
1864
1865
1866
1867
1868
1869
1870
1872
1873
1874
1875
1876
1877
1878
1880
1881
1882
1883
1884
1885
1886
1888
1889
1890
1891
1892
1893
1894
1896
1897
1898
1899
1900
1901
1902
1904
1905
1906
1907
1908
1909
1910
1912
1913
1914
1915
1916
1917
1918
1920
1921
1922
1923
1924
1925
1926
1928
1929
1930
1931
1932
1933
1934
1936
1937
1938
1939
1940
1941
1942
1944
1945
1946
1947
1948
1949
1950
1952
1953
1954
1955
1956
1957
1958
1960
1961
1962
1963
1964
1965
1966
1968
1969
1970
1971
1972
1973
1974
1976
1977
1978
1979
1980
1981
1982
1984
1985
1986
1987
1988
1989
1990
1992
1993
1994
1995
1996
1997
1998
2000
2001
2002
2003
2004
2005
2006
2008
2009
2010
2011
2012
2013
2014
2016
2017
2018
2019
2020
2021
2022
2024
2025
2026
2027
2028
2029
2030
2032
2033
2034
2035
2036
2037
2038
2040
2041
2042
2043
2044
2045
2046
2048
2049
2050
2051
2052
2053
2054
2056
2057
2058
2059
2060
2061
2062
2064
2065
2066
2067
2068
2069
2070
2072
2073
2074
2075
2076
2077
2078
2080
2081
2082
2083
2084
2085
2086
2088
2089
2090
2091
2092
2093
2094
2096
2097
2098
2099
2100
2101
2102
2104
2105
2106
2107
2108
2109
2110
2112
2113
2114
2115
2116
2117
2118
2120
2121
2122
2123
2124
2125
2126
2128
2129
2130
2131
2132
2133
2134
2136
2137
2138
2139
2140
2141
2142
2144
2145
2146
2147
2148
2149
2150
2152
2153
2154
2155
2156
2157
2158
2160
2161
2162
2163
2164
2165
2166
2168
2169
2170
2171
2172
2173
2174
2176
2177
2178
2179
2180
2181
2182
2184
2185
2186
2187
2188
2189
2190
2192
2193
2194
2195
2196
2197
2198
2200
2201
2202
2203
2204
2205
2206
2208
2209
2210
2211
2212
2213
2214
2216
2217
2218
2219
2220
2221
2222
2224
2225
2226
2227
2228
2229
2230
2232
2233
2234
2235
2236
2237
2238
2240
2241
2242
2243
2244
2245
2246
2248
2249
2250
2251
2252
2253
2254
2256
2257
2258
2259
2260
2261
2262
2264
2265
2266
2267
2268
2269
2270
2272
2273
2274
2275
2276
2277
2278
2280
2281
2282
2283
2284
2285
2286
2288
2289
2290
2291
2292
2293
2294
2296
2297
2298
2299
2300
2301
2302
2304
2305
2306
2307
2308
2309
2310
2312
2313
2314
2315
2316
2317
2318
2320
2321
2322
2323
2324
2325
2326
2328
2329
2330
2331
2332
2333
2334
2336
2337
2338
2339
2340
2341
2342
2344
2345
2346
2347
2348
2349
2350
2352
2353
2354
2355
2356
2357
2358
2360
2361
2362
2363
2364
2365
2366
2368
2369
2370
2371
2372
2373
2374
2376
2377
2378
2379
2380
2381
2382
2384
2385
2386
2387
2388
2389
2390
2392
2393
2394
2395
2396
2397
2398
2400
2401
2402
2403
2404
2405
2406
2408
2409
2410
2411
2412
2413
2414
2416
2417
2418
2419
2420
2421
2422
2424
2425
2426
2427
2428
2429
2430
2432
2433
2434
2435
2436
2437
2438
2440
2441
2442
2443
2444
2445
2446
2448
2449
2450
2451
2452
2453
2454
2456
2457
2458
2459
2460
2461
2462
2464
2465
2466
2467
2468
2469
2470
2472
2473
2474
2475
2476
2477
2478
2480
2481
2482
2483
2484
2485
2486
2488
2489
2490
2491
2492
2493
2494
2496
2497
2498
2499
2500
2501
2502
2504
2505
2506
2507
2508
2509
2510
2512
2513
2514
2515
2516
2517
2518
2520
2521
2522
2523
2524
2525
2526
2528
2529
2530
2531
2532
2533
2534
2536
2537
2538
2539
2540
2541
2542
2544
2545
2546
2547
2548
2549
2550
2552
2553
2554
2555
2556
2557
2558
2560
2561
2562
2563
2564
2565
2566
2568
2569
2570
2571
2572
2573
2574
2576
2577
2578
2579
2580
2581
2582
2584
2585
2586
2587
2588
2589
2590
2592
2593
2594
2595
2596
2597
2598
2600
2601
2602
2603
2604
2605
2606
2608
2609
2610
2611
2612
2613
2614
2616
2617
2618
2619
2620
2621
2622
2624
2625
2626
2627
2628
2629
2630
2632
2633
2634
2635
2636
2637
2638
2640
2641
2642
2643
2644
2645
2646
2648
2649
2650
2651
2652
2653
2654
2656
2657
2658
2659
2660
2661
2662
2664
2665
2666
2667
2668
2669
2670
2672
2673
2674
2675
2676
2677
2678
2680
2681
2682
2683
2684
2685
2686
2688
2689
2690
2691
2692
2693
2694
2696
2697
2698
2699
2700
2701
2702
2704
2705
2706
2707
2708
2709
2710
2712
2713
2714
2715
2716
2717
2718
2720
2721
2722
2723
2724
2725
2726
2728
2729
2730
2731
2732
2733
2734
2736
2737
2738
2739
2740
2741
2742
2744
2745
2746
2747
2748
2749
2750
2752
2753
2754
2755
2756
2757
2758
2760
2761
2762
2763
2764
2765
2766
2768
2769
2770
2771
2772
2773
2774
2776
2777
2778
2779
2780
2781
2782
2784
2785
2786
2787
2788
2789
2790
2792
2793
2794
2795
2796
2797
2798
2800
2801
2802
2803
2804
2805
2806
2808
2809
2810
2811
2812
2813
2814
2816
2817
2818
2819
2820
2821
2822
2824
2825
2826
2827
2828
2829
2830
2832
2833
2834
2835
2836
2837
2838
2840
2841
2842
2843
2844
2845
2846
2848
2849
2850
2851
2852
2853
2854
2856
2857
2858
2859
2860
2861
2862
2864
2865
2866
2867
2868
2869
2870
2872
2873
2874
2875
2876
2877
2878
2880
2881
2882
2883
2884
2885
2886
2888
2889
2890
2891
2892
2893
2894
2896
2897
2898
2899
2900
2901
2902
2904
2905
2906
2907
2908
2909
2910
2912
2913
2914
2915
2916
2917
2918
2920
2921
2922
2923
2924
2925
2926
2928
2929
2930
2931
2932
2933
2934
2936
2937
2938
2939
2940
2941
2942
2944
2945
2946
2947
2948
2949
2950
2952
2953
2954
2955
2956
2957
2958
2960
2961
2962
2963
2964
2965
2966
2968
2969
2970
2971
2972
2973
2974
2976
2977
2978
2979
2980
2981
2982
2984
2985
2986
2987
2988
2989
2990
2992
2993
2994
2995
2996
2997
2998
3000
3001
3002
3003
3004
3005
3006
3008
3009
3010
3011
3012
3013
3014
3016
3017
3018
3019
3020
3021
3022
3024
3025
3026
3027
3028
3029
3030
3032
3033
3034
3035
3036
3037
3038
3040
3041
3042
3043
3044
3045
3046
3048
3049
3050
3051
3052
3053
3054
3056
3057
3058
3059
3060
3061
3062
3064
3065
3066
3067
3068
3069
3070
3072
3073
3074
3075
3076
3077
3078
3080
3081
3082
3083
3084
3085
3086
3088
3089
3090
3091
3092
3093
3094
3096
3097
3098
3099
3100
3101
3102
3104
3105
3106
3107
3108
3109
3110
3112
3113
3114
3115
3116
3117
3118
3120
3121
3122
3123
3124
3125
3126
3128
3129
3130
3131
3132
3133
3134
3136
3137
3138
3139
3140
3141
3142
3144
3145
3146
3147
3148
3149
3150
3152
3153
3154
3155
3156
3157
3158
3160
3161
3162
3163
3164
3165
3166
3168
3169
3170
3171
3172
3173
3174
3176
3177
3178
3179
3180
3181
3182
3184
3185
3186
3187
3188
3189
3190
3192
3193
3194
3195
3196
3197
3198
7
15
23
31
39
47
55
63
71
79
87
95
103
111
119
127
135
143
151
159
167
175
183
191
199
207
215
223
231
239
247
255
263
271
279
287
295
303
311
319
327
335
343
351
359
367
375
383
391
399
407
415
423
431
439
447
455
463
471
479
487
495
503
511
519
527
535
543
551
559
567
575
583
591
599
607
615
623
631
639
647
655
663
671
679
687
695
703
711
719
727
735
743
751
759
767
775
783
791
799
807
815
823
831
839
847
855
863
871
879
887
895
903
911
919
927
935
943
951
959
967
975
983
991
999
1007
1015
1023
1031
1039
1047
1055
1063
1071
1079
1087
1095
1103
1111
1119
1127
1135
1143
1151
1159
1167
1175
1183
1191
1199
1207
1215
1223
1231
1239
1247
1255
1263
1271
1279
1287
1295
1303
1311
1319
1327
1335
1343
1351
1359
1367
1375
1383
1391
1399
1407
1415
1423
1431
1439
1447
1455
1463
1471
1479
1487
1495
1503
1511
1519
1527
1535
1543
1551
1559
1567
1575
1583
1591
1599
1607
1615
1623
1631
1639
1647
1655
1663
1671
1679
1687
1695
1703
1711
1719
1727
1735
1743
1751
1759
1767
1775
1783
1791
1799
1807
1815
1823
1831
1839
1847
1855
1863
1871
1879
1887
1895
1903
1911
1919
1927
1935
1943
1951
1959
1967
1975
1983
1991
1999
2007
2015
2023
2031
2039
2047
2055
2063
2071
2079
2087
2095
2103
2111
2119
2127
2135
2143
2151
2159
2167
2175
2183
2191
2199
2207
2215
2223
2231
2239
2247
2255
2263
2271
2279
2287
2295
2303
2311
2319
2327
2335
2343
2351
2359
2367
2375
2383
2391
2399
2407
2415
2423
2431
2439
2447
2455
2463
2471
2479
2487
2495
2503
2511
2519
2527
2535
2543
2551
2559
2567
2575
2583
2591
2599
2607
2615
2623
2631
2639
2647
2655
2663
2671
2679
2687
2695
2703
2711
2719
2727
2735
2743
2751
2759
2767
2775
2783
2791
2799
2807
2815
2823
2831
2839
2847
2855
2863
2871
2879
2887
2895
2903
2911
2919
2927
2935
2943
2951
2959
2967
2975
2983
2991
2999
3007
3015
3023
3031
3039
3047
3055
3063
3071
3079
3087
3095
3103
3111
3119
3127
3135
3143
3151
3159
3167
3175
3183
3191
3199
0
8
16
24
32
40
48
56
64
72
80
88
96
104
112
120
128
136
144
152
160
168
176
184
192
200
208
216
224
232
240
248
256
264
272
280
288
296
304
312
320
328
336
344
352
360
368
376
384
392
400
408
416
424
432
440
448
456
464
472
480
488
496
504
512
520
528
536
544
552
560
568
576
584
592
600
608
616
624
632
640
648
656
664
672
680
688
696
704
712
720
728
736
744
752
760
768
776
784
792
800
808
816
824
832
840
848
856
864
872
880
888
896
904
912
920
928
936
944
952
960
968
976
984
992
1000
1008
1016
1024
1032
1040
1048
1056
1064
1072
1080
1088
1096
1104
1112
1120
1128
1136
1144
1152
1160
1168
1176
1184
1192
1200
1208
1216
1224
1232
1240
1248
1256
1264
1272
1280
1288
1296
1304
1312
1320
1328
1336
1344
1352
1360
1368
1376
1384
1392
1400
1408
1416
1424
1432
1440
1448
1456
1464
1472
1480
1488
1496
1504
1512
1520
1528
1536
1544
1552
1560
1568
1576
1584
1592
1600
1608
1616
1624
1632
1640
1648
1656
1664
1672
1680
1688
1696
1704
1712
1720
1728
1736
1744
1752
1760
1768
1776
1784
1792
1800
1808
1816
1824
1832
1840
1848
1856
1864
1872
1880
1888
1896
1904
1912
1920
1928
1936
1944
1952
1960
1968
1976
1984
1992
2000
2008
2016
2024
2032
2040
2048
2056
2064
2072
2080
2088
2096
2104
2112
2120
2128
2136
2144
2152
2160
2168
2176
2184
2192
2200
2208
2216
2224
2232
2240
2248
2256
2264
2272
2280
2288
2296
2304
2312
2320
2328
2336
2344
2352
2360
2368
2376
2384
2392
2400
2408
2416
2424
2432
2440
2448
2456
2464
2472
2480
2488
2496
2504
2512
2520
2528
2536
2544
2552
2560
2568
2576
2584
2592
2600
2608
2616
2624
2632
2640
2648
2656
2664
2672
2680
2688
2696
2704
2712
2720
2728
2736
2744
2752
2760
2768
2776
2784
2792
2800
2808
2816
2824
2832
2840
2848
2856
2864
2872
2880
2888
2896
2904
2912
2920
2928
2936
2944
2952
2960
2968
2976
2984
2992
3000
3008
3016
3024
3032
3040
3048
3056
3064
3072
3080
3088
3096
3104
3112
3120
3128
3136
3144
3152
3160
3168
3176
3184
3192
0
1
2
3
4
5
6
7
0
1
2
3
4
5
6
7
8
9
10
11
12
13
14
15
8
9
10
11
12
13
14
15
16
17
18
19
20
21
22
23
16
17
18
19
20
21
22
23
24
25
26
27
28
29
30
31
24
25
26
27
28
29
30
31
32
33
34
35
36
37
38
39
32
33
34
35
36
37
38
39
40
41
42
43
44
45
46
47
40
41
42
43
44
45
46
47
48
49
50
51
52
53
54
55
48
49
50
51
52
53
54
55
56
57
58
59
60
61
62
63
56
57
58
59
60
61
62
63
64
65
66
67
68
69
70
71
64
65
66
67
68
69
70
71
72
73
74
75
76
77
78
79
72
73
74
75
76
77
78
79
80
81
82
83
84
85
86
87
80
81
82
83
84
85
86
87
88
89
90
91
92
93
94
95
88
89
90
91
92
93
94
95
96
97
98
99
100
101
102
103
96
97
98
99
100
101
102
103
104
105
106
107
108
109
110
111
104
105
106
107
108
109
110
111
112
113
114
115
116
117
118
119
112
113
114
115
116
117
118
119
120
121
122
123
124
125
126
127
120
121
122
123
124
125
126
127
128
129
130
131
132
133
134
135
128
129
130
131
132
133
134
135
136
137
138
139
140
141
142
143
136
137
138
139
140
141
142
143
144
145
146
147
148
149
150
151
144
145
146
147
148
149
150
151
152
153
154
155
156
157
158
159
160
161
162
163
164
165
166
167
160
161
162
163
164
165
166
167
168
169
170
171
172
173
174
175
168
169
170
171
172
173
174
175
176
177
178
179
180
181
182
183
176
177
178
179
180
181
182
183
184
185
186
187
188
189
190
191
184
185
186
187
188
189
190
191
192
193
194
195
196
197
198
199
192
193
194
195
196
197
198
199
200
201
202
203
204
205
206
207
200
201
202
203
204
205
206
207
208
209
210
211
212
213
214
215
208
209
210
211
212
213
214
215
216
217
218
219
220
221
222
223
216
217
218
219
220
221
222
223
224
225
226
227
228
229
230
231
224
225
226
227
228
229
230
231
232
233
234
235
236
237
238
239
232
233
234
235
236
237
238
239
240
241
242
243
244
245
246
247
240
241
242
243
244
245
246
247
248
249
250
251
252
253
254
255
248
249
250
251
252
253
254
255
256
257
258
259
260
261
262
263
256
257
258
259
260
261
262
263
264
265
266
267
268
269
270
271
264
265
266
267
268
269
270
271
272
273
274
275
276
277
278
279
272
273
274
275
276
277
278
279
280
281
282
283
284
285
286
287
280
281
282
283
284
285
286
287
288
289
290
291
292
293
294
295
288
289
290
291
292
293
294
295
296
297
298
299
300
301
302
303
296
297
298
299
300
301
302
303
304
305
306
307
308
309
310
311
304
305
306
307
308
309
310
311
312
313
314
315
316
317
318
319
320
321
322
323
324
325
326
327
320
321
322
323
324
325
326
327
328
329
330
331
332
333
334
335
328
329
330
331
332
333
334
335
336
337
338
339
340
341
342
343
336
337
338
339
340
341
342
343
344
345
346
347
348
349
350
351
344
345
346
347
348
349
350
351
352
353
354
355
356
357
358
359
352
353
354
355
356
357
358
359
360
361
362
363
364
365
366
367
360
361
362
363
364
365
366
367
368
369
370
371
372
373
374
375
368
369
370
371
372
373
374
375
376
377
378
379
380
381
382
383
376
377
378
379
380
381
382
383
384
385
386
387
388
389
390
391
384
385
386
387
388
389
390
391
392
393
394
395
396
397
398
399
392
393
394
395
396
397
398
399
400
401
402
403
404
405
406
407
400
401
402
403
404
405
406
407
408
409
410
411
412
413
414
415
408
409
410
411
412
413
414
415
416
417
418
419
420
421
422
423
416
417
418
419
420
421
422
423
424
425
426
427
428
429
430
431
424
425
426
427
428
429
430
431
432
433
434
435
436
437
438
439
432
433
434
435
436
437
438
439
440
441
442
443
444
445
446
447
440
441
442
443
444
445
446
447
448
449
450
451
452
453
454
455
448
449
450
451
452
453
454
455
456
457
458
459
460
461
462
463
456
457
458
459
460
461
462
463
464
465
466
467
468
469
470
471
464
465
466
467
468
469
470
471
472
473
474
475
476
477
478
479
480
481
482
483
484
485
486
487
480
481
482
483
484
485
486
487
488
489
490
491
492
493
494
495
488
489
490
491
492
493
494
495
496
497
498
499
500
501
502
503
496
497
498
499
500
501
502
503
504
505
506
507
508
509
510
511
504
505
506
507
508
509
510
511
512
513
514
515
516
517
518
519
512
513
514
515
516
517
518
519
520
521
522
523
524
525
526
527
520
521
522
523
524
525
526
527
528
529
530
531
532
533
534
535
528
529
530
531
532
533
534
535
536
537
538
539
540
541
542
543
536
537
538
539
540
541
542
543
544
545
546
547
548
549
550
551
544
545
546
547
548
549
550
551
552
553
554
555
556
557
558
559
552
553
554
555
556
557
558
559
560
561
562
563
564
565
566
567
560
561
562
563
564
565
566
567
568
569
570
571
572
573
574
575
568
569
570
571
572
573
574
575
576
577
578
579
580
581
582
583
576
577
578
579
580
581
582
583
584
585
586
587
588
589
590
591
584
585
586
587
588
589
590
591
592
593
594
595
596
597
598
599
592
593
594
595
596
597
598
599
600
601
602
603
604
605
606
607
600
601
602
603
604
605
606
607
608
609
610
611
612
613
614
615
608
609
610
611
612
613
614
615
616
617
618
619
620
621
622
623
616
617
618
619
620
621
622
623
624
625
626
627
628
629
630
631
624
625
626
627
628
629
630
631
632
633
634
635
636
637
638
639
640
641
642
643
644
645
646
647
640
641
642
643
644
645
646
647
648
649
650
651
652
653
654
655
648
649
650
651
652
653
654
655
656
657
658
659
660
661
662
663
656
657
658
659
660
661
662
663
664
665
666
667
668
669
670
671
664
665
666
667
668
669
670
671
672
673
674
675
676
677
678
679
672
673
674
675
676
677
678
679
680
681
682
683
684
685
686
687
680
681
682
683
684
685
686
687
688
689
690
691
692
693
694
695
688
689
690
691
692
693
694
695
696
697
698
699
700
701
702
703
696
697
698
699
700
701
702
703
704
705
706
707
708
709
710
711
704
705
706
707
708
709
710
711
712
713
714
715
716
717
718
719
712
713
714
715
716
717
718
719
720
721
722
723
724
725
726
727
720
721
722
723
724
725
726
727
728
729
730
731
732
733
734
735
728
729
730
731
732
733
734
735
736
737
738
739
740
741
742
743
736
737
738
739
740
741
742
743
744
745
746
747
748
749
750
751
744
745
746
747
748
749
750
751
752
753
754
755
756
757
758
759
752
753
754
755
756
757
758
759
760
761
762
763
764
765
766
767
760
761
762
763
764
765
766
767
768
769
770
771
772
773
774
775
768
769
770
771
772
773
774
775
776
777
778
779
780
781
782
783
776
777
778
779
780
781
782
783
784
785
786
787
788
789
790
791
784
785
786
787
788
789
790
791
792
793
794
795
796
797
798
799
800
801
802
803
804
805
806
807
800
801
802
803
804
805
806
807
808
809
810
811
812
813
814
815
808
809
810
811
812
813
814
815
816
817
818
819
820
821
822
823
816
817
818
819
820
821
822
823
824
825
826
827
828
829
830
831
824
825
826
827
828
829
830
831
832
833
834
835
836
837
838
839
832
833
834
835
836
837
838
839
840
841
842
843
844
845
846
847
840
841
842
843
844
845
846
847
848
849
850
851
852
853
854
855
848
849
850
851
852
853
854
855
856
857
858
859
860
861
862
863
856
857
858
859
860
861
862
863
864
865
866
867
868
869
870
871
864
865
866
867
868
869
870
871
872
873
874
875
876
877
878
879
872
873
874
875
876
877
878
879
880
881
882
883
884
885
886
887
880
881
882
883
884
885
886
887
888
889
890
891
892
893
894
895
888
889
890
891
892
893
894
895
896
897
898
899
900
901
902
903
896
897
898
899
900
901
902
903
904
905
906
907
908
909
910
911
904
905
906
907
908
909
910
911
912
913
914
915
916
917
918
919
912
913
914
915
916
917
918
919
920
921
922
923
924
925
926
927
920
921
922
923
924
925
926
927
928
929
930
931
932
933
934
935
928
929
930
931
932
933
934
935
936
937
938
939
940
941
942
943
936
937
938
939
940
941
942
943
944
945
946
947
948
949
950
951
944
945
946
947
948
949
950
951
952
953
954
955
956
957
958
959
960
961
962
963
964
965
966
967
960
961
962
963
964
965
966
967
968
969
970
971
972
973
974
975
968
969
970
971
972
973
974
975
976
977
978
979
980
981
982
983
976
977
978
979
980
981
982
983
984
985
986
987
988
989
990
991
984
985
986
987
988
989
990
991
992
993
994
995
996
997
998
999
992
993
994
995
996
997
998
999
1000
1001
1002
1003
1004
1005
1006
1007
1000
1001
1002
1003
1004
1005
1006
1007
1008
1009
1010
1011
1012
1013
1014
1015
1008
1009
1010
1011
1012
1013
1014
1015
1016
1017
1018
1019
1020
1021
1022
1023
1016
1017
1018
1019
1020
1021
1022
1023
1024
1025
1026
1027
1028
1029
1030
1031
1024
1025
1026
1027
1028
1029
1030
1031
1032
1033
1034
1035
1036
1037
1038
1039
1032
1033
1034
1035
1036
1037
1038
1039
1040
1041
1042
1043
1044
1045
1046
1047
1040
1041
1042
1043
1044
1045
1046
1047
1048
1049
1050
1051
1052
1053
1054
1055
1048
1049
1050
1051
1052
1053
1054
1055
1056
1057
1058
1059
1060
1061
1062
1063
1056
1057
1058
1059
1060
1061
1062
1063
1064
1065
1066
1067
1068
1069
1070
1071
1064
1065
1066
1067
1068
1069
1070
1071
1072
1073
1074
1075
1076
1077
1078
1079
1072
1073
1074
1075
1076
1077
1078
1079
1080
1081
1082
1083
1084
1085
1086
1087
1080
1081
1082
1083
1084
1085
1086
1087
1088
1089
1090
1091
1092
1093
1094
1095
1088
1089
1090
1091
1092
1093
1094
1095
1096
1097
1098
1099
1100
1101
1102
1103
1096
1097
1098
1099
1100
1101
1102
1103
1104
1105
1106
1107
1108
1109
1110
1111
1104
1105
1106
1107
1108
1109
1110
1111
1112
1113
1114
1115
1116
1117
1118
1119
1120
1121
1122
1123
1124
1125
1126
1127
1120
1121
1122
1123
1124
1125
1126
1127
1128
1129
1130
1131
1132
1133
1134
1135
1128
1129
1130
1131
1132
1133
1134
1135
1136
1137
1138
1139
1140
1141
1142
1143
1136
1137
1138
1139
1140
1141
1142
1143
1144
1145
1146
1147
1148
1149
1150
1151
1144
1145
1146
1147
1148
1149
1150
1151
1152
1153
1154
1155
1156
1157
1158
1159
1152
1153
1154
1155
1156
1157
1158
1159
1160
1161
1162
1163
1164
1165
1166
1167
1160
1161
1162
1163
1164
1165
1166
1167
1168
1169
1170
1171
1172
1173
1174
1175
1168
1169
1170
1171
1172
1173
1174
1175
1176
1177
1178
1179
1180
1181
1182
1183
1176
1177
1178
1179
1180
1181
1182
1183
1184
1185
1186
1187
1188
1189
1190
1191
1184
1185
1186
1187
1188
1189
1190
1191
1192
1193
1194
1195
1196
1197
1198
1199
1192
1193
1194
1195
1196
1197
1198
1199
1200
1201
1202
1203
1204
1205
1206
1207
1200
1201
1202
1203
1204
1205
1206
1207
1208
1209
1210
1211
1212
1213
1214
1215
1208
1209
1210
1211
1212
1213
1214
1215
1216
1217
1218
1219
1220
1221
1222
1223
1216
1217
1218
1219
1220
1221
1222
1223
1224
1225
1226
1227
1228
1229
1230
1231
1224
1225
1226
1227
1228
1229
1230
1231
1232
1233
1234
1235
1236
1237
1238
1239
1232
1233
1234
1235
1236
1237
1238
1239
1240
1241
1242
1243
1244
1245
1246
1247
1240
1241
1242
1243
1244
1245
1246
1247
1248
1249
1250
1251
1252
1253
1254
1255
1248
1249
1250
1251
1252
1253
1254
1255
1256
1257
1258
1259
1260
1261
1262
1263
1256
1257
1258
1259
1260
1261
1262
1263
1264
1265
1266
1267
1268
1269
1270
1271
1264
1265
1266
1267
1268
1269
1270
1271
1272
1273
1274
1275
1276
1277
1278
1279
1280
1281
1282
1283
1284
1285
1286
1287
1280
1281
1282
1283
1284
1285
1286
1287
1288
1289
1290
1291
1292
1293
1294
1295
1288
1289
1290
1291
1292
1293
1294
1295
1296
1297
1298
1299
1300
1301
1302
1303
1296
1297
1298
1299
1300
1301
1302
1303
1304
1305
1306
1307
1308
1309
1310
1311
1304
1305
1306
1307
1308
1309
1310
1311
1312
1313
1314
1315
1316
1317
1318
1319
1312
1313
1314
1315
1316
1317
1318
1319
1320
1321
1322
1323
1324
1325
1326
1327
1320
1321
1322
1323
1324
1325
1326
1327
1328
1329
1330
1331
1332
1333
1334
1335
1328
1329
1330
1331
1332
1333
1334
1335
1336
1337
1338
1339
1340
1341
1342
1343
1336
1337
1338
1339
1340
1341
1342
1343
1344
1345
1346
1347
1348
1349
1350
1351
1344
1345
1346
1347
1348
1349
1350
1351
1352
1353
1354
1355
1356
1357
1358
1359
1352
1353
1354
1355
1356
1357
1358
1359
1360
1361
1362
1363
1364
1365
1366
1367
1360
1361
1362
1363
1364
1365
1366
1367
1368
1369
1370
1371
1372
1373
1374
1375
1368
1369
1370
1371
1372
1373
1374
1375
1376
1377
1378
1379
1380
1381
1382
1383
1376
1377
1378
1379
1380
1381
1382
1383
1384
1385
1386
1387
1388
1389
1390
1391
1384
1385
1386
1387
1388
1389
1390
1391
1392
1393
1394
1395
1396
1397
1398
1399
1392
1393
1394
1395
1396
1397
1398
1399
1400
1401
1402
1403
1404
1405
1406
1407
1400
1401
1402
1403
1404
1405
1406
1407
1408
1409
1410
1411
1412
1413
1414
1415
1408
1409
1410
1411
1412
1413
1414
1415
1416
1417
1418
1419
1420
1421
1422
1423
1416
1417
1418
1419
1420
1421
1422
1423
1424
1425
1426
1427
1428
1429
1430
1431
1424
1425
1426
1427
1428
1429
1430
1431
1432
1433
1434
1435
1436
1437
1438
1439
1440
1441
1442
1443
1444
1445
1446
1447
1440
1441
1442
1443
1444
1445
1446
1447
1448
1449
1450
1451
1452
1453
1454
1455
1448
1449
1450
1451
1452
1453
1454
1455
1456
1457
1458
1459
1460
1461
1462
1463
1456
1457
1458
1459
1460
1461
1462
1463
1464
1465
1466
1467
1468
1469
1470
1471
1464
1465
1466
1467
1468
1469
1470
1471
1472
1473
1474
1475
1476
1477
1478
1479
1472
1473
1474
1475
1476
1477
1478
1479
1480
1481
1482
1483
1484
1485
1486
1487
1480
1481
1482
1483
1484
1485
1486
1487
1488
1489
1490
1491
1492
1493
1494
1495
1488
1489
1490
1491
1492
1493
1494
1495
1496
1497
1498
1499
1500
1501
1502
1503
1496
1497
1498
1499
1500
1501
1502
1503
1504
1505
1506
1507
1508
1509
1510
1511
1504
1505
1506
1507
1508
1509
1510
1511
1512
1513
1514
1515
1516
1517
1518
1519
1512
1513
1514
1515
1516
1517
1518
1519
1520
1521
1522
1523
1524
1525
1526
1527
1520
1521
1522
1523
1524
1525
1526
1527
1528
1529
1530
1531
1532
1533
1534
1535
1528
1529
1530
1531
1532
1533
1534
1535
1536
1537
1538
1539
1540
1541
1542
1543
1536
1537
1538
1539
1540
1541
1542
1543
1544
1545
1546
1547
1548
1549
1550
1551
1544
1545
1546
1547
1548
1549
1550
1551
1552
1553
1554
1555
1556
1557
1558
1559
1552
1553
1554
1555
1556
1557
1558
1559
1560
1561
1562
1563
1564
1565
1566
1567
1560
1561
1562
1563
1564
1565
1566
1567
1568
1569
1570
1571
1572
1573
1574
1575
1568
1569
1570
1571
1572
1573
1574
1575
1576
1577
1578
1579
1580
1581
1582
1583
1576
1577
1578
1579
1580
1581
1582
1583
1584
1585
1586
1587
1588
1589
1590
1591
1584
1585
1586
1587
1588
1589
1590
1591
1592
1593
1594
1595
1596
1597
1598
1599
1600
1601
1602
1603
1604
1605
1606
1607
1600
1601
1602
1603
1604
1605
1606
1607
1608
1609
1610
1611
1612
1613
1614
1615
1608
1609
1610
1611
1612
1613
1614
1615
1616
1617
1618
1619
1620
1621
1622
1623
1616
1617
1618
1619
1620
1621
1622
1623
1624
1625
1626
1627
1628
1629
1630
1631
1624
1625
1626
1627
1628
1629
1630
1631
1632
1633
1634
1635
1636
1637
1638
1639
1632
1633
1634
1635
1636
1637
1638
1639
1640
1641
1642
1643
1644
1645
1646
1647
1640
1641
1642
1643
1644
1645
1646
1647
1648
1649
1650
1651
1652
1653
1654
1655
1648
1649
1650
1651
1652
1653
1654
1655
1656
1657
1658
1659
1660
1661
1662
1663
1656
1657
1658
1659
1660
1661
1662
1663
1664
1665
1666
1667
1668
1669
1670
1671
1664
1665
1666
1667
1668
1669
1670
1671
1672
1673
1674
1675
1676
1677
1678
1679
1672
1673
1674
1675
1676
1677
1678
1679
1680
1681
1682
1683
1684
1685
1686
1687
1680
1681
1682
1683
1684
1685
1686
1687
1688
1689
1690
1691
1692
1693
1694
1695
1688
1689
1690
1691
1692
1693
1694
1695
1696
1697
1698
1699
1700
1701
1702
1703
1696
1697
1698
1699
1700
1701
1702
1703
1704
1705
1706
1707
1708
1709
1710
1711
1704
1705
1706
1707
1708
1709
1710
1711
1712
1713
1714
1715
1716
1717
1718
1719
1712
1713
1714
1715
1716
1717
1718
1719
1720
1721
1722
1723
1724
1725
1726
1727
1720
1721
1722
1723
1724
1725
1726
1727
1728
1729
1730
1731
1732
1733
1734
1735
1728
1729
1730
1731
1732
1733
1734
1735
1736
1737
1738
1739
1740
1741
1742
1743
1736
1737
1738
1739
1740
1741
1742
1743
1744
1745
1746
1747
1748
1749
1750
1751
1744
1745
1746
1747
1748
1749
1750
1751
1752
1753
1754
1755
1756
1757
1758
1759
1760
1761
1762
1763
1764
1765
1766
1767
1760
1761
1762
1763
1764
1765
1766
1767
1768
1769
1770
1771
1772
1773
1774
1775
1768
1769
1770
1771
1772
1773
1774
1775
1776
1777
1778
1779
1780
1781
1782
1783
1776
1777
1778
1779
1780
1781
1782
1783
1784
1785
1786
1787
1788
1789
1790
1791
1784
1785
1786
1787
1788
1789
1790
1791
1792
1793
1794
1795
1796
1797
1798
1799
1792
1793
1794
1795
1796
1797
1798
1799
1800
1801
1802
1803
1804
1805
1806
1807
1800
1801
1802
1803
1804
1805
1806
1807
1808
1809
1810
1811
1812
1813
1814
1815
1808
1809
1810
1811
1812
1813
1814
1815
1816
1817
1818
1819
1820
1821
1822
1823
1816
1817
1818
1819
1820
1821
1822
1823
1824
1825
1826
1827
1828
1829
1830
1831
1824
1825
1826
1827
1828
1829
1830
1831
1832
1833
1834
1835
1836
1837
1838
1839
1832
1833
1834
1835
1836
1837
1838
1839
1840
1841
1842
1843
1844
1845
1846
1847
1840
1841
1842
1843
1844
1845
1846
1847
1848
1849
1850
1851
1852
1853
1854
1855
1848
1849
1850
1851
1852
1853
1854
1855
1856
1857
1858
1859
1860
1861
1862
1863
1856
1857
1858
1859
1860
1861
1862
1863
1864
1865
1866
1867
1868
1869
1870
1871
1864
1865
1866
1867
1868
1869
1870
1871
1872
1873
1874
1875
1876
1877
1878
1879
1872
1873
1874
1875
1876
1877
1878
1879
1880
1881
1882
1883
1884
1885
1886
1887
1880
1881
1882
1883
1884
1885
1886
1887
1888
1889
1890
1891
1892
1893
1894
1895
1888
1889
1890
1891
1892
1893
1894
1895
1896
1897
1898
1899
1900
1901
1902
1903
1896
1897
1898
1899
1900
1901
1902
1903
1904
1905
1906
1907
1908
1909
1910
1911
1904
1905
1906
1907
1908
1909
1910
1911
1912
1913
1914
1915
1916
1917
1918
1919
1920
1921
1922
1923
1924
1925
1926
1927
1920
1921
1922
1923
1924
1925
1926
1927
1928
1929
1930
1931
1932
1933
1934
1935
1928
1929
1930
1931
1932
1933
1934
1935
1936
1937
1938
1939
1940
1941
1942
1943
1936
1937
1938
1939
1940
1941
1942
1943
1944
1945
1946
1947
1948
1949
1950
1951
1944
1945
1946
1947
1948
1949
1950
1951
1952
1953
1954
1955
1956
1957
1958
1959
1952
1953
1954
1955
1956
1957
1958
1959
1960
1961
1962
1963
1964
1965
1966
1967
1960
1961
1962
1963
1964
1965
1966
1967
1968
1969
1970
1971
1972
1973
1974
1975
1968
1969
1970
1971
1972
1973
1974
1975
1976
1977
1978
1979
1980
1981
1982
1983
1976
1977
1978
1979
1980
1981
1982
1983
1984
1985
1986
1987
1988
1989
1990
1991
1984
1985
1986
1987
1988
1989
1990
1991
1992
1993
1994
1995
1996
1997
1998
1999
1992
1993
1994
1995
1996
1997
1998
1999
2000
2001
2002
2003
2004
2005
2006
2007
2000
2001
2002
2003
2004
2005
2006
2007
2008
2009
2010
2011
2012
2013
2014
2015
2008
2009
2010
2011
2012
2013
2014
2015
2016
2017
2018
2019
2020
2021
2022
2023
2016
2017
2018
2019
2020
2021
2022
2023
2024
2025
2026
2027
2028
2029
2030
2031
2024
2025
2026
2027
2028
2029
2030
2031
2032
2033
2034
2035
2036
2037
2038
2039
2032
2033
2034
2035
2036
2037
2038
2039
2040
2041
2042
2043
2044
2045
2046
2047
2040
2041
2042
2043
2044
2045
2046
2047
2048
2049
2050
2051
2052
2053
2054
2055
2048
2049
2050
2051
2052
2053
2054
2055
2056
2057
2058
2059
2060
2061
2062
2063
2056
2057
2058
2059
2060
2061
2062
2063
2064
2065
2066
2067
2068
2069
2070
2071
2064
2065
2066
2067
2068
2069
2070
2071
2072
2073
2074
2075
2076
2077
2078
2079
2080
2081
2082
2083
2084
2085
2086
2087
2080
2081
2082
2083
2084
2085
2086
2087
2088
2089
2090
2091
2092
2093
2094
2095
2088
2089
2090
2091
2092
2093
2094
2095
2096
2097
2098
2099
2100
2101
2102
2103
2096
2097
2098
2099
2100
2101
2102
2103
2104
2105
2106
2107
2108
2109
2110
2111
2104
2105
2106
2107
2108
2109
2110
2111
2112
2113
2114
2115
2116
2117
2118
2119
2112
2113
2114
2115
2116
2117
2118
2119
2120
2121
2122
2123
2124
2125
2126
2127
2120
2121
2122
2123
2124
2125
2126
2127
2128
2129
2130
2131
2132
2133
2134
2135
2128
2129
2130
2131
2132
2133
2134
2135
2136
2137
2138
2139
2140
2141
2142
2143
2136
2137
2138
2139
2140
2141
2142
2143
2144
2145
2146
2147
2148
2149
2150
2151
2144
2145
2146
2147
2148
2149
2150
2151
2152
2153
2154
2155
2156
2157
2158
2159
2152
2153
2154
2155
2156
2157
2158
2159
2160
2161
2162
2163
2164
2165
2166
2167
2160
2161
2162
2163
2164
2165
2166
2167
2168
2169
2170
2171
2172
2173
2174
2175
2168
2169
2170
2171
2172
2173
2174
2175
2176
2177
2178
2179
2180
2181
2182
2183
2176
2177
2178
2179
2180
2181
2182
2183
2184
2185
2186
2187
2188
2189
2190
2191
2184
2185
2186
2187
2188
2189
2190
2191
2192
2193
2194
2195
2196
2197
2198
2199
2192
2193
2194
2195
2196
2197
2198
2199
2200
2201
2202
2203
2204
2205
2206
2207
2200
2201
2202
2203
2204
2205
2206
2207
2208
2209
2210
2211
2212
2213
2214
2215
2208
2209
2210
2211
2212
2213
2214
2215
2216
2217
2218
2219
2220
2221
2222
2223
2216
2217
2218
2219
2220
2221
2222
2223
2224
2225
2226
2227
2228
2229
2230
2231
2224
2225
2226
2227
2228
2229
2230
2231
2232
2233
2234
2235
2236
2237
2238
2239
2240
2241
2242
2243
2244
2245
2246
2247
2240
2241
2242
2243
2244
2245
2246
2247
2248
2249
2250
2251
2252
2253
2254
2255
2248
2249
2250
2251
2252
2253
2254
2255
2256
2257
2258
2259
2260
2261
2262
2263
2256
2257
2258
2259
2260
2261
2262
2263
2264
2265
2266
2267
2268
2269
2270
2271
2264
2265
2266
2267
2268
2269
2270
2271
2272
2273
2274
2275
2276
2277
2278
2279
2272
2273
2274
2275
2276
2277
2278
2279
2280
2281
2282
2283
2284
2285
2286
2287
2280
2281
2282
2283
2284
2285
2286
2287
2288
2289
2290
2291
2292
2293
2294
2295
2288
2289
2290
2291
2292
2293
2294
2295
2296
2297
2298
2299
2300
2301
2302
2303
2296
2297
2298
2299
2300
2301
2302
2303
2304
2305
2306
2307
2308
2309
2310
2311
2304
2305
2306
2307
2308
2309
2310
2311
2312
2313
2314
2315
2316
2317
2318
2319
2312
2313
2314
2315
2316
2317
2318
2319
2320
2321
2322
2323
2324
2325
2326
2327
2320
2321
2322
2323
2324
2325
2326
2327
2328
2329
2330
2331
2332
2333
2334
2335
2328
2329
2330
2331
2332
2333
2334
2335
2336
2337
2338
2339
2340
2341
2342
2343
2336
2337
2338
2339
2340
2341
2342
2343
2344
2345
2346
2347
2348
2349
2350
2351
2344
2345
2346
2347
2348
2349
2350
2351
2352
2353
2354
2355
2356
2357
2358
2359
2352
2353
2354
2355
2356
2357
2358
2359
2360
2361
2362
2363
2364
2365
2366
2367
2360
2361
2362
2363
2364
2365
2366
2367
2368
2369
2370
2371
2372
2373
2374
2375
2368
2369
2370
2371
2372
2373
2374
2375
2376
2377
2378
2379
2380
2381
2382
2383
2376
2377
2378
2379
2380
2381
2382
2383
2384
2385
2386
2387
2388
2389
2390
2391
2384
2385
2386
2387
2388
2389
2390
2391
2392
2393
2394
2395
2396
2397
2398
2399
2400
2401
2402
2403
2404
2405
2406
2407
2400
2401
2402
2403
2404
2405
2406
2407
2408
2409
2410
2411
2412
2413
2414
2415
2408
2409
2410
2411
2412
2413
2414
2415
2416
2417
2418
2419
2420
2421
2422
2423
2416
2417
2418
2419
2420
2421
2422
2423
2424
2425
2426
2427
2428
2429
2430
2431
2424
2425
2426
2427
2428
2429
2430
2431
2432
2433
2434
2435
2436
2437
2438
2439
2432
2433
2434
2435
2436
2437
2438
2439
2440
2441
2442
2443
2444
2445
2446
2447
2440
2441
2442
2443
2444
2445
2446
2447
2448
2449
2450
2451
2452
2453
2454
2455
2448
2449
2450
2451
2452
2453
2454
2455
2456
2457
2458
2459
2460
2461
2462
2463
2456
2457
2458
2459
2460
2461
2462
2463
2464
2465
2466
2467
2468
2469
2470
2471
2464
2465
2466
2467
2468
2469
2470
2471
2472
2473
2474
2475
2476
2477
2478
2479
2472
2473
2474
2475
2476
2477
2478
2479
2480
2481
2482
2483
2484
2485
2486
2487
2480
2481
2482
2483
2484
2485
2486
2487
2488
2489
2490
2491
2492
2493
2494
2495
2488
2489
2490
2491
2492
2493
2494
2495
2496
2497
2498
2499
2500
2501
2502
2503
2496
2497
2498
2499
2500
2501
2502
2503
2504
2505
2506
2507
2508
2509
2510
2511
2504
2505
2506
2507
2508
2509
2510
2511
2512
2513
2514
2515
2516
2517
2518
2519
2512
2513
2514
2515
2516
2517
2518
2519
2520
2521
2522
2523
2524
2525
2526
2527
2520
2521
2522
2523
2524
2525
2526
2527
2528
2529
2530
2531
2532
2533
2534
2535
2528
2529
2530
2531
2532
2533
2534
2535
2536
2537
2538
2539
2540
2541
2542
2543
2536
2537
2538
2539
2540
2541
2542
2543
2544
2545
2546
2547
2548
2549
2550
2551
2544
2545
2546
2547
2548
2549
2550
2551
2552
2553
2554
2555
2556
2557
2558
2559
2560
2561
2562
2563
2564
2565
2566
2567
2560
2561
2562
2563
2564
2565
2566
2567
2568
2569
2570
2571
2572
2573
2574
2575
2568
2569
2570
2571
2572
2573
2574
2575
2576
2577
2578
2579
2580
2581
2582
2583
2576
2577
2578
2579
2580
2581
2582
2583
2584
2585
2586
2587
2588
2589
2590
2591
2584
2585
2586
2587
2588
2589
2590
2591
2592
2593
2594
2595
2596
2597
2598
2599
2592
2593
2594
2595
2596
2597
2598
2599
2600
2601
2602
2603
2604
2605
2606
2607
2600
2601
2602
2603
2604
2605
2606
2607
2608
2609
2610
2611
2612
2613
2614
2615
2608
2609
2610
2611
2612
2613
2614
2615
2616
2617
2618
2619
2620
2621
2622
2623
2616
2617
2618
2619
2620
2621
2622
2623
2624
2625
2626
2627
2628
2629
2630
2631
2624
2625
2626
2627
2628
2629
2630
2631
2632
2633
2634
2635
2636
2637
2638
2639
2632
2633
2634
2635
2636
2637
2638
2639
2640
2641
2642
2643
2644
2645
2646
2647
2640
2641
2642
2643
2644
2645
2646
2647
2648
2649
2650
2651
2652
2653
2654
2655
2648
2649
2650
2651
2652
2653
2654
2655
2656
2657
2658
2659
2660
2661
2662
2663
2656
2657
2658
2659
2660
2661
2662
2663
2664
2665
2666
2667
2668
2669
2670
2671
2664
2665
2666
2667
2668
2669
2670
2671
2672
2673
2674
2675
2676
2677
2678
2679
2672
2673
2674
2675
2676
2677
2678
2679
2680
2681
2682
2683
2684
2685
2686
2687
2680
2681
2682
2683
2684
2685
2686
2687
2688
2689
2690
2691
2692
2693
2694
2695
2688
2689
2690
2691
2692
2693
2694
2695
2696
2697
2698
2699
2700
2701
2702
2703
2696
2697
2698
2699
2700
2701
2702
2703
2704
2705
2706
2707
2708
2709
2710
2711
2704
2705
2706
2707
2708
2709
2710
2711
2712
2713
2714
2715
2716
2717
2718
2719
2720
2721
2722
2723
2724
2725
2726
2727
2720
2721
2722
2723
2724
2725
2726
2727
2728
2729
2730
2731
2732
2733
2734
2735
2728
2729
2730
2731
2732
2733
2734
2735
2736
2737
2738
2739
2740
2741
2742
2743
2736
2737
2738
2739
2740
2741
2742
2743
2744
2745
2746
2747
2748
2749
2750
2751
2744
2745
2746
2747
2748
2749
2750
2751
2752
2753
2754
2755
2756
2757
2758
2759
2752
2753
2754
2755
2756
2757
2758
2759
2760
2761
2762
2763
2764
2765
2766
2767
2760
2761
2762
2763
2764
2765
2766
2767
2768
2769
2770
2771
2772
2773
2774
2775
2768
2769
2770
2771
2772
2773
2774
2775
2776
2777
2778
2779
2780
2781
2782
2783
2776
2777
2778
2779
2780
2781
2782
2783
2784
2785
2786
2787
2788
2789
2790
2791
2784
2785
2786
2787
2788
2789
2790
2791
2792
2793
2794
2795
2796
2797
2798
2799
2792
2793
2794
2795
2796
2797
2798
2799
2800
2801
2802
2803
2804
2805
2806
2807
2800
2801
2802
2803
2804
2805
2806
2807
2808
2809
2810
2811
2812
2813
2814
2815
2808
2809
2810
2811
2812
2813
2814
2815
2816
2817
2818
2819
2820
2821
2822
2823
2816
2817
2818
2819
2820
2821
2822
2823
2824
2825
2826
2827
2828
2829
2830
2831
2824
2825
2826
2827
2828
2829
2830
2831
2832
2833
2834
2835
2836
2837
2838
2839
2832
2833
2834
2835
2836
2837
2838
2839
2840
2841
2842
2843
2844
2845
2846
2847
2840
2841
2842
2843
2844
2845
2846
2847
2848
2849
2850
2851
2852
2853
2854
2855
2848
2849
2850
2851
2852
2853
2854
2855
2856
2857
2858
2859
2860
2861
2862
2863
2856
2857
2858
2859
2860
2861
2862
2863
2864
2865
2866
2867
2868
2869
2870
2871
2864
2865
2866
2867
2868
2869
2870
2871
2872
2873
2874
2875
2876
2877
2878
2879
2880
2881
2882
2883
2884
2885
2886
2887
2880
2881
2882
2883
2884
2885
2886
2887
2888
2889
2890
2891
2892
2893
2894
2895
2888
2889
2890
2891
2892
2893
2894
2895
2896
2897
2898
2899
2900
2901
2902
2903
2896
2897
2898
2899
2900
2901
2902
2903
2904
2905
2906
2907
2908
2909
2910
2911
2904
2905
2906
2907
2908
2909
2910
2911
2912
2913
2914
2915
2916
2917
2918
2919
2912
2913
2914
2915
2916
2917
2918
2919
2920
2921
2922
2923
2924
2925
2926
2927
2920
2921
2922
2923
2924
2925
2926
2927
2928
2929
2930
2931
2932
2933
2934
2935
2928
2929
2930
2931
2932
2933
2934
2935
2936
2937
2938
2939
2940
2941
2942
2943
2936
2937
2938
2939
2940
2941
2942
2943
2944
2945
2946
2947
2948
2949
2950
2951
2944
2945
2946
2947
2948
2949
2950
2951
2952
2953
2954
2955
2956
2957
2958
2959
2952
2953
2954
2955
2956
2957
2958
2959
2960
2961
2962
2963
2964
2965
2966
2967
2960
2961
2962
2963
2964
2965
2966
2967
2968
2969
2970
2971
2972
2973
2974
2975
2968
2969
2970
2971
2972
2973
2974
2975
2976
2977
2978
2979
2980
2981
2982
2983
2976
2977
2978
2979
2980
2981
2982
2983
2984
2985
2986
2987
2988
2989
2990
2991
2984
2985
2986
2987
2988
2989
2990
2991
2992
2993
2994
2995
2996
2997
2998
2999
2992
2993
2994
2995
2996
2997
2998
2999
3000
3001
3002
3003
3004
3005
3006
3007
3000
3001
3002
3003
3004
3005
3006
3007
3008
3009
3010
3011
3012
3013
3014
3015
3008
3009
3010
3011
3012
3013
3014
3015
3016
3017
3018
3019
3020
3021
3022
3023
3016
3017
3018
3019
3020
3021
3022
3023
3024
3025
3026
3027
3028
3029
3030
3031
3024
3025
3026
3027
3028
3029
3030
3031
3032
3033
3034
3035
3036
3037
3038
3039
3040
3041
3042
3043
3044
3045
3046
3047
3048
3049
3050
3051
3052
3053
3054
3055
3056
3057
3058
3059
3060
3061
3062
3063
3064
3065
3066
3067
3068
3069
3070
3071
3072
3073
3074
3075
3076
3077
3078
3079
3080
3081
3082
3083
3084
3085
3086
3087
3088
3089
3090
3091
3092
3093
3094
3095
3096
3097
3098
3099
3100
3101
3102
3103
3104
3105
3106
3107
3108
3109
3110
3111
3112
3113
3114
3115
3116
3117
3118
3119
3120
3121
3122
3123
3124
3125
3126
3127
3128
3129
3130
3131
3132
3133
3134
3135
3136
3137
3138
3139
3140
3141
3142
3143
3144
3145
3146
3147
3148
3149
3150
3151
3152
3153
3154
3155
3156
3157
3158
3159
3160
3161
3162
3163
3164
3165
3166
3167
3168
3169
3170
3171
3172
3173
3174
3175
3176
3177
3178
3179
3180
3181
3182
3183
3184
3185
3186
3187
3188
3189
3190
3191
0
1
2
3
4
5
6
7
0
1
2
3
4
5
6
7
8
9
10
11
12
13
14
15
16
17
18
19
20
21
22
23
24
25
26
27
28
29
30
31
32
33
34
35
36
37
38
39
40
41
42
43
44
45
46
47
48
49
50
51
52
53
54
55
56
57
58
59
60
61
62
63
64
65
66
67
68
69
70
71
72
73
74
75
76
77
78
79
80
81
82
83
84
85
86
87
88
89
90
91
92
93
94
95
96
97
98
99
100
101
102
103
104
105
106
107
108
109
110
111
112
113
114
115
116
117
118
119
120
121
122
123
124
125
126
127
128
129
130
131
132
133
134
135
136
137
138
139
140
141
142
143
144
145
146
147
148
149
150
151
152
153
154
155
156
157
158
159
152
153
154
155
156
157
158
159
160
161
162
163
164
165
166
167
312
313
314
315
316
317
318
319
320
321
322
323
324
325
326
327
472
473
474
475
476
477
478
479
480
481
482
483
484
485
486
487
632
633
634
635
636
637
638
639
640
641
642
643
644
645
646
647
792
793
794
795
796
797
798
799
800
801
802
803
804
805
806
807
952
953
954
955
956
957
958
959
960
961
962
963
964
965
966
967
1112
1113
1114
1115
1116
1117
1118
1119
1120
1121
1122
1123
1124
1125
1126
1127
1272
1273
1274
1275
1276
1277
1278
1279
1280
1281
1282
1283
1284
1285
1286
1287
1432
1433
1434
1435
1436
1437
1438
1439
1440
1441
1442
1443
1444
1445
1446
1447
1592
1593
1594
1595
1596
1597
1598
1599
1600
1601
1602
1603
1604
1605
1606
1607
1752
1753
1754
1755
1756
1757
1758
1759
1760
1761
1762
1763
1764
1765
1766
1767
1912
1913
1914
1915
1916
1917
1918
1919
1920
1921
1922
1923
1924
1925
1926
1927
2072
2073
2074
2075
2076
2077
2078
2079
2080
2081
2082
2083
2084
2085
2086
2087
2232
2233
2234
2235
2236
2237
2238
2239
2240
2241
2242
2243
2244
2245
2246
2247
2392
2393
2394
2395
2396
2397
2398
2399
2400
2401
2402
2403
2404
2405
2406
2407
2552
2553
2554
2555
2556
2557
2558
2559
2560
2561
2562
2563
2564
2565
2566
2567
2712
2713
2714
2715
2716
2717
2718
2719
2720
2721
2722
2723
2724
2725
2726
2727
2872
2873
2874
2875
2876
2877
2878
2879
2880
2881
2882
2883
2884
2885
2886
2887
3032
3033
3034
3035
3036
3037
3038
3039
3040
3041
3042
3043
3044
3045
3046
3047
3040
3041
3042
3043
3044
3045
3046
3047
3048
3049
3050
3051
3052
3053
3054
3055
3056
3057
3058
3059
3060
3061
3062
3063
3064
3065
3066
3067
3068
3069
3070
3071
3072
3073
3074
3075
3076
3077
3078
3079
3080
3081
3082
3083
3084
3085
3086
3087
3088
3089
3090
3091
3092
3093
3094
3095
3096
3097
3098
3099
3100
3101
3102
3103
3104
3105
3106
3107
3108
3109
3110
3111
3112
3113
3114
3115
3116
3117
3118
3119
3120
3121
3122
3123
3124
3125
3126
3127
3128
3129
3130
3131
3132
3133
3134
3135
3136
3137
3138
3139
3140
3141
3142
3143
3144
3145
3146
3147
3148
3149
3150
3151
3152
3153
3154
3155
3156
3157
3158
3159
3160
3161
3162
3163
3164
3165
3166
3167
3168
3169
3170
3171
3172
3173
3174
3175
3176
3177
3178
3179
3180
3181
3182
3183
3184
3185
3186
3187
3188
3189
3190
3191
3192
3193
3194
3195
3196
3197
3198
3199
3192
3193
3194
3195
3196
3197
3198
3199
8
9
10
11
12
13
14
15
160
161
162
163
164
165
166
167
16
17
18
19
20
21
22
23
168
169
170
171
172
173
174
175
24
25
26
27
28
29
30
31
176
177
178
179
180
181
182
183
32
33
34
35
36
37
38
39
184
185
186
187
188
189
190
191
40
41
42
43
44
45
46
47
192
193
194
195
196
197
198
199
48
49
50
51
52
53
54
55
200
201
202
203
204
205
206
207
56
57
58
59
60
61
62
63
208
209
210
211
212
213
214
215
64
65
66
67
68
69
70
71
216
217
218
219
220
221
222
223
72
73
74
75
76
77
78
79
224
225
226
227
228
229
230
231
80
81
82
83
84
85
86
87
232
233
234
235
236
237
238
239
88
89
90
91
92
93
94
95
240
241
242
243
244
245
246
247
96
97
98
99
100
101
102
103
248
249
250
251
252
253
254
255
104
105
106
107
108
109
110
111
256
257
258
259
260
261
262
263
112
113
114
115
116
117
118
119
264
265
266
267
268
269
270
271
120
121
122
123
124
125
126
127
272
273
274
275
276
277
278
279
128
129
130
131
132
133
134
135
280
281
282
283
284
285
286
287
136
137
138
139
140
141
142
143
288
289
290
291
292
293
294
295
144
145
146
147
148
149
150
151
296
297
298
299
300
301
302
303
152
153
154
155
156
157
158
159
304
305
306
307
308
309
310
311
312
313
314
315
316
317
318
319
168
169
170
171
172
173
174
175
320
321
322
323
324
325
326
327
176
177
178
179
180
181
182
183
328
329
330
331
332
333
334
335
184
185
186
187
188
189
190
191
336
337
338
339
340
341
342
343
192
193
194
195
196
197
198
199
344
345
346
347
348
349
350
351
200
201
202
203
204
205
206
207
352
353
354
355
356
357
358
359
208
209
210
211
212
213
214
215
360
361
362
363
364
365
366
367
216
217
218
219
220
221
222
223
368
369
370
371
372
373
374
375
224
225
226
227
228
229
230
231
376
377
378
379
380
381
382
383
232
233
234
235
236
237
238
239
384
385
386
387
388
389
390
391
240
241
242
243
244
245
246
247
392
393
394
395
396
397
398
399
248
249
250
251
252
253
254
255
400
401
402
403
404
405
406
407
256
257
258
259
260
261
262
263
408
409
410
411
412
413
414
415
264
265
266
267
268
269
270
271
416
417
418
419
420
421
422
423
272
273
274
275
276
277
278
279
424
425
426
427
428
429
430
431
280
281
282
283
284
285
286
287
432
433
434
435
436
437
438
439
288
289
290
291
292
293
294
295
440
441
442
443
444
445
446
447
296
297
298
299
300
301
302
303
448
449
450
451
452
453
454
455
304
305
306
307
308
309
310
311
456
457
458
459
460
461
462
463
312
313
314
315
316
317
318
319
464
465
466
467
468
469
470
471
472
473
474
475
476
477
478
479
328
329
330
331
332
333
334
335
480
481
482
483
484
485
486
487
336
337
338
339
340
341
342
343
488
489
490
491
492
493
494
495
344
345
346
347
348
349
350
351
496
497
498
499
500
501
502
503
352
353
354
355
356
357
358
359
504
505
506
507
508
509
510
511
360
361
362
363
364
365
366
367
512
513
514
515
516
517
518
519
368
369
370
371
372
373
374
375
520
521
522
523
524
525
526
527
376
377
378
379
380
381
382
383
528
529
530
531
532
533
534
535
384
385
386
387
388
389
390
391
536
537
538
539
540
541
542
543
392
393
394
395
396
397
398
399
544
545
546
547
548
549
550
551
400
401
402
403
404
405
406
407
552
553
554
555
556
557
558
559
408
409
410
411
412
413
414
415
560
561
562
563
564
565
566
567
416
417
418
419
420
421
422
423
568
569
570
571
572
573
574
575
424
425
426
427
428
429
430
431
576
577
578
579
580
581
582
583
432
433
434
435
436
437
438
439
584
585
586
587
588
589
590
591
440
441
442
443
444
445
446
447
592
593
594
595
596
597
598
599
448
449
450
451
452
453
454
455
600
601
602
603
604
605
606
607
456
457
458
459
460
461
462
463
608
609
610
611
612
613
614
615
464
465
466
467
468
469
470
471
616
617
618
619
620
621
622
623
472
473
474
475
476
477
478
479
624
625
626
627
628
629
630
631
632
633
634
635
636
637
638
639
488
489
490
491
492
493
494
495
640
641
642
643
644
645
646
647
496
497
498
499
500
501
502
503
648
649
650
651
652
653
654
655
504
505
506
507
508
509
510
511
656
657
658
659
660
661
662
663
512
513
514
515
516
517
518
519
664
665
666
667
668
669
670
671
520
521
522
523
524
525
526
527
672
673
674
675
676
677
678
679
528
529
530
531
532
533
534
535
680
681
682
683
684
685
686
687
536
537
538
539
540
541
542
543
688
689
690
691
692
693
694
695
544
545
546
547
548
549
550
551
696
697
698
699
700
701
702
703
552
553
554
555
556
557
558
559
704
705
706
707
708
709
710
711
560
561
562
563
564
565
566
567
712
713
714
715
716
717
718
719
568
569
570
571
572
573
574
575
720
721
722
723
724
725
726
727
576
577
578
579
580
581
582
583
728
729
730
731
732
733
734
735
584
585
586
587
588
589
590
591
736
737
738
739
740
741
742
743
592
593
594
595
596
597
598
599
744
745
746
747
748
749
750
751
600
601
602
603
604
605
606
607
752
753
754
755
756
757
758
759
608
609
610
611
612
613
614
615
760
761
762
763
764
765
766
767
616
617
618
619
620
621
622
623
768
769
770
771
772
773
774
775
624
625
626
627
628
629
630
631
776
777
778
779
780
781
782
783
632
633
634
635
636
637
638
639
784
785
786
787
788
789
790
791
792
793
794
795
796
797
798
799
648
649
650
651
652
653
654
655
800
801
802
803
804
805
806
807
656
657
658
659
660
661
662
663
808
809
810
811
812
813
814
815
664
665
666
667
668
669
670
671
816
817
818
819
820
821
822
823
672
673
674
675
676
677
678
679
824
825
826
827
828
829
830
831
680
681
682
683
684
685
686
687
832
833
834
835
836
837
838
839
688
689
690
691
692
693
694
695
840
841
842
843
844
845
846
847
696
697
698
699
700
701
702
703
848
849
850
851
852
853
854
855
704
705
706
707
708
709
710
711
856
857
858
859
860
861
862
863
712
713
714
715
716
717
718
719
864
865
866
867
868
869
870
871
720
721
722
723
724
725
726
727
872
873
874
875
876
877
878
879
728
729
730
731
732
733
734
735
880
881
882
883
884
885
886
887
736
737
738
739
740
741
742
743
888
889
890
891
892
893
894
895
744
745
746
747
748
749
750
751
896
897
898
899
900
901
902
903
752
753
754
755
756
757
758
759
904
905
906
907
908
909
910
911
760
761
762
763
764
765
766
767
912
913
914
915
916
917
918
919
768
769
770
771
772
773
774
775
920
921
922
923
924
925
926
927
776
777
778
779
780
781
782
783
928
929
930
931
932
933
934
935
784
785
786
787
788
789
790
791
936
937
938
939
940
941
942
943
792
793
794
795
796
797
798
799
944
945
946
947
948
949
950
951
952
953
954
955
956
957
958
959
808
809
810
811
812
813
814
815
960
961
962
963
964
965
966
967
816
817
818
819
820
821
822
823
968
969
970
971
972
973
974
975
824
825
826
827
828
829
830
831
976
977
978
979
980
981
982
983
832
833
834
835
836
837
838
839
984
985
986
987
988
989
990
991
840
841
842
843
844
845
846
847
992
993
994
995
996
997
998
999
848
849
850
851
852
853
854
855
1000
1001
1002
1003
1004
1005
1006
1007
856
857
858
859
860
861
862
863
1008
1009
1010
1011
1012
1013
1014
1015
864
865
866
867
868
869
870
871
1016
1017
1018
1019
1020
1021
1022
1023
872
873
874
875
876
877
878
879
1024
1025
1026
1027
1028
1029
1030
1031
880
881
882
883
884
885
886
887
1032
1033
1034
1035
1036
1037
1038
1039
888
889
890
891
892
893
894
895
1040
1041
1042
1043
1044
1045
1046
1047
896
897
898
899
900
901
902
903
1048
1049
1050
1051
1052
1053
1054
1055
904
905
906
907
908
909
910
911
1056
1057
1058
1059
1060
1061
1062
1063
912
913
914
915
916
917
918
919
1064
1065
1066
1067
1068
1069
1070
1071
920
921
922
923
924
925
926
927
1072
1073
1074
1075
1076
1077
1078
1079
928
929
930
931
932
933
934
935
1080
1081
1082
1083
1084
1085
1086
1087
936
937
938
939
940
941
942
943
1088
1089
1090
1091
1092
1093
1094
1095
944
945
946
947
948
949
950
951
1096
1097
1098
1099
1100
1101
1102
1103
952
953
954
955
956
957
958
959
1104
1105
1106
1107
1108
1109
1110
1111
1112
1113
1114
1115
1116
1117
1118
1119
968
969
970
971
972
973
974
975
1120
1121
1122
1123
1124
1125
1126
1127
976
977
978
979
980
981
982
983
1128
1129
1130
1131
1132
1133
1134
1135
984
985
986
987
988
989
990
991
1136
1137
1138
1139
1140
1141
1142
1143
992
993
994
995
996
997
998
999
1144
1145
1146
1147
1148
1149
1150
1151
1000
1001
1002
1003
1004
1005
1006
1007
1152
1153
1154
1155
1156
1157
1158
1159
1008
1009
1010
1011
1012
1013
1014
1015
1160
1161
1162
1163
1164
1165
1166
1167
1016
1017
1018
1019
1020
1021
1022
1023
1168
1169
1170
1171
1172
1173
1174
1175
1024
1025
1026
1027
1028
1029
1030
1031
1176
1177
1178
1179
1180
1181
1182
1183
1032
1033
1034
1035
1036
1037
1038
1039
1184
1185
1186
1187
1188
1189
1190
1191
1040
1041
1042
1043
1044
1045
1046
1047
1192
1193
1194
1195
1196
1197
1198
1199
1048
1049
1050
1051
1052
1053
1054
1055
1200
1201
1202
1203
1204
1205
1206
1207
1056
1057
1058
1059
1060
1061
1062
1063
1208
1209
1210
1211
1212
1213
1214
1215
1064
1065
1066
1067
1068
1069
1070
1071
1216
1217
1218
1219
1220
1221
1222
1223
1072
1073
1074
1075
1076
1077
1078
1079
1224
1225
1226
1227
1228
1229
1230
1231
1080
1081
1082
1083
1084
1085
1086
1087
1232
1233
1234
1235
1236
1237
1238
1239
1088
1089
1090
1091
1092
1093
1094
1095
1240
1241
1242
1243
1244
1245
1246
1247
1096
1097
1098
1099
1100
1101
1102
1103
1248
1249
1250
1251
1252
1253
1254
1255
1104
1105
1106
1107
1108
1109
1110
1111
1256
1257
1258
1259
1260
1261
1262
1263
1112
1113
1114
1115
1116
1117
1118
1119
1264
1265
1266
1267
1268
1269
1270
1271
1272
1273
1274
1275
1276
1277
1278
1279
1128
1129
1130
1131
1132
1133
1134
1135
1280
1281
1282
1283
1284
1285
1286
1287
1136
1137
1138
1139
1140
1141
1142
1143
1288
1289
1290
1291
1292
1293
1294
1295
1144
1145
1146
1147
1148
1149
1150
1151
1296
1297
1298
1299
1300
1301
1302
1303
1152
1153
1154
1155
1156
1157
1158
1159
1304
1305
1306
1307
1308
1309
1310
1311
1160
1161
1162
1163
1164
1165
1166
1167
1312
1313
1314
1315
1316
1317
1318
1319
1168
1169
1170
1171
1172
1173
1174
1175
1320
1321
1322
1323
1324
1325
1326
1327
1176
1177
1178
1179
1180
1181
1182
1183
1328
1329
1330
1331
1332
1333
1334
1335
1184
1185
1186
1187
1188
1189
1190
1191
1336
1337
1338
1339
1340
1341
1342
1343
1192
1193
1194
1195
1196
1197
1198
1199
1344
1345
1346
1347
1348
1349
1350
1351
1200
1201
1202
1203
1204
1205
1206
1207
1352
1353
1354
1355
1356
1357
1358
1359
1208
1209
1210
1211
1212
1213
1214
1215
1360
1361
1362
1363
1364
1365
1366
1367
1216
1217
1218
1219
1220
1221
1222
1223
1368
1369
1370
1371
1372
1373
1374
1375
1224
1225
1226
1227
1228
1229
1230
1231
1376
1377
1378
1379
1380
1381
1382
1383
1232
1233
1234
1235
1236
1237
1238
1239
1384
1385
1386
1387
1388
1389
1390
1391
1240
1241
1242
1243
1244
1245
1246
1247
1392
1393
1394
1395
1396
1397
1398
1399
1248
1249
1250
1251
1252
1253
1254
1255
1400
1401
1402
1403
1404
1405
1406
1407
1256
1257
1258
1259
1260
1261
1262
1263
1408
1409
1410
1411
1412
1413
1414
1415
1264
1265
1266
1267
1268
1269
1270
1271
1416
1417
1418
1419
1420
1421
1422
1423
1272
1273
1274
1275
1276
1277
1278
1279
1424
1425
1426
1427
1428
1429
1430
1431
1432
1433
1434
1435
1436
1437
1438
1439
1288
1289
1290
1291
1292
1293
1294
1295
1440
1441
1442
1443
1444
1445
1446
1447
1296
1297
1298
1299
1300
1301
1302
1303
1448
1449
1450
1451
1452
1453
1454
1455
1304
1305
1306
1307
1308
1309
1310
1311
1456
1457
1458
1459
1460
1461
1462
1463
1312
1313
1314
1315
1316
1317
1318
1319
1464
1465
1466
1467
1468
1469
1470
1471
1320
1321
1322
1323
1324
1325
1326
1327
1472
1473
1474
1475
1476
1477
1478
1479
1328
1329
1330
1331
1332
1333
1334
1335
1480
1481
1482
1483
1484
1485
1486
1487
1336
1337
1338
1339
1340
1341
1342
1343
1488
1489
1490
1491
1492
1493
1494
1495
1344
1345
1346
1347
1348
1349
1350
1351
1496
1497
1498
1499
1500
1501
1502
1503
1352
1353
1354
1355
1356
1357
1358
1359
1504
1505
1506
1507
1508
1509
1510
1511
1360
1361
1362
1363
1364
1365
1366
1367
1512
1513
1514
1515
1516
1517
1518
1519
1368
1369
1370
1371
1372
1373
1374
1375
1520
1521
1522
1523
1524
1525
1526
1527
1376
1377
1378
1379
1380
1381
1382
1383
1528
1529
1530
1531
1532
1533
1534
1535
1384
1385
1386
1387
1388
1389
1390
1391
1536
1537
1538
1539
1540
1541
1542
1543
1392
1393
1394
1395
1396
1397
1398
1399
1544
1545
1546
1547
1548
1549
1550
1551
1400
1401
1402
1403
1404
1405
1406
1407
1552
1553
1554
1555
1556
1557
1558
1559
1408
1409
1410
1411
1412
1413
1414
1415
1560
1561
1562
1563
1564
1565
1566
1567
1416
1417
1418
1419
1420
1421
1422
1423
1568
1569
1570
1571
1572
1573
1574
1575
1424
1425
1426
1427
1428
1429
1430
1431
1576
1577
1578
1579
1580
1581
1582
1583
1432
1433
1434
1435
1436
1437
1438
1439
1584
1585
1586
1587
1588
1589
1590
1591
1592
1593
1594
1595
1596
1597
1598
1599
1448
1449
1450
1451
1452
1453
1454
1455
1600
1601
1602
1603
1604
1605
1606
1607
1456
1457
1458
1459
1460
1461
1462
1463
1608
1609
1610
1611
1612
1613
1614
1615
1464
1465
1466
1467
1468
1469
1470
1471
1616
1617
1618
1619
1620
1621
1622
1623
1472
1473
1474
1475
1476
1477
1478
1479
1624
1625
1626
1627
1628
1629
1630
1631
1480
1481
1482
1483
1484
1485
1486
1487
1632
1633
1634
1635
1636
1637
1638
1639
1488
1489
1490
1491
1492
1493
1494
1495
1640
1641
1642
1643
1644
1645
1646
1647
1496
1497
1498
1499
1500
1501
1502
1503
1648
1649
1650
1651
1652
1653
1654
1655
1504
1505
1506
1507
1508
1509
1510
1511
1656
1657
1658
1659
1660
1661
1662
1663
1512
1513
1514
1515
1516
1517
1518
1519
1664
1665
1666
1667
1668
1669
1670
1671
1520
1521
1522
1523
1524
1525
1526
1527
1672
1673
1674
1675
1676
1677
1678
1679
1528
1529
1530
1531
1532
1533
1534
1535
1680
1681
1682
1683
1684
1685
1686
1687
1536
1537
1538
1539
1540
1541
1542
1543
1688
1689
1690
1691
1692
1693
1694
1695
1544
1545
1546
1547
1548
1549
1550
1551
1696
1697
1698
1699
1700
1701
1702
1703
1552
1553
1554
1555
1556
1557
1558
1559
1704
1705
1706
1707
1708
1709
1710
1711
1560
1561
1562
1563
1564
1565
1566
1567
1712
1713
1714
1715
1716
1717
1718
1719
1568
1569
1570
1571
1572
1573
1574
1575
1720
1721
1722
1723
1724
1725
1726
1727
1576
1577
1578
1579
1580
1581
1582
1583
1728
1729
1730
1731
1732
1733
1734
1735
1584
1585
1586
1587
1588
1589
1590
1591
1736
1737
1738
1739
1740
1741
1742
1743
1592
1593
1594
1595
1596
1597
1598
1599
1744
1745
1746
1747
1748
1749
1750
1751
1752
1753
1754
1755
1756
1757
1758
1759
1608
1609
1610
1611
1612
1613
1614
1615
1760
1761
1762
1763
1764
1765
1766
1767
1616
1617
1618
1619
1620
1621
1622
1623
1768
1769
1770
1771
1772
1773
1774
1775
1624
1625
1626
1627
1628
1629
1630
1631
1776
1777
1778
1779
1780
1781
1782
1783
1632
1633
1634
1635
1636
1637
1638
1639
1784
1785
1786
1787
1788
1789
1790
1791
1640
1641
1642
1643
1644
1645
1646
1647
1792
1793
1794
1795
1796
1797
1798
1799
1648
1649
1650
1651
1652
1653
1654
1655
1800
1801
1802
1803
1804
1805
1806
1807
1656
1657
1658
1659
1660
1661
1662
1663
1808
1809
1810
1811
1812
1813
1814
1815
1664
1665
1666
1667
1668
1669
1670
1671
1816
1817
1818
1819
1820
1821
1822
1823
1672
1673
1674
1675
1676
1677
1678
1679
1824
1825
1826
1827
1828
1829
1830
1831
1680
1681
1682
1683
1684
1685
1686
1687
1832
1833
1834
1835
1836
1837
1838
1839
1688
1689
1690
1691
1692
1693
1694
1695
1840
1841
1842
1843
1844
1845
1846
1847
1696
1697
1698
1699
1700
1701
1702
1703
1848
1849
1850
1851
1852
1853
1854
1855
1704
1705
1706
1707
1708
1709
1710
1711
1856
1857
1858
1859
1860
1861
1862
1863
1712
1713
1714
1715
1716
1717
1718
1719
1864
1865
1866
1867
1868
1869
1870
1871
1720
1721
1722
1723
1724
1725
1726
1727
1872
1873
1874
1875
1876
1877
1878
1879
1728
1729
1730
1731
1732
1733
1734
1735
1880
1881
1882
1883
1884
1885
1886
1887
1736
1737
1738
1739
1740
1741
1742
1743
1888
1889
1890
1891
1892
1893
1894
1895
1744
1745
1746
1747
1748
1749
1750
1751
1896
1897
1898
1899
1900
1901
1902
1903
1752
1753
1754
1755
1756
1757
1758
1759
1904
1905
1906
1907
1908
1909
1910
1911
1912
1913
1914
1915
1916
1917
1918
1919
1768
1769
1770
1771
1772
1773
1774
1775
1920
1921
1922
1923
1924
1925
1926
1927
1776
1777
1778
1779
1780
1781
1782
1783
1928
1929
1930
1931
1932
1933
1934
1935
1784
1785
1786
1787
1788
1789
1790
1791
1936
1937
1938
1939
1940
1941
1942
1943
1792
1793
1794
1795
1796
1797
1798
1799
1944
1945
1946
1947
1948
1949
1950
1951
1800
1801
1802
1803
1804
1805
1806
1807
1952
1953
1954
1955
1956
1957
1958
1959
1808
1809
1810
1811
1812
1813
1814
1815
1960
1961
1962
1963
1964
1965
1966
1967
1816
1817
1818
1819
1820
1821
1822
1823
1968
1969
1970
1971
1972
1973
1974
1975
1824
1825
1826
1827
1828
1829
1830
1831
1976
1977
1978
1979
1980
1981
1982
1983
1832
1833
1834
1835
1836
1837
1838
1839
1984
1985
1986
1987
1988
1989
1990
1991
1840
1841
1842
1843
1844
1845
1846
1847
1992
1993
1994
1995
1996
1997
1998
1999
1848
1849
1850
1851
1852
1853
1854
1855
2000
2001
2002
2003
2004
2005
2006
2007
1856
1857
1858
1859
1860
1861
1862
1863
2008
2009
2010
2011
2012
2013
2014
2015
1864
1865
1866
1867
1868
1869
1870
1871
2016
2017
2018
2019
2020
2021
2022
2023
1872
1873
1874
1875
1876
1877
1878
1879
2024
2025
2026
2027
2028
2029
2030
2031
1880
1881
1882
1883
1884
1885
1886
1887
2032
2033
2034
2035
2036
2037
2038
2039
1888
1889
1890
1891
1892
1893
1894
1895
2040
2041
2042
2043
2044
2045
2046
2047
1896
1897
1898
1899
1900
1901
1902
1903
2048
2049
2050
2051
2052
2053
2054
2055
1904
1905
1906
1907
1908
1909
1910
1911
2056
2057
2058
2059
2060
2061
2062
2063
1912
1913
1914
1915
1916
1917
1918
1919
2064
2065
2066
2067
2068
2069
2070
2071
2072
2073
2074
2075
2076
2077
2078
2079
1928
1929
1930
1931
1932
1933
1934
1935
2080
2081
2082
2083
2084
2085
2086
2087
1936
1937
1938
1939
1940
1941
1942
1943
2088
2089
2090
2091
2092
2093
2094
2095
1944
1945
1946
1947
1948
1949
1950
1951
2096
2097
2098
2099
2100
2101
2102
2103
1952
1953
1954
1955
1956
1957
1958
1959
2104
2105
2106
2107
2108
2109
2110
2111
1960
1961
1962
1963
1964
1965
1966
1967
2112
2113
2114
2115
2116
2117
2118
2119
1968
1969
1970
1971
1972
1973
1974
1975
2120
2121
2122
2123
2124
2125
2126
2127
1976
1977
1978
1979
1980
1981
1982
1983
2128
2129
2130
2131
2132
2133
2134
2135
1984
1985
1986
1987
1988
1989
1990
1991
2136
2137
2138
2139
2140
2141
2142
2143
1992
1993
1994
1995
1996
1997
1998
1999
2144
2145
2146
2147
2148
2149
2150
2151
2000
2001
2002
2003
2004
2005
2006
2007
2152
2153
2154
2155
2156
2157
2158
2159
2008
2009
2010
2011
2012
2013
2014
2015
2160
2161
2162
2163
2164
2165
2166
2167
2016
2017
2018
2019
2020
2021
2022
2023
2168
2169
2170
2171
2172
2173
2174
2175
2024
2025
2026
2027
2028
2029
2030
2031
2176
2177
2178
2179
2180
2181
2182
2183
2032
2033
2034
2035
2036
2037
2038
2039
2184
2185
2186
2187
2188
2189
2190
2191
2040
2041
2042
2043
2044
2045
2046
2047
2192
2193
2194
2195
2196
2197
2198
2199
2048
2049
2050
2051
2052
2053
2054
2055
2200
2201
2202
2203
2204
2205
2206
2207
2056
2057
2058
2059
2060
2061
2062
2063
2208
2209
2210
2211
2212
2213
2214
2215
2064
2065
2066
2067
2068
2069
2070
2071
2216
2217
2218
2219
2220
2221
2222
2223
2072
2073
2074
2075
2076
2077
2078
2079
2224
2225
2226
2227
2228
2229
2230
2231
2232
2233
2234
2235
2236
2237
2238
2239
2088
2089
2090
2091
2092
2093
2094
2095
2240
2241
2242
2243
2244
2245
2246
2247
2096
2097
2098
2099
2100
2101
2102
2103
2248
2249
2250
2251
2252
2253
2254
2255
2104
2105
2106
2107
2108
2109
2110
2111
2256
2257
2258
2259
2260
2261
2262
2263
2112
2113
2114
2115
2116
2117
2118
2119
2264
2265
2266
2267
2268
2269
2270
2271
2120
2121
2122
2123
2124
2125
2126
2127
2272
2273
2274
2275
2276
2277
2278
2279
2128
2129
2130
2131
2132
2133
2134
2135
2280
2281
2282
2283
2284
2285
2286
2287
2136
2137
2138
2139
2140
2141
2142
2143
2288
2289
2290
2291
2292
2293
2294
2295
2144
2145
2146
2147
2148
2149
2150
2151
2296
2297
2298
2299
2300
2301
2302
2303
2152
2153
2154
2155
2156
2157
2158
2159
2304
2305
2306
2307
2308
2309
2310
2311
2160
2161
2162
2163
2164
2165
2166
2167
2312
2313
2314
2315
2316
2317
2318
2319
2168
2169
2170
2171
2172
2173
2174
2175
2320
2321
2322
2323
2324
2325
2326
2327
2176
2177
2178
2179
2180
2181
2182
2183
2328
2329
2330
2331
2332
2333
2334
2335
2184
2185
2186
2187
2188
2189
2190
2191
2336
2337
2338
2339
2340
2341
2342
2343
2192
2193
2194
2195
2196
2197
2198
2199
2344
2345
2346
2347
2348
2349
2350
2351
2200
2201
2202
2203
2204
2205
2206
2207
2352
2353
2354
2355
2356
2357
2358
2359
2208
2209
2210
2211
2212
2213
2214
2215
2360
2361
2362
2363
2364
2365
2366
2367
2216
2217
2218
2219
2220
2221
2222
2223
2368
2369
2370
2371
2372
2373
2374
2375
2224
2225
2226
2227
2228
2229
2230
2231
2376
2377
2378
2379
2380
2381
2382
2383
2232
2233
2234
2235
2236
2237
2238
2239
2384
2385
2386
2387
2388
2389
2390
2391
2392
2393
2394
2395
2396
2397
2398
2399
2248
2249
2250
2251
2252
2253
2254
2255
2400
2401
2402
2403
2404
2405
2406
2407
2256
2257
2258
2259
2260
2261
2262
2263
2408
2409
2410
2411
2412
2413
2414
2415
2264
2265
2266
2267
2268
2269
2270
2271
2416
2417
2418
2419
2420
2421
2422
2423
2272
2273
2274
2275
2276
2277
2278
2279
2424
2425
2426
2427
2428
2429
2430
2431
2280
2281
2282
2283
2284
2285
2286
2287
2432
2433
2434
2435
2436
2437
2438
2439
2288
2289
2290
2291
2292
2293
2294
2295
2440
2441
2442
2443
2444
2445
2446
2447
2296
2297
2298
2299
2300
2301
2302
2303
2448
2449
2450
2451
2452
2453
2454
2455
2304
2305
2306
2307
2308
2309
2310
2311
2456
2457
2458
2459
2460
2461
2462
2463
2312
2313
2314
2315
2316
2317
2318
2319
2464
2465
2466
2467
2468
2469
2470
2471
2320
2321
2322
2323
2324
2325
2326
2327
2472
2473
2474
2475
2476
2477
2478
2479
2328
2329
2330
2331
2332
2333
2334
2335
2480
2481
2482
2483
2484
2485
2486
2487
2336
2337
2338
2339
2340
2341
2342
2343
2488
2489
2490
2491
2492
2493
2494
2495
2344
2345
2346
2347
2348
2349
2350
2351
2496
2497
2498
2499
2500
2501
2502
2503
2352
2353
2354
2355
2356
2357
2358
2359
2504
2505
2506
2507
2508
2509
2510
2511
2360
2361
2362
2363
2364
2365
2366
2367
2512
2513
2514
2515
2516
2517
2518
2519
2368
2369
2370
2371
2372
2373
2374
2375
2520
2521
2522
2523
2524
2525
2526
2527
2376
2377
2378
2379
2380
2381
2382
2383
2528
2529
2530
2531
2532
2533
2534
2535
2384
2385
2386
2387
2388
2389
2390
2391
2536
2537
2538
2539
2540
2541
2542
2543
2392
2393
2394
2395
2396
2397
2398
2399
2544
2545
2546
2547
2548
2549
2550
2551
2552
2553
2554
2555
2556
2557
2558
2559
2408
2409
2410
2411
2412
2413
2414
2415
2560
2561
2562
2563
2564
2565
2566
2567
2416
2417
2418
2419
2420
2421
2422
2423
2568
2569
2570
2571
2572
2573
2574
2575
2424
2425
2426
2427
2428
2429
2430
2431
2576
2577
2578
2579
2580
2581
2582
2583
2432
2433
2434
2435
2436
2437
2438
2439
2584
2585
2586
2587
2588
2589
2590
2591
2440
2441
2442
2443
2444
2445
2446
2447
2592
2593
2594
2595
2596
2597
2598
2599
2448
2449
2450
2451
2452
2453
2454
2455
2600
2601
2602
2603
2604
2605
2606
2607
2456
2457
2458
2459
2460
2461
2462
2463
2608
2609
2610
2611
2612
2613
2614
2615
2464
2465
2466
2467
2468
2469
2470
2471
2616
2617
2618
2619
2620
2621
2622
2623
2472
2473
2474
2475
2476
2477
2478
2479
2624
2625
2626
2627
2628
2629
2630
2631
2480
2481
2482
2483
2484
2485
2486
2487
2632
2633
2634
2635
2636
2637
2638
2639
2488
2489
2490
2491
2492
2493
2494
2495
2640
2641
2642
2643
2644
2645
2646
2647
2496
2497
2498
2499
2500
2501
2502
2503
2648
2649
2650
2651
2652
2653
2654
2655
2504
2505
2506
2507
2508
2509
2510
2511
2656
2657
2658
2659
2660
2661
2662
2663
2512
2513
2514
2515
2516
2517
2518
2519
2664
2665
2666
2667
2668
2669
2670
2671
2520
2521
2522
2523
2524
2525
2526
2527
2672
2673
2674
2675
2676
2677
2678
2679
2528
2529
2530
2531
2532
2533
2534
2535
2680
2681
2682
2683
2684
2685
2686
2687
2536
2537
2538
2539
2540
2541
2542
2543
2688
2689
2690
2691
2692
2693
2694
2695
2544
2545
2546
2547
2548
2549
2550
2551
2696
2697
2698
2699
2700
2701
2702
2703
2552
2553
2554
2555
2556
2557
2558
2559
2704
2705
2706
2707
2708
2709
2710
2711
2712
2713
2714
2715
2716
2717
2718
2719
2568
2569
2570
2571
2572
2573
2574
2575
2720
2721
2722
2723
2724
2725
2726
2727
2576
2577
2578
2579
2580
2581
2582
2583
2728
2729
2730
2731
2732
2733
2734
2735
2584
2585
2586
2587
2588
2589
2590
2591
2736
2737
2738
2739
2740
2741
2742
2743
2592
2593
2594
2595
2596
2597
2598
2599
2744
2745
2746
2747
2748
2749
2750
2751
2600
2601
2602
2603
2604
2605
2606
2607
2752
2753
2754
2755
2756
2757
2758
2759
2608
2609
2610
2611
2612
2613
2614
2615
2760
2761
2762
2763
2764
2765
2766
2767
2616
2617
2618
2619
2620
2621
2622
2623
2768
2769
2770
2771
2772
2773
2774
2775
2624
2625
2626
2627
2628
2629
2630
2631
2776
2777
2778
2779
2780
2781
2782
2783
2632
2633
2634
2635
2636
2637
2638
2639
2784
2785
2786
2787
2788
2789
2790
2791
2640
2641
2642
2643
2644
2645
2646
2647
2792
2793
2794
2795
2796
2797
2798
2799
2648
2649
2650
2651
2652
2653
2654
2655
2800
2801
2802
2803
2804
2805
2806
2807
2656
2657
2658
2659
2660
2661
2662
2663
2808
2809
2810
2811
2812
2813
2814
2815
2664
2665
2666
2667
2668
2669
2670
2671
2816
2817
2818
2819
2820
2821
2822
2823
2672
2673
2674
2675
2676
2677
2678
2679
2824
2825
2826
2827
2828
2829
2830
2831
2680
2681
2682
2683
2684
2685
2686
2687
2832
2833
2834
2835
2836
2837
2838
2839
2688
2689
2690
2691
2692
2693
2694
2695
2840
2841
2842
2843
2844
2845
2846
2847
2696
2697
2698
2699
2700
2701
2702
2703
2848
2849
2850
2851
2852
2853
2854
2855
2704
2705
2706
2707
2708
2709
2710
2711
2856
2857
2858
2859
2860
2861
2862
2863
2712
2713
2714
2715
2716
2717
2718
2719
2864
2865
2866
2867
2868
2869
2870
2871
2872
2873
2874
2875
2876
2877
2878
2879
2728
2729
2730
2731
2732
2733
2734
2735
2880
2881
2882
2883
2884
2885
2886
2887
2736
2737
2738
2739
2740
2741
2742
2743
2888
2889
2890
2891
2892
2893
2894
2895
2744
2745
2746
2747
2748
2749
2750
2751
2896
2897
2898
2899
2900
2901
2902
2903
2752
2753
2754
2755
2756
2757
2758
2759
2904
2905
2906
2907
2908
2909
2910
2911
2760
2761
2762
2763
2764
2765
2766
2767
2912
2913
2914
2915
2916
2917
2918
2919
2768
2769
2770
2771
2772
2773
2774
2775
2920
2921
2922
2923
2924
2925
2926
2927
2776
2777
2778
2779
2780
2781
2782
2783
2928
2929
2930
2931
2932
2933
2934
2935
2784
2785
2786
2787
2788
2789
2790
2791
2936
2937
2938
2939
2940
2941
2942
2943
2792
2793
2794
2795
2796
2797
2798
2799
2944
2945
2946
2947
2948
2949
2950
2951
2800
2801
2802
2803
2804
2805
2806
2807
2952
2953
2954
2955
2956
2957
2958
2959
2808
2809
2810
2811
2812
2813
2814
2815
2960
2961
2962
2963
2964
2965
2966
2967
2816
2817
2818
2819
2820
2821
2822
2823
2968
2969
2970
2971
2972
2973
2974
2975
2824
2825
2826
2827
2828
2829
2830
2831
2976
2977
2978
2979
2980
2981
2982
2983
2832
2833
2834
2835
2836
2837
2838
2839
2984
2985
2986
2987
2988
2989
2990
2991
2840
2841
2842
2843
2844
2845
2846
2847
2992
2993
2994
2995
2996
2997
2998
2999
2848
2849
2850
2851
2852
2853
2854
2855
3000
3001
3002
3003
3004
3005
3006
3007
2856
2857
2858
2859
2860
2861
2862
2863
3008
3009
3010
3011
3012
3013
3014
3015
2864
2865
2866
2867
2868
2869
2870
2871
3016
3017
3018
3019
3020
3021
3022
3023
2872
2873
2874
2875
2876
2877
2878
2879
3024
3025
3026
3027
3028
3029
3030
3031
3032
3033
3034
3035
3036
3037
3038
3039
2888
2889
2890
2891
2892
2893
2894
2895
3040
3041
3042
3043
3044
3045
3046
3047
2896
2897
2898
2899
2900
2901
2902
2903
3048
3049
3050
3051
3052
3053
3054
3055
2904
2905
2906
2907
2908
2909
2910
2911
3056
3057
3058
3059
3060
3061
3062
3063
2912
2913
2914
2915
2916
2917
2918
2919
3064
3065
3066
3067
3068
3069
3070
3071
2920
2921
2922
2923
2924
2925
2926
2927
3072
3073
3074
3075
3076
3077
3078
3079
2928
2929
2930
2931
2932
2933
2934
2935
3080
3081
3082
3083
3084
3085
3086
3087
2936
2937
2938
2939
2940
2941
2942
2943
3088
3089
3090
3091
3092
3093
3094
3095
2944
2945
2946
2947
2948
2949
2950
2951
3096
3097
3098
3099
3100
3101
3102
3103
2952
2953
2954
2955
2956
2957
2958
2959
3104
3105
3106
3107
3108
3109
3110
3111
2960
2961
2962
2963
2964
2965
2966
2967
3112
3113
3114
3115
3116
3117
3118
3119
2968
2969
2970
2971
2972
2973
2974
2975
3120
3121
3122
3123
3124
3125
3126
3127
2976
2977
2978
2979
2980
2981
2982
2983
3128
3129
3130
3131
3132
3133
3134
3135
2984
2985
2986
2987
2988
2989
2990
2991
3136
3137
3138
3139
3140
3141
3142
3143
2992
2993
2994
2995
2996
2997
2998
2999
3144
3145
3146
3147
3148
3149
3150
3151
3000
3001
3002
3003
3004
3005
3006
3007
3152
3153
3154
3155
3156
3157
3158
3159
3008
3009
3010
3011
3012
3013
3014
3015
3160
3161
3162
3163
3164
3165
3166
3167
3016
3017
3018
3019
3020
3021
3022
3023
3168
3169
3170
3171
3172
3173
3174
3175
3024
3025
3026
3027
3028
3029
3030
3031
3176
3177
3178
3179
3180
3181
3182
3183
3032
3033
3034
3035
3036
3037
3038
3039
3184
3185
3186
3187
3188
3189
3190
3191
3192
3193
3194
3195
3196
3197
3198
3199
3048
3049
3050
3051
3052
3053
3054
3055
3056
3057
3058
3059
3060
3061
3062
3063
3064
3065
3066
3067
3068
3069
3070
3071
3072
3073
3074
3075
3076
3077
3078
3079
3080
3081
3082
3083
3084
3085
3086
3087
3088
3089
3090
3091
3092
3093
3094
3095
3096
3097
3098
3099
3100
3101
3102
3103
3104
3105
3106
3107
3108
3109
3110
3111
3112
3113
3114
3115
3116
3117
3118
3119
3120
3121
3122
3123
3124
3125
3126
3127
3128
3129
3130
3131
3132
3133
3134
3135
3136
3137
3138
3139
3140
3141
3142
3143
3144
3145
3146
3147
3148
3149
3150
3151
3152
3153
3154
3155
3156
3157
3158
3159
3160
3161
3162
3163
3164
3165
3166
3167
3168
3169
3170
3171
3172
3173
3174
3175
3176
3177
3178
3179
3180
3181
3182
3183
3184
3185
3186
3187
3188
3189
3190
3191
3192
3193
3194
3195
3196
3197
3198
3199
)


// ************************************************************************* //
